"Time,s"	"LT MED. GASTRO,uV"	"RT MED. GASTRO,uV"	"LT LAT. GASTRO,uV"	"RT LAT. GASTRO,uV"	"LT SOLEUS,uV"	"RT SOLEUS,uV"	"LT TIB.ANT.,uV"	"RT TIB.ANT.,uV"	"2D GONIOMETER,deg"	"CN ANGLE,mV"	"CN TORQUE,mV"	"CN velocity,mV"	"CN DIRECTION,mV"	"Force Achilles machine,V"	"Trigger,mV"
28.2480	0.522371	25.4916	-0.285228	-17.5587	0.222814	-46.4227	0.465967	-303.75	1.40423	1649.47	-86.058	-264.594	4974.06	-0.000145967	-72.3344
28.2487	0.522371	26.3706	-0.285228	-18.7774	0.222814	-50.6909	0.465967	-73.0245	1.39141	1649.79	-86.2178	-263.52	4973.75	-0.000298575	-50.5016
28.2493	0.522371	27.9402	0.022518	-20.5829	0.222814	-56.1973	-0.155322	-1.32667	1.37366	1650.87	-85.5785	-261.844	4974.52	-0.000451137	-53.2452
28.2500	-0.0816205	27.3124	-0.285228	-20.5829	-0.0786402	-58.0153	-0.465967	10.2673	1.34309	1651.14	-85.8981	-261.844	4974.52	0.000159203	-56.4539
28.2507	-0.685612	24.2358	-0.893213	-17.8746	-0.0786402	-55.5914	-0.155322	52.0862	1.32436	1649.95	-88.0556	-262.902	4972.38	6.59448e-006	-54.1752
28.2513	-0.685612	17.8315	-0.585468	-11.1491	-0.393201	-47.661	-0.465967	32.2439	1.2997	1648.55	-89.8934	-263.065	4970.86	-0.000145967	-55.6866
28.2520	0.228537	7.15773	0.330264	-2.57286	-0.0786402	-32.6962	-0.155322	79.5425	1.28195	1647.95	-90.6126	-263.667	4970.25	0.000159203	-55.6866
28.2527	0.228537	-2.26033	0.022518	4.10755	-0.0786402	-17.4415	-0.155322	314.248	1.2573	1647.95	-91.4116	-263.829	4970.25	0.000159203	-55.6866
28.2533	0.228537	-8.09953	-0.585468	8.98245	0.222814	-7.98302	-0.465967	460.412	1.23265	1649.03	-91.092	-262.609	4971.31	0.000159203	-55.5471
28.2540	0.522371	-12.683	-0.285228	11.465	0.524268	-3.39871	0.155322	280.677	1.20898	1650.98	-89.2542	-260.461	4973.45	0.000159203	-55.082
28.2547	0.832529	-15.3828	-0.285228	11.7359	0.825722	0.263466	0.155322	-4.96059	1.19025	1652.54	-87.5762	-258.639	4975.43	0.000311811	-55.2448
28.2553	0.832529	-17.8315	0.022518	13.5865	0.825722	6.37588	-0.465967	-92.2324	1.16559	1653.57	-87.2565	-258.021	4975.74	0.000311811	-55.2448
28.2560	0.228537	-21.536	-0.285228	17.2427	0.524268	13.0679	-0.155322	-22.6688	1.14193	1654.22	-87.4164	-257.565	4975.59	-0.000145967	-55.2448
28.2567	-0.0816205	-24.8637	-0.585468	21.5308	-0.0786402	22.2365	1.06137	41.7036	1.12319	1653.3	-88.3752	-257.874	4975.28	0.000159203	-55.3843
28.2573	0.228537	-29.1332	0.022518	27.6244	0.222814	32.6171	1.37201	102.154	1.09854	1653.3	-88.6149	-258.476	4974.06	0.000159203	-54.9425
28.2580	-0.0816205	-33.4027	-0.285228	32.1833	-0.0786402	37.8074	0.776611	138.435	1.08079	1653.73	-88.2154	-258.184	4974.06	-0.000298575	-54.9425
28.2587	-0.0816205	-31.5819	-0.893213	30.3778	-0.0786402	34.1452	1.37201	133.59	1.05613	1653.46	-88.0556	-258.184	4974.52	-0.000145967	-54.9425
28.2593	0.522371	-22.7289	0.022518	23.3363	0.222814	19.4965	1.37201	211.69	1.03148	1654.05	-87.4164	-258.021	4974.37	0.000311811	-54.9425
28.2600	0.832529	-9.92036	0.330264	11.7359	0.222814	-0.948478	0.465967	259.624	1.01373	1654.38	-87.4164	-258.184	4973.6	0.000159203	-55.082
28.2607	0.832529	8.41347	-0.285228	-7.4929	-0.0786402	-16.2295	-0.155322	143.338	0.989077	1654.49	-87.0967	-258.639	4973.75	-0.000451137	-55.082
28.2613	0.832529	30.075	-0.893213	-27.9404	-0.0786402	-24.1598	-0.750724	87.7909	0.958507	1655.89	-85.2589	-257.256	4975.43	-0.000908915	-54.9425
28.2620	0.832529	45.3323	-0.893213	-40.4436	-0.393201	-32.6962	-1.37201	14.8818	0.939771	1656.97	-83.9005	-255.287	4977.11	-0.000451137	-55.3843
28.2627	0.522371	53.2434	-0.585468	-45.3185	-0.694655	-45.2108	-0.750724	-247.28	0.916104	1656.65	-83.7407	-255.125	4977.42	6.59448e-006	-55.8493
28.2633	0.832529	54.7503	-0.285228	-44.6866	-0.0786402	-56.1973	0.155322	-506.384	0.897368	1656.05	-84.38	-256.508	4975.59	6.59448e-006	-55.5471
28.2640	1.43652	49.6018	-0.285228	-38.5929	0.222814	-60.7816	-0.155322	-572.314	0.872715	1655.73	-85.179	-257.728	4973.3	-0.000145967	-54.9425
28.2647	1.74668	38.614	-0.585468	-29.1591	0.222814	-61.0715	-0.465967	-315.055	0.848062	1654.81	-85.0192	-258.184	4972.38	-0.00106152	-55.3843
28.2653	1.43652	27.6263	0.022518	-19.3642	0.825722	-55.8812	-0.465967	63.9686	0.830312	1653.73	-85.0192	-258.476	4972.23	-0.00121409	-55.8493
28.2660	0.832529	17.8315	0.330264	-10.8331	0.825722	-46.1329	-0.750724	384.1	0.811576	1653.3	-85.179	-258.33	4972.69	-0.000145967	-55.5471
28.2667	0.522371	5.3369	0.330264	-0.767345	0.222814	-32.38	-0.465967	671.93	0.793826	1654.65	-83.7407	-256.963	4973.3	0.000311811	-54.9425
28.2673	0.228537	-7.15773	0.330264	7.76372	-0.0786402	-18.3636	0.155322	776.91	0.763256	1655.73	-82.8617	-256.198	4973.3	-0.000298575	-55.082
28.2680	-0.0816205	-14.5038	0.330264	11.465	-0.0786402	-3.71487	0.776611	698.175	0.738603	1655.13	-83.501	-256.345	4972.99	6.59448e-006	-55.9888
28.2687	-0.391778	-18.4594	0.630503	13.2706	0.222814	14.3062	1.06137	528.188	0.72677	1655.3	-83.5809	-256.198	4973.14	0.000464373	-55.5471
28.2693	-0.391778	-19.9663	0.630503	12.6838	0.222814	30.7728	0.776611	247.741	0.702117	1656.21	-82.8617	-255.58	4973.6	0.000311811	-54.7798
28.2700	-0.391778	-19.4012	-0.285228	9.29841	-0.0786402	42.6815	0.776611	-69.9674	0.677464	1656.48	-82.5421	-254.978	4973.45	6.59448e-006	-55.082
28.2707	-0.0816205	-19.9663	-0.285228	7.76372	0.524268	53.9842	1.37201	-239.954	0.659714	1656.05	-83.3412	-255.434	4972.84	-0.000145967	-55.2448
28.2713	0.522371	-21.8499	0.630503	7.4929	0.524268	68.3168	0.776611	-280.562	0.640977	1655.73	-83.7407	-255.58	4972.38	0.000159203	-54.7798
28.2720	0.832529	-21.8499	0.630503	8.39565	0.222814	78.9872	0.465967	-354.682	0.622241	1655.57	-84.0603	-255.889	4971.62	0.000159203	-54.617
28.2727	0.228537	-22.7289	0.330264	11.7359	-0.393201	82.9655	1.06137	-333.34	0.604491	1654.81	-85.2589	-256.654	4970.55	6.59448e-006	-55.5471
28.2733	0.228537	-23.3568	0.330264	13.2706	-0.0786402	81.7535	1.06137	-173.448	0.585755	1654.97	-85.0192	-255.434	4971.62	0.000311811	-55.8493
28.2740	0.522371	-20.2802	0.630503	11.465	0.524268	73.7969	0.465967	-171.89	0.568004	1657.24	-82.7019	-253.595	4973.45	0.000311811	-55.082
28.2747	-0.0816205	-18.4594	0.630503	9.61438	0.825722	65.2606	0.776611	-315.921	0.549268	1659.72	-80.5445	-251.919	4974.98	0.000311811	-54.7798
28.2753	-0.0816205	-18.1455	0.330264	9.61438	0.524268	62.5205	1.06137	-328.149	0.524615	1661.07	-79.8253	-250.553	4976.35	0.000159203	-54.617
28.2760	0.228537	-12.0551	0.330264	5.95821	0.222814	57.9362	0.465967	-186.253	0.500948	1661.23	-79.8253	-250.243	4976.2	6.59448e-006	-54.617
28.2767	-0.0816205	0.43951	0.630503	-4.10755	0.222814	43.6036	-0.465967	-87.964	0.482212	1660.75	-80.3847	-251.155	4974.98	0.000159203	-54.9425
28.2773	-0.391778	8.41347	0.630503	-9.93034	0.524268	28.6388	-0.465967	-144.146	0.464462	1659.83	-80.8641	-251.919	4974.21	-0.000145967	-54.7798
28.2780	-0.391778	6.52986	0.330264	-6.27417	0.524268	19.7863	0.465967	-241.8	0.445726	1659.99	-80.7043	-251.61	4974.21	-0.000145967	-54.4775
28.2787	-0.391778	4.39509	0.330264	-4.42352	0.222814	12.7781	0.465967	-277.216	0.426989	1660.75	-80.5445	-251.317	4974.37	0.000311811	-54.4775
28.2793	-0.685612	8.09953	0.330264	-9.29841	0.222814	2.39754	-0.155322	-284.83	0.415156	1660.64	-80.7043	-251.155	4973.91	0.000159203	-54.4775
28.2800	-0.391778	11.7412	0.330264	-11.7359	0.222814	-8.27284	0.465967	-257.028	0.390503	1660.15	-81.6632	-251.464	4973.6	-0.000451137	-54.617
28.2807	-0.685612	11.4272	0.330264	-10.2012	-0.0786402	-16.8355	0.155322	-184.119	0.366836	1661.07	-81.9029	-251.155	4974.06	-0.000451137	-54.7798
28.2813	-0.685612	6.84379	0.022518	-5.95821	-0.393201	-18.6534	-0.465967	-101.692	0.3481	1662.42	-80.2249	-249.023	4975.74	-0.000451137	-55.082
28.2820	-0.0816205	-0.43951	0.022518	0.767345	-0.393201	-11.0392	-0.750724	17.5928	0.329364	1663.34	-78.7067	-247.494	4977.57	0.000464373	-55.3843
28.2827	-0.0816205	-5.65084	0.022518	6.27417	-0.393201	-0.342506	-0.465967	134.513	0.311614	1663.82	-79.0263	-247.494	4977.11	0.000922151	-54.7798
28.2833	-0.99577	-7.47166	0.022518	7.76372	-0.0786402	7.58783	-0.750724	153.432	0.292877	1663.34	-79.9852	-248.112	4975.43	6.59448e-006	-54.1752
28.2840	-1.30593	-11.1133	0.022518	9.29841	0.222814	13.0679	-1.06137	112.19	0.268224	1662.31	-81.3436	-249.332	4974.06	-0.000298575	-54.4775
28.2847	-1.30593	-17.5804	-0.285228	13.9025	-0.0786402	17.9684	-0.465967	26.7641	0.250474	1661.5	-82.7019	-250.097	4973.3	6.59448e-006	-54.617
28.2853	-1.30593	-21.536	0.022518	18.1454	0.222814	21.9204	1.06137	-69.9674	0.231738	1661.07	-83.5809	-250.39	4972.53	-0.000298575	-54.617
28.2860	-0.685612	-21.536	0.330264	20.5829	0.222814	21.0246	0.465967	-76.37	0.213988	1660.91	-83.9005	-251.008	4972.23	-0.000603745	-55.082
28.2867	-0.0816205	-20.9081	0.330264	21.2148	0.222814	16.4403	-1.06137	-43.434	0.195252	1661.23	-83.7407	-250.553	4972.53	-0.000298575	-55.2448
28.2873	-0.391778	-17.8315	0.022518	19.0933	-0.0786402	9.40574	-1.06137	-42.5111	0.170599	1661.99	-83.7407	-249.641	4972.99	6.59448e-006	-54.7798
28.2880	-0.99577	-12.3691	0.022518	15.708	-0.0786402	3.31967	-1.68266	-40.3769	0.146932	1662.58	-83.5809	-248.877	4973.45	-0.000145967	-54.4775
28.2887	-1.59976	-6.59264	0.022518	12.6838	0.222814	-0.658665	-2.27806	-25.0914	0.134112	1663.07	-83.501	-248.258	4973.6	-0.000145967	-54.3148
28.2893	-1.90992	2.88821	-0.285228	5.32628	0.222814	-7.66687	-1.68266	-31.494	0.110445	1662.91	-83.9005	-248.112	4973.75	-0.000145967	-54.9425
28.2900	-1.30593	14.1899	-0.285228	-6.545	0.524268	-17.7313	-1.37201	-35.474	0.091709	1662.74	-84.38	-248.258	4973.6	0.000311811	-55.082
28.2907	-0.685612	20.9081	0.330264	-14.1733	0.222814	-27.822	-1.37201	-20.823	0.0729728	1663.07	-85.0192	-248.714	4972.08	6.59448e-006	-54.617
28.2913	-0.99577	20.2802	0.022518	-14.1733	0.524268	-36.3583	-1.37201	19.1502	0.0552227	1661.99	-86.3776	-249.332	4971.47	-0.000298575	-55.082
28.2920	-0.99577	19.9663	0.022518	-16.024	0.825722	-44.8946	-1.06137	82.9457	0.0364864	1661.07	-86.857	-249.788	4971.77	0.000159203	-55.082
28.2927	-1.30593	23.9847	0.022518	-21.8016	-0.0786402	-52.825	-0.465967	177.543	0.0128195	1661.66	-86.3776	-249.332	4971.31	6.59448e-006	-54.7798
28.2933	-0.99577	23.0429	-0.285228	-19.9961	-0.393201	-54.0633	0.155322	339.57	-0.00591671	1662.31	-85.8981	-248.421	4971.77	-0.000145967	-55.082
28.2940	-0.391778	12.9969	0.022518	-9.29841	0.524268	-47.0287	-0.155322	288.291	-0.024653	1664.15	-84.5398	-247.347	4973.45	0.000464373	-54.617
28.2947	-0.391778	4.70903	0.022518	-1.08331	0.825722	-38.4924	0.465967	-34.5511	-0.0483198	1666.25	-82.8617	-245.818	4974.67	0.000311811	-54.1752
28.2953	-0.99577	1.69525	0.022518	1.6701	0.825722	-32.38	1.06137	-115.42	-0.0670561	1666.85	-82.0627	-244.597	4975.74	6.59448e-006	-54.4775
28.2960	-1.59976	0.753445	0.330264	1.98607	1.14028	-28.7178	1.06137	80.177	-0.091709	1667.49	-81.6632	-244.451	4976.04	0.000311811	-54.0125
28.2967	-0.685612	-0.753445	0.330264	1.35414	1.14028	-24.4497	1.37201	149.452	-0.109459	1667.49	-81.9029	-244.744	4975.59	0.000769543	-53.5475
28.2973	-0.0816205	-2.26033	0.330264	0.767345	0.524268	-15.3074	0.776611	164.103	-0.128195	1666.58	-83.1814	-245.216	4974.82	0.000159203	-54.617
28.2980	-0.391778	0.43951	0.330264	-1.35414	0.524268	-8.27284	-1.06137	218.439	-0.145946	1666.41	-83.5809	-245.509	4974.06	-0.000145967	-54.9425
28.2987	-0.685612	3.20214	-0.285228	-3.83672	-0.0786402	-8.27284	-1.37201	185.445	-0.170599	1666.85	-83.1814	-245.362	4973.91	0.000159203	-54.1752
28.2993	-0.99577	1.38132	-0.285228	-1.98607	-0.393201	-6.13876	-1.37201	175.063	-0.189335	1667.01	-82.8617	-245.216	4973.91	-0.000145967	-54.0125
28.3000	-1.30593	-1.38132	0.330264	0.135414	-0.0786402	-3.71487	-1.68266	232.167	-0.207085	1666.85	-83.0216	-244.907	4973.75	-0.000451137	-54.3148
28.3007	-0.685612	-1.38132	0.022518	0.767345	0.524268	-5.84895	-1.06137	278.831	-0.237655	1667.49	-82.5421	-243.995	4974.37	-0.000145967	-54.4775
28.3013	0.228537	-1.38132	0.330264	2.30203	0.222814	-5.53279	-0.465967	331.956	-0.250474	1669.01	-80.7043	-242.303	4975.89	6.59448e-006	-54.4775
28.3020	0.228537	-4.14395	0.630503	5.64224	0.222814	-2.79274	-0.750724	319.439	-0.268224	1670.25	-79.0263	-241.392	4977.11	-0.000451137	-54.3148
28.3027	-0.0816205	-8.09953	0.630503	8.98245	-0.0786402	-0.658665	-0.465967	237.012	-0.286961	1670.52	-78.467	-240.937	4976.96	-0.000451137	-54.3148
28.3033	-0.0816205	-9.60642	0.630503	9.61438	-0.393201	-1.87061	-0.155322	132.955	-0.311614	1669.76	-79.0263	-241.539	4975.28	-0.000298575	-54.0125
28.3040	-0.0816205	-8.97855	0.330264	7.4929	-0.694655	-0.342506	-0.155322	-66.9103	-0.329364	1667.93	-80.5445	-243.377	4973.45	-0.000298575	-54.3148
28.3047	-0.0816205	-6.59264	0.022518	3.83672	-0.393201	4.84778	-0.465967	-183.83	-0.341197	1666.74	-81.1837	-244.288	4972.23	-0.000451137	-54.4775
28.3053	-0.391778	-0.43951	0.330264	-1.35414	-0.0786402	5.74356	-0.465967	-33.9743	-0.354017	1667.01	-81.1837	-243.995	4972.23	-0.000451137	-54.617
28.3060	-0.391778	7.15773	0.630503	-7.4929	-0.0786402	3.92565	-0.155322	96.9623	-0.37867	1667.33	-80.8641	-243.524	4972.84	-0.000298575	-54.7798
28.3067	-0.0816205	10.8622	0.022518	-12.0518	-0.393201	4.53162	0.776611	52.0862	-0.402336	1667.33	-80.2249	-243.524	4972.99	-0.000298575	-54.7798
28.3073	-0.0816205	9.60642	-0.285228	-11.7359	-0.393201	6.66569	1.06137	-1.90348	-0.415156	1667.33	-79.9852	-242.922	4972.69	6.59448e-006	-54.9425
28.3080	-0.685612	5.96477	0.630503	-7.76372	0.222814	9.7219	0.465967	-141.377	-0.432906	1667.49	-79.9852	-242.466	4972.84	0.000311811	-55.3843
28.3087	-0.685612	0.43951	0.630503	-1.35414	0.222814	10.9338	0.776611	-503.962	-0.451642	1668.41	-79.6655	-241.848	4972.69	0.000159203	-54.7798
28.3093	-0.0816205	-5.3369	0.022518	5.32628	0.222814	10.3279	1.37201	-820.401	-0.469393	1669.44	-78.5469	-240.79	4973.14	0.000159203	-54.3148
28.3100	0.832529	-12.9969	0.330264	12.3678	0.222814	13.9901	1.37201	-778.294	-0.488129	1669.33	-78.1473	-240.481	4973.91	0.000159203	-54.7798
28.3107	0.832529	-21.8499	0.330264	21.5308	0.524268	22.5527	1.37201	-478.293	-0.499962	1668.57	-78.7067	-241.083	4973.14	0.000464373	-54.7798
28.3113	-0.0816205	-25.8055	0.330264	28.2112	0.222814	26.5047	0.776611	-203.038	-0.518699	1668.09	-79.5057	-242.157	4971.16	6.59448e-006	-54.1752
28.3120	-0.0816205	-22.7289	0.330264	26.4057	-0.0786402	21.0246	0.465967	-94.3666	-0.537435	1667.49	-80.5445	-242.775	4969.94	-0.000603745	-54.4775
28.3127	-0.391778	-14.8177	-0.285228	17.8746	-0.0786402	7.90399	0.776611	-65.9874	-0.555185	1667.17	-80.8641	-242.612	4970.86	-0.000145967	-54.617
28.3133	-0.685612	-1.06738	0.022518	4.10755	0.222814	-7.06089	0.776611	20.6499	-0.573921	1668.68	-79.3459	-241.083	4972.08	0.000159203	-54.1752
28.3140	-0.391778	14.1899	0.330264	-9.93034	0.524268	-18.3636	0.465967	176.274	-0.591671	1671	-77.3483	-239.098	4974.21	0.000311811	-54.1752
28.3147	0.228537	18.7733	0.022518	-12.6838	0.524268	-25.0556	0.465967	133.878	-0.610408	1671.92	-76.7889	-238.04	4975.74	6.59448e-006	-54.3148
28.3153	0.228537	18.4594	0.330264	-9.61438	0.222814	-31.4842	0.465967	-67.8332	-0.628158	1672.51	-76.4693	-237.422	4975.43	-0.000298575	-54.4775
28.3160	-0.685612	23.0429	0.630503	-12.6838	0.524268	-40.3367	0.155322	-42.2227	-0.646894	1673	-76.7889	-237.276	4974.98	0.000159203	-54.3148
28.3167	-0.99577	31.5819	0.330264	-19.9961	1.14028	-51.007	-0.155322	-105.961	-0.658727	1672.35	-77.3483	-237.878	4974.21	0.000311811	-54.0125
28.3173	-0.99577	37.3583	-0.285228	-24.871	1.14028	-60.7816	-0.155322	-341.589	-0.68338	1671.92	-77.1885	-237.422	4973.91	6.59448e-006	-54.3148
28.3180	-0.685612	33.0888	-0.285228	-20.5829	0.825722	-63.5217	-0.465967	-348.626	-0.702117	1672.35	-77.3483	-236.967	4974.37	0.000159203	-54.0125
28.3187	-0.391778	18.1455	-0.285228	-8.07969	-0.0786402	-56.1973	-1.06137	-290.945	-0.71395	1672.51	-77.8277	-236.967	4974.37	0.000159203	-53.873
28.3193	0.228537	6.84379	-0.285228	1.98607	0.222814	-49.4789	-0.750724	-160.296	-0.732686	1672.35	-77.9875	-236.967	4973.75	-0.000145967	-54.3148
28.3200	-0.0816205	7.15773	-0.285228	-0.135414	0.524268	-51.613	0.155322	224.207	-0.756353	1672.35	-78.3072	-236.365	4973.91	6.59448e-006	-54.3148
28.3207	-0.391778	11.1133	-0.285228	-6.86097	-0.0786402	-53.7471	0.155322	616.671	-0.769173	1673.27	-78.1473	-235.144	4974.37	0.000159203	-54.1752
28.3213	0.522371	12.9969	-0.285228	-10.8331	-0.393201	-51.3232	0.776611	845.839	-0.786923	1674.78	-76.8689	-233.452	4975.74	6.59448e-006	-53.873
28.3220	0.832529	15.6968	-0.285228	-15.392	-0.0786402	-47.3449	1.06137	872.718	-0.805659	1676.51	-75.8301	-232.232	4976.5	6.59448e-006	-53.1057
28.3227	0.832529	16.0107	0.022518	-18.4614	-0.393201	-36.9643	1.37201	559.912	-0.823409	1676.51	-76.1497	-232.085	4976.65	-0.000145967	-53.408
28.3233	0.832529	10.2343	0.022518	-15.708	-0.393201	-18.6534	0.465967	131.456	-0.836229	1674.35	-77.9875	-232.996	4976.04	-0.000451137	-54.617
28.3240	0.228537	2.26033	0.022518	-9.29841	-0.0786402	5.45375	-0.155322	2.01885	-0.853979	1673.11	-79.9852	-234.379	4973.6	-0.000451137	-54.4775
28.3247	-0.391778	-6.84379	0.630503	-1.08331	-0.0786402	31.695	1.06137	11.8247	-0.872715	1673.11	-80.7043	-234.981	4971.92	-0.000298575	-54.3148
28.3253	0.228537	-15.3828	0.330264	6.86097	-0.0786402	50.928	1.68266	-77.293	-0.897368	1673	-80.5445	-234.835	4971.92	-0.000298575	-54.1752
28.3260	0.522371	-22.101	-0.285228	14.4893	-0.393201	57.9362	1.06137	-108.729	-0.909202	1673.43	-79.8253	-234.379	4972.53	-0.000145967	-53.408
28.3267	-0.0816205	-25.4916	-0.285228	21.2148	0.222814	57.0141	0.465967	-120.612	-0.921035	1674.19	-79.0263	-233.452	4973.6	-0.000298575	-53.7102
28.3273	0.228537	-25.1776	0.022518	22.4336	0.222814	55.1962	1.06137	-218.901	-0.951605	1674.51	-79.0263	-232.996	4973.75	-0.000451137	-54.1752
28.3280	0.228537	-21.536	0.022518	17.2427	0.222814	53.9842	1.37201	-308.018	-0.970341	1674.51	-78.8665	-232.85	4973.45	6.59448e-006	-54.1752
28.3287	-0.391778	-15.3828	0.330264	8.98245	0.222814	51.2178	1.37201	-326.015	-0.976258	1674.67	-78.7067	-232.541	4974.06	0.000159203	-54.3148
28.3293	-0.391778	-8.09953	0.022518	1.98607	0.222814	47.5556	1.68266	-229.283	-0.994994	1675.1	-78.467	-232.085	4974.21	-0.000298575	-54.1752
28.3300	-0.0816205	-3.20214	-0.285228	-2.57286	0.524268	44.8156	1.06137	-77.9274	-1.01866	1675.43	-78.467	-231.776	4973.75	-0.000145967	-54.0125
28.3307	0.522371	0.43951	-0.585468	-7.4929	0.222814	44.5258	1.06137	11.4786	-1.0374	1674.78	-78.8665	-231.776	4973.45	0.000311811	-54.1752
28.3313	0.228537	4.70903	-0.893213	-12.6838	-0.393201	44.8156	1.68266	34.7241	-1.04923	1673.59	-80.145	-232.996	4971.92	0.000159203	-54.3148
28.3320	-0.0816205	8.09953	-0.285228	-16.024	-0.0786402	42.0755	1.9933	48.7407	-1.06797	1672.68	-81.1837	-234.672	4969.48	-0.000451137	-54.3148
28.3327	-0.0816205	8.09953	-0.285228	-15.1212	0.222814	34.1452	1.68266	95.4049	-1.0867	1672.68	-80.7043	-234.07	4969.94	-0.000145967	-54.4775
28.3333	-0.0816205	2.88821	-0.585468	-8.07969	0.524268	27.1107	1.9933	127.764	-1.11037	1674.19	-78.7067	-232.232	4972.23	0.000464373	-54.3148
28.3340	0.228537	-5.65084	-0.285228	1.35414	0.222814	27.1107	2.5887	64.3147	-1.12911	1676.94	-76.4693	-230.1	4974.52	0.000159203	-53.7102
28.3347	-0.391778	-15.6968	-0.285228	10.5171	-0.393201	31.089	1.9933	-89.5214	-1.14686	1678.18	-74.7913	-228.424	4975.89	-0.000298575	-53.873
28.3353	-0.685612	-20.2802	-0.585468	14.4893	-0.0786402	29.2447	1.06137	-221.958	-1.16559	1678.18	-74.1521	-228.115	4976.2	6.59448e-006	-53.873
28.3360	-0.0816205	-15.6968	-0.285228	10.8331	0.222814	22.5527	1.68266	-224.726	-1.17743	1678.29	-73.9923	-228.115	4975.13	0.000159203	-53.5475
28.3367	-0.0816205	-10.8622	0.022518	8.39565	0.222814	20.3923	1.06137	-90.0982	-1.19616	1678.29	-74.1521	-227.806	4974.52	-0.000298575	-53.873
28.3373	-0.0816205	-10.8622	0.022518	10.8331	0.825722	26.5047	-0.465967	120.15	-1.22082	1678.02	-74.7913	-227.66	4974.52	-0.000145967	-54.0125
28.3380	-0.685612	-12.9969	-0.285228	14.1733	0.222814	35.9631	-1.06137	331.61	-1.23857	1677.7	-74.9511	-227.513	4974.21	0.000311811	-54.0125
28.3387	-0.391778	-13.8759	-0.285228	15.392	-0.393201	39.6253	-0.750724	477.486	-1.2573	1678.29	-74.6315	-227.058	4973.75	6.59448e-006	-53.873
28.3393	-0.0816205	-12.9969	-0.585468	13.9025	-0.0786402	36.5691	-0.465967	479.966	-1.26913	1679.1	-74.6315	-226.439	4973.75	-0.000145967	-53.408
28.3400	-0.0816205	-10.5482	-0.585468	10.2012	0.222814	30.1669	0.465967	364.892	-1.28787	1678.29	-75.5105	-225.837	4974.21	0.000616981	-54.0125
28.3407	-0.685612	-8.97855	-0.285228	8.07969	0.222814	21.9204	1.06137	281.6	-1.31252	1678.45	-75.6703	-224.454	4974.82	0.000464373	-54.1752
28.3413	-0.99577	-8.97855	-0.585468	8.39565	0.524268	13.0679	0.776611	237.359	-1.32436	1680.61	-74.4717	-223.088	4975.89	-0.000298575	-53.7102
28.3420	-0.391778	-8.41347	-0.285228	7.17693	-0.0786402	3.31967	0.155322	172.64	-1.33619	1681.53	-73.5128	-221.558	4977.26	-0.000145967	-53.873
28.3427	-0.391778	-4.14395	0.022518	3.20479	-0.0786402	-7.66687	-1.37201	91.1365	-1.36084	1681.53	-73.4329	-220.94	4976.96	0.000159203	-53.7102
28.3433	-0.391778	2.00919	0.022518	-0.135414	0.825722	-18.6534	-1.96742	-77.293	-1.37958	1680.93	-74.3119	-221.705	4975.28	-0.000298575	-53.7102
28.3440	0.228537	6.27871	0.022518	-2.30203	0.524268	-28.1118	-1.68266	-376.371	-1.39141	1679.1	-76.4693	-223.088	4973.6	-0.000298575	-53.873
28.3447	0.228537	11.1133	0.022518	-5.64224	0.222814	-36.0422	-1.37201	-566.777	-1.41015	1678.29	-77.6679	-223.543	4972.69	-0.000145967	-53.873
28.3453	-0.391778	17.8315	0.330264	-11.7359	0.222814	-43.0767	-1.37201	-420.324	-1.4279	1678.29	-78.1473	-223.397	4972.08	-0.000451137	-54.0125
28.3460	-0.0816205	25.8055	0.630503	-20.5829	-0.0786402	-51.007	-1.06137	-91.3095	-1.44072	1678.45	-78.1473	-222.925	4972.53	-0.000298575	-53.873
28.3467	0.228537	33.7167	0.630503	-27.9404	-0.0786402	-59.2535	-1.06137	166.238	-1.45847	1679.21	-76.8689	-221.705	4974.06	0.000311811	-53.873
28.3473	0.228537	34.0306	0.022518	-27.3084	-0.0786402	-59.8595	-0.750724	208.056	-1.48312	1680.12	-75.6703	-220.647	4974.37	0.000464373	-53.5475
28.3480	-0.0816205	25.4916	-0.285228	-19.3642	-0.393201	-47.9508	-0.155322	24.6299	-1.48904	1680.29	-75.8301	-220.94	4973.14	-0.000145967	-53.2452
28.3487	-0.99577	13.562	-0.585468	-8.98245	-0.694655	-34.5404	-0.465967	-155.105	-1.50778	1680.29	-75.9899	-220.647	4973.3	-0.000298575	-53.7102
28.3493	-0.391778	3.51608	-0.585468	0.451379	-0.0786402	-30.2459	0.155322	-187.753	-1.53144	1680.61	-75.8301	-219.427	4973.91	6.59448e-006	-54.1752
28.3500	0.522371	-3.51608	0.022518	8.07969	0.222814	-26.8999	1.06137	-213.421	-1.53835	1680.61	-75.9899	-219.118	4973.45	6.59448e-006	-53.7102
28.3507	-0.391778	-13.8759	0.630503	16.6108	-0.393201	-11.329	0.155322	-254.894	-1.5561	1680.12	-76.4693	-219.573	4972.53	-0.000145967	-53.408
28.3513	-0.99577	-23.3568	0.330264	23.0203	-0.694655	8.50996	-1.37201	-271.391	-1.57483	1679.1	-77.3483	-220.338	4971.92	0.000464373	-53.5475
28.3520	-0.0816205	-22.101	0.022518	21.8016	-0.0786402	15.8343	-1.96742	-242.723	-1.59258	1678.02	-78.467	-220.793	4971.01	6.59448e-006	-54.3148
28.3527	-0.0816205	-14.1899	0.022518	12.9546	-0.0786402	9.40574	-2.5887	-128.283	-1.61132	1677.7	-78.3072	-220.793	4970.55	-0.000756307	-54.9425
28.3533	-0.391778	-2.26033	0.022518	0.451379	-0.393201	-2.47658	-2.89935	-76.7161	-1.62907	1679.1	-77.0287	-219.72	4972.23	-0.000145967	-54.617
28.3540	0.228537	8.7274	0.330264	-9.61438	0.222814	-10.7231	-1.68266	-131.917	-1.64189	1681.53	-75.6703	-217.442	4974.37	0.000311811	-53.873
28.3547	0.832529	11.4272	0.330264	-12.9546	-0.0786402	-10.4069	-0.750724	-130.994	-1.65372	1683.36	-74.1521	-215.148	4975.43	0.000159203	-53.2452
28.3553	0.522371	6.27871	0.022518	-7.76372	-0.393201	-1.26464	0.155322	-15.6316	-1.67246	1683.8	-73.5128	-214.838	4975.43	-0.000145967	-53.5475
28.3560	0.228537	-1.69525	0.330264	1.08331	-0.393201	11.856	0.776611	189.425	-1.68429	1683.8	-74.1521	-215.001	4975.13	0.000159203	-53.873
28.3567	0.522371	-8.41347	0.022518	6.545	0.222814	22.2365	0.776611	306.922	-1.70303	1683.53	-74.7913	-215.001	4974.52	0.000159203	-53.7102
28.3573	0.522371	-12.0551	-0.285228	8.71162	0.222814	27.7166	0.155322	206.499	-1.72078	1682.88	-75.1109	-215.001	4973.91	6.59448e-006	-53.7102
28.3580	0.228537	-11.4272	0.330264	8.39565	0.222814	25.5826	0.155322	55.4317	-1.73951	1683.04	-75.1908	-214.692	4974.06	0.000464373	-53.5475
28.3587	0.832529	-8.09953	0.630503	6.27417	0.524268	18.5744	0.776611	25.2644	-1.75135	1683.96	-75.1109	-213.618	4974.52	0.000311811	-53.5475
28.3593	0.832529	-7.15773	0.330264	4.73948	0.825722	13.9901	0.465967	68.5831	-1.76417	1683.63	-75.1908	-213.325	4974.37	0.000159203	-52.5012
28.3600	0.228537	-9.29249	0.630503	5.05545	0.222814	11.856	-0.155322	60.9691	-1.78783	1683.63	-75.8301	-213.325	4973.6	-0.000298575	-54.7798
28.3607	-0.391778	-10.8622	0.630503	5.05545	-0.0786402	7.90399	0.155322	39.5694	-1.80657	1684.28	-75.5105	-211.633	4974.52	-0.000451137	-56.4539
28.3613	-0.0816205	-10.5482	-0.285228	6.27417	-0.0786402	3.92565	0.776611	29.8212	-1.81249	1685.2	-74.6315	-210.12	4975.89	0.000464373	-39.3642
28.3620	-0.0816205	-11.7412	0.022518	10.2012	-0.0786402	2.39754	0.776611	-109.364	-1.83122	1686.87	-73.6726	-209.046	4976.65	0.000464373	-77.3567
28.3627	0.522371	-15.1317	0.022518	13.9025	0.222814	2.39754	0.465967	-306.172	-1.85489	1687.14	-73.5128	-207.517	4976.65	-0.000145967	-30.366
28.3633	0.522371	-21.222	-0.893213	20.5829	-0.0786402	5.74356	0.155322	-273.236	-1.86771	1685.79	-75.1908	-208.135	4975.13	-0.000451137	274.503
28.3640	0.522371	-28.5053	-0.585468	29.1591	0.222814	8.79977	0.776611	-38.8195	-1.88546	1683.96	-77.5081	-210.266	4973.14	6.59448e-006	458.839
28.3647	0.832529	-27.3124	0.022518	30.3778	0.524268	3.92565	1.68266	115.247	-1.89828	1682.88	-78.8665	-210.413	4972.23	0.000159203	421.916
28.3653	0.228537	-15.6968	-0.285228	21.8016	-0.0786402	-8.90516	2.5887	228.476	-1.91011	1682.88	-79.6655	-209.811	4972.08	-0.000603745	421.451
28.3660	0.522371	-0.43951	-0.585468	9.29841	-0.393201	-22.0258	2.89935	374.64	-1.93477	1683.36	-79.6655	-209.502	4972.53	-0.000451137	432.89
28.3667	1.14269	12.9969	0.022518	-2.57286	-0.0786402	-33.0123	2.5887	213.248	-1.95252	1684.12	-79.3459	-208.281	4973.3	-0.000145967	428.612
28.3673	1.43652	21.222	0.330264	-7.76372	-0.0786402	-43.6827	2.5887	-291.521	-1.96533	1684.55	-79.1861	-207.37	4973.6	-0.000298575	431.054
28.3680	1.14269	26.3706	0.022518	-9.93034	0.222814	-56.4871	2.5887	-811.23	-1.97717	1684.55	-79.3459	-207.517	4973.45	-0.000298575	432.286
28.3687	0.228537	41.6278	-0.285228	-23.0203	0.524268	-76.0363	2.30395	-967.777	-1.9959	1685.2	-79.3459	-206.915	4973.3	-0.000145967	433.797
28.3693	-0.0816205	62.0964	0.330264	-41.3463	0.524268	-95.8753	1.68266	-419.401	-2.01365	1685.79	-79.0263	-205.532	4974.06	-0.000298575	435.495
28.3700	0.228537	69.7564	0.022518	-49.6066	0.222814	-104.095	1.37201	287.714	-2.02647	1685.63	-78.8665	-205.385	4974.37	-0.000298575	436.704
28.3707	0.228537	62.7243	0.022518	-46.5372	-0.0786402	-97.0873	1.9933	503.442	-2.04422	1684.55	-79.5057	-206.605	4972.69	-0.000756307	437.634
28.3713	-0.391778	48.9739	0.330264	-36.7874	0.222814	-75.7202	1.68266	542.839	-2.06296	1683.36	-81.0239	-207.679	4971.01	-0.000145967	439.145
28.3720	-0.685612	35.8514	0.022518	-26.9925	0.825722	-52.219	1.68266	659.067	-2.07479	1682.88	-82.0627	-207.972	4970.4	0.000769543	441.284
28.3727	-0.391778	25.4916	0.022518	-19.6801	0.825722	-36.3583	2.30395	714.96	-2.08761	1683.96	-81.1837	-206.915	4971.16	0.000311811	443.26
28.3733	-0.0816205	13.562	0.022518	-13.2706	0.222814	-19.5755	1.9933	718.594	-2.10536	1685.47	-79.1861	-205.532	4972.84	6.59448e-006	444.19
28.3740	0.522371	4.14395	0.022518	-8.39565	-0.0786402	-1.26464	1.06137	594.06	-2.1241	1687.3	-77.5081	-203.546	4974.67	0.000159203	444.958
28.3747	1.14269	-3.20214	-0.285228	-2.30203	0.524268	14.3062	-0.155322	198.251	-2.13593	1688.55	-76.3095	-202.033	4975.59	0.000311811	445.865
28.3753	0.522371	-13.8759	0.022518	7.17693	1.14028	33.5392	-0.465967	-208.23	-2.14875	1688.71	-76.1497	-201.724	4975.74	6.59448e-006	447.074
28.3760	0.522371	-23.6707	0.330264	14.4893	0.825722	51.534	-1.06137	-301.616	-2.1665	1688.98	-76.1497	-201.871	4975.59	6.59448e-006	448.608
28.3767	0.522371	-29.7611	-0.893213	17.2427	0.222814	62.5205	-1.96742	-226.514	-2.18524	1688.87	-76.3095	-201.871	4974.82	0.000311811	450.143
28.3773	0.228537	-30.954	-1.20096	16.9267	0.524268	71.373	-1.68266	-132.552	-2.20299	1687.95	-76.8689	-202.18	4973.91	0.000159203	451.515
28.3780	-0.0816205	-27.6263	-0.285228	13.2706	0.222814	75.325	-1.96742	-19.3232	-2.21581	1687.95	-77.0287	-202.489	4973.45	-0.000145967	453.026
28.3787	-0.391778	-24.2358	0.022518	11.465	0.222814	75.6411	-2.5887	63.3918	-2.22764	1688.55	-76.1497	-201.871	4974.37	0.000159203	454.258
28.3793	-0.685612	-24.5497	-0.285228	13.5865	0.222814	75.6411	-1.68266	121.996	-2.23948	1688.22	-76.1497	-201.871	4974.37	6.59448e-006	455.328
28.3800	-0.685612	-23.3568	-0.585468	13.5865	0.524268	68.6329	-0.465967	117.093	-2.25821	1688.38	-76.4693	-201.415	4974.06	-0.000145967	457.002
28.3807	-0.391778	-19.7151	-0.285228	11.465	0.222814	54.88	-0.155322	17.9389	-2.27695	1689.73	-75.3507	-199.886	4975.59	6.59448e-006	458.211
28.3813	0.228537	-19.0873	0.630503	12.0518	0.524268	45.4216	0.155322	-136.186	-2.28878	1690.81	-73.9923	-198.974	4976.96	-0.000298575	459.281
28.3820	0.228537	-21.222	0.330264	13.9025	0.222814	38.4134	0.155322	-274.159	-2.30653	1691.46	-73.2731	-198.21	4977.11	-0.000145967	460.513
28.3827	-0.0816205	-20.5942	-0.285228	12.9546	-0.0786402	28.0328	-0.155322	-244.511	-2.31935	1691.89	-73.2731	-197.754	4976.5	0.000311811	462.187
28.3833	-0.391778	-17.8315	-0.585468	12.0518	-0.0786402	20.1025	0.465967	-124.303	-2.32527	1690.81	-74.3119	-198.828	4975.28	0.000464373	464.489
28.3840	-0.685612	-16.3246	-0.585468	11.465	-0.0786402	18.5744	0.465967	-161.508	-2.344	1688.71	-76.1497	-200.341	4973.3	0.000159203	465.396
28.3847	-0.685612	-13.8759	-1.20096	9.61438	-0.393201	19.4965	0.465967	-264.353	-2.36767	1687.47	-77.6679	-200.959	4972.23	0.000311811	465.861
28.3853	-0.0816205	-7.7856	-0.893213	7.4929	0.222814	17.9684	0.776611	-317.478	-2.38049	1687.14	-78.3072	-201.415	4972.08	0.000159203	467.837
28.3860	0.228537	-2.00919	-0.585468	3.20479	0.825722	11.25	0.776611	-303.115	-2.38641	1687.3	-77.9875	-201.269	4971.92	-0.000145967	469.511
28.3867	-0.391778	2.26033	-0.285228	-0.451379	0.222814	1.1856	1.9933	-62.0651	-2.40416	1688.22	-77.0287	-199.886	4972.38	-0.000298575	470.278
28.3873	-0.0816205	2.88821	-0.285228	1.6701	-0.0786402	-5.53279	2.89935	254.432	-2.42289	1688.98	-77.0287	-198.665	4973.75	0.000159203	471.487
28.3880	0.522371	2.26033	-0.285228	2.88883	0.222814	-12.5673	2.89935	377.409	-2.43473	1689.46	-77.1885	-198.21	4973.91	0.000769543	473.324
28.3887	-0.0816205	7.7856	0.022518	-2.30203	0.222814	-22.6317	2.30395	268.449	-2.44755	1689.46	-77.0287	-197.608	4973.6	0.000311811	474.092
28.3893	-0.685612	12.3691	0.330264	-6.27417	-0.0786402	-29.034	1.37201	56.9891	-2.4653	1689.14	-77.5081	-196.989	4974.06	-0.000298575	474.696
28.3900	-0.99577	7.15773	0.022518	-1.98607	0.222814	-29.3501	0.776611	-131.34	-2.47812	1689.14	-78.5469	-197.299	4973.3	-0.000145967	476.37
28.3907	-0.99577	2.26033	0.022518	1.6701	-0.0786402	-27.2161	0.465967	-278.082	-2.48995	1688.98	-79.9852	-197.608	4971.92	6.59448e-006	478.672
28.3913	-0.391778	8.41347	0.330264	-4.73948	0.222814	-26.2939	0.155322	-319.612	-2.50869	1688.22	-81.5034	-198.063	4971.01	0.000159203	480.648
28.3920	-0.391778	17.2664	-0.285228	-14.1733	-0.0786402	-28.1118	-0.155322	-348.914	-2.52052	1687.47	-82.7019	-198.21	4970.4	0.000159203	481.881
28.3927	-0.391778	20.5942	-0.585468	-18.4614	-0.0786402	-27.822	0.155322	-290.598	-2.53235	1687.79	-82.8617	-197.445	4970.86	6.59448e-006	482.95
28.3933	-0.391778	22.415	0.330264	-22.1176	0.524268	-24.4497	0.465967	-48.9137	-2.55109	1689.14	-82.0627	-195.623	4972.84	0.000159203	483.694
28.3940	-0.391778	23.6707	0.330264	-25.187	0.222814	-23.8437	0.155322	112.536	-2.56292	1691.3	-81.1837	-193.638	4974.52	0.000311811	484.764
28.3947	-0.391778	20.5942	0.330264	-21.8016	-0.0786402	-22.6317	-0.155322	212.325	-2.56983	1692.81	-80.7043	-192.108	4975.43	0.000159203	486.136
28.3953	-0.391778	14.1899	0.022518	-15.1212	0.222814	-13.1733	-0.155322	389.637	-2.59349	1693.4	-80.7043	-190.741	4975.74	6.59448e-006	487.205
28.3960	0.228537	8.7274	0.022518	-9.29841	0.222814	-0.0526932	0.155322	488.215	-2.61223	1693.13	-81.3436	-190.432	4975.13	0.000159203	487.972
28.3967	0.522371	5.02297	0.330264	-3.83672	0.222814	6.05972	0.776611	402.731	-2.61815	1692.49	-82.5421	-191.034	4974.67	6.59448e-006	489.344
28.3973	-0.0816205	2.00919	-0.285228	1.98607	0.222814	3.60949	1.06137	195.54	-2.63096	1692.38	-83.501	-190.888	4974.37	6.59448e-006	490.879
28.3980	0.228537	-1.69525	-0.285228	6.545	0.524268	0.869438	1.06137	17.5928	-2.64872	1692.22	-84.38	-190.888	4973.6	6.59448e-006	492.553
28.3987	-0.0816205	-8.7274	-0.285228	12.0518	0.222814	2.39754	0.465967	-39.1656	-2.65463	1692.22	-84.6996	-191.343	4973.45	-0.000145967	494.088
28.3993	-0.0816205	-17.2664	-0.285228	17.5587	0.222814	10.644	-0.465967	-98.9811	-2.66745	1692.49	-84.5398	-191.034	4973.75	-0.000298575	494.994
28.4000	0.228537	-25.1776	0.022518	23.0203	0.222814	22.5527	-0.750724	-159.72	-2.6852	1692.65	-84.5398	-190.27	4973.6	-0.000145967	495.901
28.4007	-0.0816205	-30.075	0.330264	25.5029	0.222814	29.8771	-1.06137	-131.629	-2.69802	1693.73	-83.501	-189.049	4974.82	-0.000145967	497.273
28.4013	-0.685612	-28.2542	0.630503	21.8016	0.222814	29.2447	-1.37201	-100.192	-2.71577	1695.24	-82.0627	-187.373	4976.96	-0.000298575	498.203
28.4020	-0.0816205	-21.8499	0.938249	15.1212	0.222814	24.3706	-1.68266	-101.692	-2.73451	1695.89	-81.9029	-186.771	4977.42	0.000159203	499.412
28.4027	0.832529	-10.2343	0.938249	6.27417	-0.694655	13.9901	-2.27806	-143.223	-2.74042	1695.56	-82.3823	-187.081	4976.35	0.000159203	501.109
28.4033	0.522371	4.14395	-0.285228	-2.88883	-0.0786402	0.263466	-2.27806	-210.941	-2.75817	1694.32	-83.3412	-187.829	4975.59	-0.000298575	502.621
28.4040	0.522371	10.2343	-0.285228	-4.10755	0.222814	-11.935	-1.68266	-276.293	-2.77099	1692.81	-84.8594	-189.212	4974.21	-0.000603745	503.993
28.4047	0.832529	7.15773	0.022518	0.767345	-0.0786402	-20.4977	-1.68266	-311.364	-2.78283	1691.57	-86.058	-190.432	4972.38	-0.00106152	505.062
28.4053	0.228537	3.83001	0.022518	2.57286	0.222814	-25.3718	-1.68266	-217.689	-2.79565	1691.46	-86.5374	-190.579	4971.62	-0.000603745	506.294
28.4060	-0.0816205	2.00919	-0.285228	2.88883	0.825722	-24.7658	-1.37201	-5.88349	-2.81931	1692.22	-86.6972	-189.814	4972.38	-0.000145967	507.968
28.4067	-0.0816205	1.06738	-0.585468	2.57286	0.825722	-22.6317	-1.06137	245.895	-2.83213	1692.81	-86.3776	-189.049	4973.45	6.59448e-006	509.34
28.4073	-0.0816205	5.02297	-0.893213	-2.88883	-0.393201	-25.9778	-1.68266	461.047	-2.83805	1693.13	-86.3776	-189.049	4972.99	-0.000145967	510.712
28.4080	0.228537	11.7412	-0.285228	-9.29841	-0.393201	-30.5621	-2.5887	297.174	-2.84988	1694.16	-85.179	-187.536	4973.75	-0.000451137	512.084
28.4087	0.228537	16.3246	0.022518	-12.3678	-0.393201	-31.4842	-2.27806	-315.921	-2.8627	1694.64	-84.8594	-186.918	4974.06	6.59448e-006	513.921
28.4093	0.228537	21.536	0.022518	-17.5587	-0.0786402	-33.3021	-0.750724	-603.75	-2.87454	1694.16	-85.8981	-187.992	4972.99	0.000159203	514.99
28.4100	0.522371	27.9402	0.330264	-23.6523	-0.0786402	-37.2805	-0.155322	-221.958	-2.89327	1693.89	-86.058	-187.683	4973.14	-0.000145967	515.595
28.4107	0.228537	27.9402	0.022518	-22.7495	-0.393201	-40.0205	-0.750724	79.5425	-2.91102	1693.13	-86.9369	-188.138	4972.53	-0.000145967	516.804
28.4113	0.522371	22.7289	0.022518	-16.9267	0.524268	-37.8864	-1.06137	56.0662	-2.92384	1692.05	-88.535	-189.521	4971.01	6.59448e-006	518.641
28.4120	1.43652	16.0107	0.630503	-9.29841	1.14028	-27.822	0.465967	254.721	-2.93568	1691.3	-89.5738	-190.579	4970.09	6.59448e-006	520.175
28.4127	1.14269	9.29249	0.630503	-3.52076	0.524268	-18.0474	1.37201	567.526	-2.94159	1691.73	-89.5738	-189.814	4970.86	0.000159203	521.384
28.4133	0.832529	7.7856	0.022518	-6.27417	0.524268	-13.4631	0.465967	585.235	-2.95441	1694.05	-87.2565	-187.081	4973.14	0.000464373	522.617
28.4140	0.228537	8.97855	-0.585468	-12.6838	-0.0786402	-9.19497	-0.155322	424.419	-2.97216	1695.89	-85.5785	-185.242	4974.52	0.000311811	523.384
28.4147	0.522371	8.41347	-0.285228	-13.5865	-0.0786402	-4.00469	0.155322	155.22	-2.984	1697.07	-85.179	-184.331	4975.59	0.000464373	524.593
28.4153	0.228537	5.02297	0.938249	-10.8331	0.222814	1.79157	0.776611	-200.904	-2.99681	1697.83	-84.5398	-183.566	4976.5	0.000159203	525.523
28.4160	-0.391778	-0.43951	0.630503	-7.76372	-0.393201	8.1938	0.465967	-401.693	-3.01457	1697.56	-84.8594	-183.566	4975.59	-0.000298575	526.569
28.4167	-0.0816205	-5.96477	0.330264	-3.52076	-0.393201	15.8343	0.465967	-405.384	-3.02738	1697.07	-85.5785	-184.168	4974.52	0.000159203	528.406
28.4173	0.228537	-12.683	0.022518	2.88883	0.222814	29.2447	0.465967	-289.387	-3.03922	1696.32	-86.3776	-184.624	4974.37	6.59448e-006	529.778
28.4180	-0.391778	-20.9081	0.022518	10.2012	0.222814	45.7377	0.776611	-57.4506	-3.05204	1695.89	-86.857	-184.933	4973.75	-0.000298575	530.545
28.4187	-0.0816205	-28.8193	0.330264	17.5587	0.222814	54.5902	0.465967	139.704	-3.06387	1696.48	-86.6972	-184.624	4973.75	0.000159203	532.08
28.4193	0.228537	-34.6585	0.330264	23.3363	-0.393201	55.5123	-0.155322	140.569	-3.08261	1696.48	-86.6972	-184.168	4974.06	-0.000145967	533.15
28.4200	-0.0816205	-36.4793	0.022518	26.4057	-0.0786402	55.8021	0.465967	79.5425	-3.09444	1696.48	-86.9369	-184.168	4974.06	-0.000603745	534.056
28.4207	-0.391778	-35.8514	0.022518	28.8431	0.524268	57.9362	0.465967	176.274	-3.10036	1697.67	-86.058	-183.257	4975.13	-0.000145967	535.289
28.4213	-0.391778	-35.8514	0.330264	30.9646	0.524268	59.1745	-0.465967	342.915	-3.11219	1699.07	-85.0192	-181.435	4976.35	0.000159203	536.335
28.4220	-0.391778	-33.7167	0.630503	28.5272	0.222814	56.1183	-0.465967	388.714	-3.13093	1699.99	-84.38	-180.214	4977.42	-0.000451137	537.567
28.4227	-0.391778	-21.8499	0.330264	17.2427	0.222814	45.1318	-0.155322	374.64	-3.13684	1699.83	-84.5398	-180.052	4976.81	-0.000298575	539.404
28.4233	-0.0816205	-3.51608	0.330264	1.98607	0.222814	28.9549	-0.155322	222.361	-3.14966	1699.07	-86.2178	-181.435	4974.52	-0.000145967	541.985
28.4240	-0.0816205	9.92036	0.630503	-7.76372	-0.393201	16.7301	-1.06137	-200.904	-3.1615	1697.4	-88.0556	-182.655	4973.45	6.59448e-006	543.357
28.4247	-0.391778	16.9525	0.630503	-12.6838	-0.0786402	6.37588	-1.68266	-434.34	-3.18023	1696.16	-89.0944	-183.403	4972.84	-0.000145967	543.822
28.4253	-0.99577	19.6524	0.022518	-13.9025	0.222814	-6.45492	-0.465967	-259.508	-3.19207	1696.16	-89.8934	-184.022	4971.62	-0.000451137	545.054
28.4260	-0.99577	20.2802	0.022518	-12.3678	0.524268	-18.9696	0.465967	-137.743	-3.2039	1696.64	-89.8934	-183.257	4972.38	-0.000145967	546.728
28.4267	-1.30593	21.8499	0.022518	-12.9546	0.524268	-29.3501	-0.750724	-202.404	-3.22264	1697.07	-88.9345	-182.183	4973.91	0.000159203	547.798
28.4273	-1.30593	23.0429	0.022518	-12.9546	-0.0786402	-34.8302	-1.68266	-93.7898	-3.22855	1697.83	-88.6149	-181.581	4973.91	6.59448e-006	549.309
28.4280	-0.99577	23.0429	0.330264	-11.7359	0.222814	-35.7524	-1.06137	224.207	-3.24039	1698.31	-88.9345	-181.727	4973.6	-0.000145967	550.844
28.4287	-0.391778	20.5942	0.022518	-10.2012	0.222814	-35.4362	-1.37201	194.905	-3.25321	1697.83	-89.2542	-182.183	4973.45	-0.000298575	551.448
28.4293	-0.391778	17.2664	-0.285228	-8.98245	-0.0786402	-34.8302	-1.37201	-171.602	-3.26504	1697.83	-88.6149	-181.727	4973.3	0.000159203	552.378
28.4300	0.228537	16.6386	-0.285228	-9.93034	-0.0786402	-35.7524	0.155322	-281.139	-3.27786	1698.15	-88.535	-181.272	4973.6	0.000311811	553.89
28.4307	0.228537	15.6968	0.022518	-10.8331	0.222814	-35.4362	1.06137	-253.394	-3.28378	1696.91	-90.213	-182.655	4972.69	-0.000145967	555.122
28.4313	-0.0816205	10.8622	0.330264	-7.4929	0.222814	-30.8782	0.776611	-295.213	-3.30153	1695.56	-91.7312	-184.168	4971.01	-0.000145967	556.331
28.4320	-0.0816205	1.06738	0.022518	1.6701	-0.0786402	-17.4415	0.776611	-222.246	-3.31435	1695.72	-91.9709	-184.477	4970.55	0.000159203	557.865
28.4327	-0.0816205	-13.2481	-0.285228	12.9546	0.222814	5.45375	0.155322	-83.1188	-3.32026	1696.64	-91.092	-183.566	4971.77	0.000464373	559.075
28.4333	0.228537	-23.3568	0.022518	20.3121	0.524268	20.1025	-0.155322	5.42204	-3.3321	1697.83	-89.5738	-182.037	4973.3	0.000159203	559.377
28.4340	0.228537	-25.4916	0.330264	22.1176	0.524268	15.8343	-0.155322	32.8783	-3.34491	1699.07	-88.535	-180.816	4974.52	6.59448e-006	560.005
28.4347	-0.391778	-25.4916	0.630503	22.4336	0.222814	6.05972	-0.750724	77.1199	-3.36267	1700.42	-87.2565	-179.45	4976.04	0.000464373	561.516
28.4353	-0.685612	-25.8055	0.330264	22.7495	0.222814	2.39754	-0.465967	131.456	-3.37548	1701.18	-86.857	-179.14	4976.2	0.000311811	562.888
28.4360	-0.0816205	-24.5497	0.022518	20.8989	0.524268	6.05972	-0.465967	71.9286	-3.38732	1701.5	-87.2565	-179.45	4975.28	0.000159203	564.26
28.4367	0.228537	-15.3828	0.022518	12.6838	0.825722	13.7002	-0.155322	-69.9674	-3.39915	1700.91	-87.736	-180.052	4974.67	0.000159203	565.655
28.4373	0.228537	1.69525	0.330264	-2.30203	0.825722	15.8343	0.155322	-145.357	-3.41197	1699.66	-88.7747	-181.125	4974.06	-0.000451137	566.399
28.4380	-0.0816205	20.9081	0.022518	-19.3642	0.825722	6.05972	-0.750724	-125.226	-3.41789	1699.66	-89.414	-181.125	4973.91	-0.000298575	567.468
28.4387	-0.685612	32.2098	-0.585468	-29.1591	0.222814	-6.45492	-1.68266	-180.427	-3.42972	1699.99	-88.9345	-180.361	4974.37	0.000159203	568.84
28.4393	-0.99577	33.7167	-0.285228	-28.8431	-0.0786402	-15.3074	-1.96742	-412.998	-3.44254	1700.15	-89.2542	-180.214	4974.52	6.59448e-006	570.212
28.4400	-0.391778	34.3445	0.022518	-28.5272	0.222814	-30.8782	-1.96742	-571.679	-3.44846	1700.58	-89.0944	-179.905	4974.52	-0.000298575	571.746
28.4407	0.228537	35.5375	0.022518	-26.9925	0.222814	-47.0287	-2.89935	-298.847	-3.45437	1701.99	-87.736	-178.376	4975.59	6.59448e-006	572.653
28.4413	0.228537	33.4027	0.330264	-22.4336	-0.393201	-51.007	-2.5887	255.355	-3.47903	1703.82	-86.857	-177.009	4977.42	0.000159203	573.281
28.4420	-0.0816205	26.9984	0.330264	-16.9267	-0.393201	-45.8168	-1.96742	689.003	-3.48494	1703.93	-87.2565	-176.846	4977.42	-0.000145967	574.025
28.4427	0.228537	14.8177	0.630503	-7.4929	-0.0786402	-37.5703	-2.27806	936.802	-3.49678	1703.33	-88.0556	-177.155	4976.35	-0.000145967	575.56
28.4433	0.522371	1.38132	0.938249	2.30203	0.222814	-24.4497	-2.27806	966.681	-3.5096	1702.58	-88.535	-177.302	4975.89	-0.000298575	577.396
28.4440	0.832529	-10.2343	0.330264	8.71162	0.222814	-6.74473	-1.68266	753.087	-3.51551	1701.07	-90.6126	-178.831	4974.21	-0.000145967	579.071
28.4447	0.832529	-23.3568	0.022518	16.3399	0.222814	9.40574	-1.68266	494.617	-3.52735	1699.66	-93.0896	-180.963	4971.77	0.000159203	580.605
28.4453	0.832529	-33.7167	0.938249	23.9682	0.524268	21.3144	-1.68266	357.566	-3.54017	1699.5	-93.4092	-180.816	4971.77	-0.000145967	581.349
28.4460	-0.0816205	-36.4793	0.938249	26.9925	0.524268	31.695	-1.37201	225.13	-3.552	1699.99	-92.9298	-179.45	4972.84	-0.000298575	582.279
28.4467	-0.99577	-36.1654	0.022518	25.7738	-0.393201	43.6036	-0.465967	-122.746	-3.56383	1700.91	-92.2906	-178.229	4973.3	-0.000145967	583.651
28.4473	-0.685612	-35.2235	0.022518	22.7495	-0.0786402	57.3302	-0.465967	-527.438	-3.57665	1701.82	-91.891	-177.465	4974.21	6.59448e-006	584.558
28.4480	-0.99577	-29.1332	0.330264	17.2427	0.222814	63.7325	-1.37201	-636.686	-3.58849	1702.26	-91.891	-176.7	4974.98	6.59448e-006	585.627
28.4487	-1.30593	-16.9525	0.022518	8.39565	0.222814	55.5123	-1.68266	-453.894	-3.60131	1702.26	-92.6102	-177.009	4973.75	-0.000451137	586.697
28.4493	-0.391778	-4.39509	0.630503	-1.35414	-0.0786402	39.0193	-1.96742	-237.186	-3.61314	1701.66	-93.0896	-177.155	4973.14	-0.000298575	587.464
28.4500	-0.0816205	5.3369	0.330264	-8.98245	-0.0786402	25.2928	-2.27806	-156.028	-3.62497	1701.34	-92.77	-177.009	4973.6	0.000159203	588.999
28.4507	-0.391778	10.8622	0.022518	-12.6838	0.222814	20.3923	-1.37201	-159.72	-3.62497	1701.18	-93.8088	-177.757	4972.53	6.59448e-006	590.371
28.4513	-0.391778	12.683	0.938249	-13.2706	0.222814	17.3624	-0.155322	-107.23	-3.63779	1700.31	-95.8064	-178.685	4971.16	6.59448e-006	591.44
28.4520	-0.391778	14.5038	1.54623	-15.392	0.524268	12.4619	-0.155322	21.2844	-3.65554	1699.83	-96.7653	-179.14	4970.7	6.59448e-006	592.51
28.4527	0.228537	16.6386	1.54623	-16.6108	0.222814	9.11593	0.465967	6.63335	-3.66245	1700.31	-96.126	-178.376	4971.62	0.000159203	593.556
28.4533	0.522371	13.8759	0.938249	-12.9546	-0.0786402	8.50996	2.30395	-261.931	-3.6802	1701.82	-94.2882	-176.7	4973.45	0.000464373	594.323
28.4540	0.522371	10.5482	0.630503	-10.5171	0.222814	7.90399	3.83128	-377.005	-3.69203	1703.17	-93.4092	-175.626	4974.52	0.000159203	594.951
28.4547	0.522371	12.0551	0.330264	-12.6838	0.825722	4.24181	4.11604	-236.32	-3.70485	1704.09	-93.0896	-174.715	4975.13	6.59448e-006	595.556
28.4553	0.522371	11.7412	0.022518	-11.7359	0.524268	1.1856	2.89935	-128.86	-3.71668	1704.58	-92.77	-173.95	4975.74	6.59448e-006	596.927
28.4560	0.228537	5.65084	0.022518	-4.10755	0.524268	0.579626	2.30395	5.71045	-3.7226	1704.58	-92.9298	-174.568	4975.28	0.000159203	598.439
28.4567	-0.0816205	-2.88821	-0.285228	2.88883	1.14028	1.47541	1.37201	210.768	-3.7295	1704.25	-93.2494	-175.17	4974.82	-0.000145967	599.834
28.4573	0.228537	-11.7412	-0.585468	8.39565	0.524268	13.7002	-0.155322	339.57	-3.74725	1703.93	-93.4092	-175.48	4974.37	-0.000298575	600.88
28.4580	0.228537	-17.2664	-0.285228	11.7359	-0.0786402	29.8771	-1.06137	327.688	-3.76007	1703.33	-93.8088	-175.626	4974.06	6.59448e-006	601.508
28.4587	0.228537	-18.1455	-0.285228	12.3678	0.524268	33.8291	-1.06137	223.63	-3.7719	1703.66	-93.9686	-175.626	4974.21	0.000311811	602.275
28.4593	0.832529	-18.4594	-0.285228	14.8052	0.524268	34.7512	-1.68266	110.056	-3.77782	1704.25	-94.1284	-175.789	4974.21	0.000159203	603.949
28.4600	1.14269	-18.7733	0.022518	18.7774	0.222814	36.8853	-1.96742	37.4352	-3.78965	1704.58	-93.7289	-175.17	4974.52	6.59448e-006	605.158
28.4607	0.522371	-14.5038	0.330264	16.024	0.825722	30.483	-1.68266	13.6705	-3.79656	1705.33	-92.4504	-173.804	4975.59	-0.000145967	605.763
28.4613	-0.391778	-10.2343	0.330264	11.465	0.524268	22.2365	-0.155322	-0.980582	-3.80839	1706.52	-91.092	-172.876	4976.5	-0.000451137	606.228
28.4620	-0.685612	-11.7412	0.022518	11.465	0.222814	16.7301	1.68266	-31.494	-3.82022	1707.44	-90.7724	-172.421	4977.42	-0.000603745	607.297
28.4627	-0.685612	-12.3691	0.022518	10.8331	0.524268	10.0381	2.5887	-33.3398	-3.83304	1706.84	-91.7312	-173.039	4976.96	-0.000298575	609.134
28.4633	-0.685612	-8.97855	0.938249	7.4929	0.825722	2.08138	2.30395	16.0931	-3.84488	1705.17	-93.5691	-174.406	4974.98	-0.000298575	610.808
28.4640	-0.391778	-3.83001	0.630503	2.30203	0.222814	-7.37705	1.37201	-7.7293	-3.8577	1703.66	-95.2471	-175.935	4973.14	-0.000145967	611.576
28.4647	-0.391778	2.26033	0.022518	-2.57286	0.524268	-15.9134	1.06137	-185.042	-3.8577	1703.01	-96.7653	-177.611	4971.47	6.59448e-006	612.948
28.4653	-0.391778	6.27871	0.330264	-4.10755	0.825722	-18.9696	0.465967	-304.961	-3.87545	1702.42	-97.3246	-178.229	4971.16	-0.000603745	613.715
28.4660	-0.391778	6.27871	0.330264	-1.35414	0.222814	-18.9696	-0.465967	-167.045	-3.89418	1702.74	-96.2858	-176.846	4972.69	-0.000756307	614.482
28.4667	-0.391778	2.88821	-0.285228	2.57286	0.524268	-21.1036	0.155322	63.3918	-3.9001	1704.41	-95.2471	-175.789	4973.6	-0.000145967	616.156
28.4673	-0.391778	-3.83001	-0.285228	9.29841	0.825722	-22.9216	1.37201	127.764	-3.91193	1704.74	-95.8064	-176.391	4973.3	0.000159203	617.063
28.4680	-0.391778	-7.15773	0.022518	13.5865	0.222814	-23.5539	1.68266	22.2073	-3.92475	1704.25	-95.9662	-176.391	4972.99	0.000464373	617.83
28.4687	-0.0816205	0.125574	0.630503	7.17693	0.524268	-26.2939	1.68266	-118.189	-3.93659	1704.85	-95.4069	-175.935	4973.45	0.000311811	619.039
28.4693	0.228537	10.2343	0.630503	-2.57286	1.14028	-32.0902	1.06137	-262.219	-3.9425	1705.49	-95.2471	-175.48	4973.91	0.000159203	620.109
28.4700	0.228537	15.1317	-0.285228	-7.76372	0.825722	-38.8086	0.155322	-315.921	-3.95532	1705.01	-95.6466	-175.626	4973.45	0.000311811	621.341
28.4707	-0.391778	21.8499	-0.285228	-14.4893	-0.0786402	-49.1891	-0.155322	-13.4974	-3.96716	1704.09	-96.9251	-176.846	4971.92	6.59448e-006	622.853
28.4713	-0.0816205	37.6722	-0.285228	-28.5272	-0.0786402	-65.0498	0.776611	353.586	-3.97899	1702.74	-98.4433	-178.067	4970.55	-0.000145967	623.62
28.4720	0.228537	51.7365	0.022518	-41.0304	-0.694655	-78.1704	1.06137	121.65	-3.98589	1701.07	-99.8017	-179.14	4970.09	0.000159203	623.783
28.4727	-0.0816205	47.1531	0.630503	-37.0582	-0.694655	-73.5861	0.155322	-338.243	-3.99773	1701.82	-99.1624	-178.522	4970.7	0.000159203	624.852
28.4733	-0.391778	29.1332	0.630503	-21.2148	-0.0786402	-55.5914	-0.155322	-290.31	-4.00956	1704.74	-96.2858	-176.244	4972.84	0.000159203	626.061
28.4740	-0.391778	16.0107	-0.285228	-9.61438	-0.0786402	-44.6048	-0.465967	-13.209	-4.02238	1706.84	-94.6078	-174.406	4974.82	0.000311811	626.991
28.4747	-0.391778	8.97855	-0.285228	-2.88883	-0.0786402	-41.8648	-0.750724	188.791	-4.03421	1707.92	-93.7289	-173.185	4975.28	6.59448e-006	628.061
28.4753	0.522371	3.83001	0.330264	2.88883	-0.0786402	-33.0123	-0.155322	436.301	-4.04605	1708.08	-93.5691	-173.185	4975.13	-0.000451137	628.665
28.4760	0.522371	-0.753445	-0.285228	5.05545	-0.0786402	-13.7793	-1.37201	521.439	-4.05887	1707.44	-94.6078	-173.95	4974.82	0.000159203	629.27
28.4767	-0.685612	-5.02297	-0.585468	4.10755	0.222814	8.1938	-3.20999	281.6	-4.0707	1707.33	-95.0873	-174.568	4974.52	0.000311811	630.339
28.4773	-0.685612	-5.65084	0.022518	2.30203	0.524268	23.7646	-1.96742	23.1302	-4.07662	1707.01	-95.4868	-174.861	4974.06	6.59448e-006	631.711
28.4780	-0.391778	-6.27871	-0.285228	2.57286	-0.393201	34.435	-0.465967	-13.8435	-4.08352	1706.68	-96.126	-175.024	4973.6	-0.000145967	632.781
28.4787	-1.30593	-13.8759	-0.285228	9.93034	-0.0786402	46.9497	-0.465967	17.3044	-4.10127	1706.68	-95.6466	-174.715	4974.06	-0.000145967	633.385
28.4793	-1.30593	-22.101	0.022518	19.0933	0.524268	56.4081	-0.465967	-22.9572	-4.11409	1707.01	-95.2471	-174.259	4974.37	0.000159203	634.618
28.4800	-0.391778	-24.8637	0.022518	21.8016	0.524268	55.5123	0.465967	-54.1051	-4.12	1707.6	-94.9274	-173.95	4974.52	-0.000145967	635.687
28.4807	-0.391778	-23.9847	0.022518	19.0933	-0.0786402	48.4778	0.155322	-19.3232	-4.13184	1708.68	-94.1284	-172.876	4975.74	6.59448e-006	636.594
28.4813	-0.391778	-22.101	-0.285228	15.708	-0.393201	40.2313	-0.155322	84.4454	-4.15057	1709.92	-92.9298	-171.2	4977.26	6.59448e-006	637.199
28.4820	0.522371	-16.9525	-0.285228	10.2012	0.222814	30.7728	0.155322	232.744	-4.15649	1710.51	-92.77	-170.598	4977.26	-0.000451137	637.826
28.4827	0.228537	-10.5482	0.022518	5.05545	0.222814	23.7646	0.155322	259.335	-4.16832	1709.76	-93.4092	-171.656	4976.04	-0.000145967	639.338
28.4833	0.522371	-11.4272	0.022518	6.86097	-0.0786402	23.7646	0.465967	41.1268	-4.18114	1708.35	-94.6078	-172.73	4975.13	0.000464373	640.872
28.4840	1.14269	-16.6386	0.022518	11.7359	-0.0786402	26.5047	1.37201	-228.36	-4.18706	1707.33	-96.126	-173.641	4973.75	-0.000298575	641.942
28.4847	0.522371	-19.0873	-0.285228	14.8052	-0.694655	27.7166	1.37201	-318.978	-4.19889	1706.68	-97.4844	-175.024	4971.92	-0.00106152	642.546
28.4853	0.228537	-19.0873	-0.585468	16.3399	-0.694655	30.1669	1.37201	-259.162	-4.21171	1706.09	-97.9638	-175.17	4971.92	-0.000298575	643.616
28.4860	0.522371	-14.5038	-0.285228	12.6838	0.524268	30.483	0.776611	-102.961	-4.21763	1706.68	-97.3246	-174.259	4972.84	-0.000145967	644.685
28.4867	-0.391778	-4.70903	0.022518	3.52076	0.222814	20.7084	0.155322	121.073	-4.22946	1707.33	-96.7653	-173.495	4973.3	-0.000451137	644.988
28.4873	-1.90992	6.27871	0.630503	-5.95821	-0.694655	3.00351	0.465967	217.805	-4.24228	1707.92	-96.4456	-172.876	4973.91	-0.000145967	646.522
28.4880	-1.30593	21.536	0.330264	-17.5587	0.222814	-17.1253	-0.465967	15.8047	-4.2482	1708.52	-96.126	-172.73	4974.21	0.000311811	648.499
28.4887	-0.391778	37.3583	0.330264	-30.0619	0.222814	-34.8302	-1.06137	-208.23	-4.26003	1708.08	-96.126	-173.185	4973.75	-0.000298575	648.034
28.4893	-0.391778	43.7626	0.022518	-36.1555	-0.0786402	-44.8946	-0.750724	-319.901	-4.27877	1707.76	-96.2858	-173.641	4972.99	-0.00106152	647.592
28.4900	-0.0816205	40.1209	-0.285228	-32.1833	0.825722	-45.527	0.155322	-465.777	-4.2906	1707.44	-97.0849	-174.097	4972.69	-0.000145967	648.964
28.4907	-0.0816205	29.4471	0.630503	-21.8016	0.825722	-39.4145	1.68266	-393.156	-4.30244	1706.41	-98.4433	-175.48	4971.77	0.000159203	650.335
28.4913	-0.0816205	17.2664	0.938249	-11.465	-0.0786402	-33.0123	2.5887	-168.833	-4.30934	1705.49	-99.482	-176.846	4970.25	-0.000298575	651.405
28.4920	0.522371	8.09953	0.330264	-5.32628	-0.0786402	-28.1118	1.9933	-32.1285	-4.32117	1705.6	-99.9615	-176.7	4970.09	0.000159203	652.475
28.4927	0.228537	2.00919	0.022518	-1.35414	-0.0786402	-20.7875	1.68266	165.603	-4.33301	1706.52	-98.7629	-175.317	4971.77	0.000159203	653.381
28.4933	-0.391778	-3.83001	0.022518	4.42352	-0.694655	-11.6452	1.37201	275.198	-4.33991	1708.35	-96.9251	-173.804	4973.75	6.59448e-006	653.846
28.4940	-0.99577	-9.29249	0.330264	8.98245	-0.393201	-6.74473	0.776611	155.566	-4.35174	1709.92	-95.4069	-172.421	4974.82	0.000159203	654.451
28.4947	-0.391778	-11.7412	0.330264	9.29841	-0.694655	-0.658665	0.776611	74.0628	-4.3764	1711.27	-94.2882	-171.509	4975.43	0.000464373	655.055
28.4953	-0.0816205	-14.8177	0.330264	11.1491	-1.31067	11.5662	1.06137	128.687	-4.38231	1711.59	-94.2882	-171.509	4975.59	0.000159203	655.823
28.4960	0.228537	-21.222	0.330264	16.6108	-0.694655	19.7863	-0.155322	157.066	-4.38231	1711.27	-94.448	-171.656	4975.13	-0.000145967	657.357
28.4967	0.832529	-21.536	0.330264	18.4614	-0.0786402	16.7301	-0.155322	210.191	-4.39415	1710.68	-94.6078	-171.965	4974.52	6.59448e-006	658.566
28.4973	0.522371	-14.5038	-0.285228	13.2706	-0.0786402	9.40574	0.155322	400.597	-4.40696	1709.76	-95.4069	-172.583	4974.21	-0.000451137	658.566
28.4980	-0.0816205	-9.60642	-0.893213	7.76372	-0.393201	8.79977	-0.750724	507.711	-4.41288	1709.43	-95.6466	-172.73	4973.91	-0.000298575	658.729
28.4987	0.228537	-9.29249	-0.285228	5.95821	-0.0786402	11.856	-0.750724	399.385	-4.42472	1710.03	-95.8064	-172.111	4973.91	0.000159203	659.799
28.4993	0.832529	-8.41347	0.022518	5.64224	0.222814	11.856	-0.155322	200.385	-4.43753	1710.03	-95.9662	-172.111	4974.06	0.000159203	660.868
28.5000	0.832529	-5.96477	0.022518	3.83672	0.222814	12.7781	0.465967	-116.689	-4.44937	1710.35	-95.6466	-172.274	4974.37	6.59448e-006	661.31
28.5007	0.832529	-5.3369	0.022518	2.30203	-0.0786402	14.596	0.465967	-443.223	-4.4681	1711.59	-94.2882	-171.054	4975.43	-0.000145967	661.938
28.5013	1.14269	-5.02297	0.330264	1.6701	-0.0786402	14.596	-0.155322	-381.85	-4.47402	1712.94	-92.77	-169.834	4976.65	6.59448e-006	662.984
28.5020	0.522371	-3.20214	0.330264	1.35414	0.222814	13.9901	-0.465967	-73.9474	-4.47402	1714.02	-91.9709	-169.378	4976.96	0.000159203	663.914
28.5027	-0.0816205	-2.00919	0.022518	2.88883	0.222814	12.7781	-0.750724	15.8047	-4.48585	1713.1	-92.4504	-169.834	4976.81	-0.000145967	664.681
28.5033	-0.391778	-0.125574	0.330264	1.6701	-0.0786402	10.9338	-1.06137	-141.665	-4.50459	1711.43	-94.448	-171.2	4975.13	-0.000451137	666.193
28.5040	-0.685612	1.69525	-0.285228	-0.135414	-0.393201	10.0381	-1.37201	-400.77	-4.51051	1710.35	-96.7653	-173.039	4972.38	-0.000756307	667.425
28.5047	-0.685612	-1.69525	-0.285228	2.88883	-0.393201	6.05972	-1.68266	-588.753	-4.52826	1709.6	-97.6442	-173.95	4971.92	-0.000756307	667.867
28.5053	0.228537	-5.65084	0.630503	8.07969	-0.0786402	-0.948478	-1.68266	-507.307	-4.54108	1709.43	-97.3246	-173.641	4972.69	-0.000298575	668.495
28.5060	0.228537	-6.84379	0.630503	10.2012	-0.0786402	-5.53279	-1.68266	-198.135	-4.54699	1710.19	-96.7653	-172.876	4972.99	-0.000145967	669.401
28.5067	0.228537	-3.83001	0.022518	7.76372	0.524268	-6.13876	-1.06137	33.8012	-4.55883	1710.84	-96.126	-172.111	4973.6	6.59448e-006	670.471
28.5073	0.522371	2.57427	-0.585468	1.35414	0.222814	-5.24298	-0.465967	-3.74928	-4.57165	1711.59	-95.6466	-171.656	4974.37	0.000464373	671.378
28.5080	0.522371	7.15773	-0.285228	-5.95821	-0.0786402	-3.08255	-1.37201	-101.115	-4.57165	1711.59	-95.6466	-171.363	4974.52	0.000464373	671.541
28.5087	0.522371	12.683	-1.20096	-12.6838	0.222814	-4.32085	-1.96742	-85.253	-4.58348	1711.27	-95.8064	-171.2	4974.06	-0.000298575	671.703
28.5093	0.832529	20.2802	-1.80894	-18.1454	0.222814	-13.7793	-2.27806	47.5294	-4.59531	1711.59	-95.9662	-171.363	4973.6	-0.000145967	672.61
28.5100	0.832529	24.5497	-1.20096	-19.0933	0.222814	-23.2377	-2.5887	372.217	-4.60813	1710.95	-96.126	-171.819	4972.99	0.000311811	673.68
28.5107	0.522371	23.9847	0.022518	-16.6108	0.222814	-21.7096	-3.20999	759.778	-4.61997	1710.03	-97.1648	-172.583	4972.08	0.000311811	674.889
28.5113	-0.391778	16.9525	0.022518	-10.2012	0.222814	-10.4069	-3.20999	778.121	-4.63279	1709.92	-98.2835	-173.185	4971.01	0.000159203	675.958
28.5120	-0.0816205	6.27871	0.022518	-1.6701	0.222814	-2.47658	-2.5887	313.036	-4.6387	1709.27	-98.4433	-173.185	4970.7	-0.000298575	676.26
28.5127	0.228537	2.26033	0.022518	0.135414	0.524268	-7.37705	-1.68266	-66.9103	-4.64462	1709.92	-97.3246	-172.274	4971.92	6.59448e-006	676.586
28.5133	0.832529	4.14395	0.022518	-3.20479	0.825722	-17.4415	-0.750724	-84.9069	-4.65645	1712.19	-95.6466	-170.745	4974.06	0.000616981	677.493
28.5140	1.14269	2.00919	-0.285228	-2.57286	1.14028	-16.8355	0.155322	-38.5311	-4.65645	1713.27	-94.448	-169.524	4974.67	0.000159203	677.33
28.5147	0.522371	-3.51608	-0.585468	-0.451379	0.524268	-8.589	0.465967	-112.421	-4.66336	1713.7	-94.448	-169.069	4974.82	6.59448e-006	677.33
28.5153	0.522371	-7.15773	-0.285228	1.08331	0.222814	-0.0526932	1.06137	-151.76	-4.67519	1714.35	-94.2882	-168.922	4975.43	0.000159203	678.26
28.5160	1.14269	-10.8622	0.330264	5.32628	0.524268	6.37588	1.68266	65.526	-4.68111	1713.7	-94.7676	-169.215	4974.82	6.59448e-006	678.865
28.5167	1.14269	-13.2481	0.022518	8.07969	0.524268	10.0381	1.68266	277.332	-4.69393	1712.94	-95.2471	-169.671	4973.91	0.000159203	679.771
28.5173	0.522371	-13.2481	-0.585468	7.76372	0.222814	12.1721	1.37201	152.798	-4.70576	1712.94	-94.9274	-169.524	4973.91	0.000159203	680.539
28.5180	0.228537	-12.3691	0.022518	8.07969	0.825722	12.7781	1.9933	-116.055	-4.71168	1713.27	-95.0873	-169.215	4974.06	-0.000298575	681.306
28.5187	0.522371	-12.0551	0.022518	8.71162	1.14028	11.5662	2.30395	-268.968	-4.72351	1713.7	-95.2471	-169.215	4974.21	-0.000451137	682.376
28.5193	0.228537	-10.5482	0.330264	7.17693	0.524268	10.9338	2.89935	-262.565	-4.73633	1713.7	-95.2471	-169.215	4974.21	-0.000298575	682.98
28.5200	-0.0816205	-8.09953	0.330264	3.83672	0.524268	6.66569	4.11604	-149.625	-4.74225	1713.86	-95.0873	-168.451	4974.67	-0.000145967	683.143
28.5207	-0.391778	-1.06738	0.022518	-2.88883	0.222814	-1.5808	5.33273	72.5631	-4.75408	1715.26	-93.7289	-166.937	4976.2	6.59448e-006	683.747
28.5213	-0.391778	7.47166	0.938249	-9.93034	-0.0786402	-5.53279	6.57531	395.751	-4.7669	1716.77	-92.4504	-165.864	4977.11	-0.000298575	684.05
28.5220	-0.0816205	7.7856	0.938249	-9.29841	-0.393201	-0.342506	5.95402	491.849	-4.77282	1716.94	-92.4504	-165.554	4977.11	6.59448e-006	684.654
28.5227	-0.685612	4.14395	0.630503	-4.10755	-0.393201	6.37588	4.11604	179.043	-4.77873	1715.86	-93.4092	-166.775	4976.04	0.000159203	686.026
28.5233	-0.685612	4.70903	0.938249	-1.98607	0.222814	2.39754	3.20999	-302.538	-4.79155	1714.35	-94.9274	-168.613	4973.75	0.000159203	686.956
28.5240	-0.391778	8.7274	0.938249	-3.83672	0.524268	-8.90516	2.30395	-662.643	-4.80338	1713.43	-96.2858	-169.98	4972.08	-0.000298575	687.398
28.5247	0.228537	15.3828	0.630503	-8.71162	0.222814	-18.3636	1.06137	-644.012	-4.81522	1712.67	-97.0849	-169.98	4972.38	-0.000298575	688.026
28.5253	0.522371	19.4012	0.630503	-10.8331	-0.0786402	-25.0556	1.06137	-381.562	-4.82212	1712.67	-96.7653	-169.834	4973.14	6.59448e-006	688.793
28.5260	0.228537	17.5176	0.330264	-8.71162	-0.393201	-26.5837	0.155322	-192.944	-4.83395	1713.54	-96.126	-169.671	4972.84	-0.000451137	689.397
28.5267	0.228537	15.3828	0.022518	-7.17693	-0.393201	-25.9778	-2.27806	37.4352	-4.8517	1714.45	-95.8064	-169.378	4973.14	-0.000756307	689.839
28.5273	0.228537	13.562	0.330264	-6.86097	-0.0786402	-25.9778	-2.89935	335.936	-4.8517	1714.35	-95.4868	-169.215	4973.75	6.59448e-006	690.304
28.5280	-0.0816205	5.96477	0.630503	-3.52076	-0.0786402	-21.7096	-3.20999	439.359	-4.85861	1714.02	-95.2471	-169.524	4973.6	6.59448e-006	690.909
28.5287	-0.0816205	-3.20214	0.330264	1.08331	-0.0786402	-15.9134	-3.8054	346.607	-4.87044	1714.78	-94.9274	-169.215	4973.91	6.59448e-006	691.676
28.5293	0.228537	-8.97855	0.630503	5.32628	-0.0786402	-7.66687	-2.89935	184.869	-4.87636	1715.26	-94.6078	-168.76	4974.21	-0.000298575	692.908
28.5300	0.228537	-15.3828	0.938249	10.5171	-0.0786402	11.5662	-1.37201	17.016	-4.88918	1715.26	-94.9274	-169.378	4973.14	-0.000451137	693.815
28.5307	0.228537	-24.2358	0.022518	17.5587	0.222814	36.8853	-0.465967	-82.7727	-4.90693	1713.27	-96.7653	-171.054	4971.62	0.000464373	693.676
28.5313	-0.0816205	-33.7167	-0.285228	26.4057	-0.0786402	54.274	-0.465967	-179.562	-4.91284	1711.76	-98.6031	-172.421	4970.55	0.000464373	693.978
28.5320	-0.0816205	-36.7932	0.022518	30.6487	-0.0786402	57.6464	-0.465967	-320.535	-4.91975	1712.19	-98.2835	-172.421	4970.55	-0.000145967	694.885
28.5327	0.522371	-32.2098	0.630503	29.4299	0.524268	53.9842	-0.465967	-376.371	-4.93158	1713.7	-96.4456	-171.054	4972.08	0.000311811	695.489
28.5333	0.228537	-27.6263	0.938249	26.4057	0.524268	50.6119	-0.465967	-282.984	-4.9375	1715.53	-94.7676	-169.215	4973.91	0.000311811	695.652
28.5340	0.228537	-23.9847	0.630503	21.2148	0.524268	40.8636	-0.465967	-188.387	-4.94933	1717.04	-93.7289	-167.849	4975.13	0.000311811	695.652
28.5347	0.522371	-15.6968	0.022518	10.8331	0.524268	24.9766	-0.465967	-93.7898	-4.96215	1717.69	-92.77	-167.084	4975.74	0.000464373	695.954
28.5353	1.14269	2.00919	-0.285228	-6.27417	0.222814	8.79977	0.155322	182.388	-4.96215	1717.53	-92.6102	-167.084	4975.74	0.000159203	696.559
28.5360	1.14269	22.7289	0.022518	-25.187	-0.0786402	-6.45492	0.776611	443.05	-4.97398	1717.21	-93.2494	-167.702	4975.43	0.000159203	697.163
28.5367	0.832529	36.7932	0.330264	-37.0582	-0.0786402	-20.7875	0.776611	282.811	-4.9799	1716.94	-93.5691	-168.158	4974.82	0.000159203	698.093
28.5373	1.14269	42.5696	0.630503	-38.9089	0.524268	-31.774	0.465967	26.4757	-4.99272	1716.61	-93.8088	-168.158	4974.37	-0.000298575	698.698
28.5380	-0.391778	40.1209	0.330264	-33.1312	0.825722	-36.0422	0.776611	211.402	-4.99864	1716.61	-94.1284	-168.158	4974.37	-0.000298575	698.861
28.5387	-0.685612	32.7749	0.022518	-26.0897	0.222814	-36.3583	1.37201	364.892	-5.01047	1716.45	-93.9686	-168.158	4974.21	6.59448e-006	699.163
28.5393	0.522371	23.3568	0.022518	-17.5587	0.222814	-33.3021	1.06137	204.076	-5.02329	1716.45	-93.9686	-167.995	4974.06	-0.000298575	699.767
28.5400	-0.0816205	8.41347	0.330264	-3.52076	0.222814	-22.0258	1.37201	244.684	-5.02329	1717.69	-93.4092	-167.084	4975.13	-0.000298575	700.07
28.5407	-0.685612	-7.15773	0.630503	9.93034	-0.0786402	-9.19497	1.37201	477.486	-5.02921	1719.37	-91.7312	-165.408	4976.81	6.59448e-006	700.674
28.5413	0.228537	-17.5804	0.022518	18.4614	0.222814	2.39754	0.776611	388.714	-5.04104	1720.28	-90.4528	-164.025	4977.57	-0.000145967	700.837
28.5420	-0.0816205	-26.1194	-0.285228	24.555	0.524268	21.6306	0.155322	-79.7156	-5.05386	1720.28	-90.7724	-163.732	4977.11	6.59448e-006	701
28.5427	-0.391778	-29.4471	0.022518	26.0897	0.524268	36.2793	0.155322	-387.676	-5.05978	1719.2	-92.1308	-164.952	4975.59	0.000159203	702.046
28.5433	0.522371	-25.1776	0.330264	23.3363	0.825722	31.089	0.155322	-333.052	-5.07161	1717.69	-93.8088	-166.173	4973.75	-0.000756307	702.674
28.5440	0.832529	-19.9663	0.022518	20.3121	1.14028	21.0246	-0.465967	-189.022	-5.07753	1716.02	-95.4069	-166.937	4972.69	-0.000603745	702.813
28.5447	0.522371	-11.4272	0.330264	12.0518	0.825722	13.9901	-1.37201	-66.3335	-5.09035	1715.37	-96.126	-167.539	4971.62	0.000159203	703.883
28.5453	0.522371	3.51608	0.630503	-1.6701	0.524268	7.58783	-1.37201	-6.80639	-5.10218	1716.18	-95.9662	-167.23	4971.62	6.59448e-006	704.813
28.5460	-0.0816205	16.6386	0.330264	-12.6838	0.524268	-0.948478	0.155322	4.21074	-5.1081	1717.04	-95.2471	-166.628	4972.69	6.59448e-006	704.813
28.5467	-0.0816205	26.1194	0.022518	-21.8016	-0.0786402	-13.1733	0.465967	-23.3032	-5.1081	1717.04	-94.448	-166.01	4973.14	-0.000451137	704.65
28.5473	0.228537	33.4027	0.022518	-30.0619	-0.694655	-24.1598	0.155322	-159.373	-5.12091	1717.37	-94.2882	-165.554	4973.3	-0.000145967	705.417
28.5480	1.14269	32.2098	-0.585468	-29.1591	-0.996109	-25.9778	0.776611	-290.31	-5.13275	1718.12	-94.1284	-165.245	4974.06	-0.000145967	706.487
28.5487	1.14269	22.101	0.022518	-19.6801	-0.996109	-20.7875	0.465967	-284.83	-5.14557	1718.77	-93.0896	-164.643	4974.67	-0.000603745	706.627
28.5493	0.832529	11.4272	0.938249	-8.98245	-0.996109	-14.9912	-0.155322	-167.045	-5.15148	1718.45	-93.5691	-164.952	4973.91	0.000159203	706.789
28.5500	-0.391778	2.57427	0.938249	-0.451379	-1.31067	-11.6452	0.155322	3.86465	-5.1574	1717.04	-95.2471	-166.319	4972.23	0.000311811	707.092
28.5507	-1.30593	-4.39509	0.330264	4.73948	-1.31067	-9.51113	0.465967	26.7641	-5.16332	1715.7	-95.9662	-167.23	4971.31	-0.000298575	707.557
28.5513	-0.99577	-6.59264	-0.285228	4.10755	-0.996109	-4.61066	-0.155322	-37.9543	-5.17515	1715.7	-96.126	-167.23	4971.01	0.000159203	708.463
28.5520	0.228537	-5.65084	0.330264	0.767345	-0.393201	3.00351	-1.06137	82.0228	-5.18205	1716.02	-95.9662	-167.084	4971.16	0.000159203	708.928
28.5527	-0.0816205	-5.96477	0.630503	0.767345	-0.393201	8.1938	-1.37201	156.778	-5.18797	1716.45	-95.0873	-166.319	4972.23	0.000159203	708.928
28.5533	-0.685612	-7.47166	0.330264	2.57286	-0.0786402	11.25	-1.37201	32.2439	-5.19389	1718.61	-92.9298	-164.188	4973.91	0.000464373	709.068
28.5540	-0.685612	-8.7274	0.630503	2.30203	0.222814	16.4403	-0.750724	-26.6488	-5.20572	1720.28	-91.2518	-162.512	4975.28	0.000159203	709.068
28.5547	-0.391778	-6.84379	0.630503	0.767345	0.222814	18.2582	-0.750724	51.7978	-5.21854	1720.61	-90.7724	-162.056	4975.89	6.59448e-006	709.068
28.5553	-0.685612	-4.39509	-0.285228	-0.135414	-0.0786402	14.9122	-1.06137	134.167	-5.22446	1720.88	-90.6126	-161.893	4975.43	0.000159203	709.533
28.5560	-0.685612	-5.96477	0.330264	1.6701	0.222814	17.3624	-0.750724	123.207	-5.23629	1720.72	-90.4528	-162.805	4974.67	6.59448e-006	709.998
28.5567	-0.391778	-7.7856	0.630503	3.83672	0.222814	22.8425	-1.06137	94.5397	-5.24319	1719.96	-90.6126	-163.423	4974.37	-0.000145967	710.3
28.5573	-0.391778	-6.59264	0.330264	3.52076	0.222814	22.2365	-1.37201	129.61	-5.24911	1719.37	-91.4116	-163.732	4974.21	0.000159203	710.44
28.5580	-0.391778	-4.70903	0.022518	2.30203	0.222814	18.2582	-1.06137	114.324	-5.26094	1719.37	-91.092	-163.732	4974.21	0.000159203	710.905
28.5587	0.228537	-6.59264	0.022518	4.73948	0.222814	17.0463	-0.465967	61.8344	-5.27376	1719.37	-90.4528	-163.423	4974.21	-0.000145967	711.509
28.5593	0.522371	-7.47166	0.022518	6.545	0.524268	17.3624	0.155322	42.0497	-5.27968	1719.53	-90.2929	-163.423	4973.75	-0.000145967	711.509
28.5600	-0.0816205	-4.14395	-0.285228	2.88883	0.222814	14.9122	-0.155322	27.3986	-5.2856	1720.72	-88.535	-162.512	4974.52	-0.000298575	711.207
28.5607	-0.0816205	-2.00919	0.022518	0.451379	-0.694655	10.9338	-1.06137	45.0491	-5.29151	1721.47	-87.0967	-160.82	4976.35	6.59448e-006	711.37
28.5613	-0.0816205	-3.83001	0.022518	3.52076	-0.694655	10.3279	-0.155322	-2.24957	-5.30335	1722.71	-86.857	-160.673	4976.65	0.000159203	712.277
28.5620	0.228537	-4.70903	-0.285228	5.32628	-0.393201	8.1938	0.465967	-270.468	-5.31025	1723.63	-86.2178	-160.982	4976.2	-0.000298575	712.137
28.5627	-0.0816205	-2.00919	-0.285228	4.10755	-0.0786402	-0.342506	-0.465967	-621.112	-5.31617	1722.28	-86.6972	-161.291	4975.59	-0.000298575	712.579
28.5633	-0.391778	1.69525	-0.285228	2.57286	0.222814	-11.6452	-0.155322	-723.67	-5.32208	1720.61	-88.3752	-163.114	4974.06	-0.000298575	713.951
28.5640	0.832529	5.02297	-0.285228	0.135414	0.222814	-20.4977	0.155322	-493.579	-5.328	1719.37	-89.5738	-165.099	4972.84	-0.000298575	714.253
28.5647	2.05684	8.41347	0.022518	-2.88883	0.524268	-21.7096	0.465967	-201.481	-5.34082	1718.88	-89.7336	-165.099	4972.38	-0.000145967	714.253
28.5653	1.43652	9.92036	0.022518	-2.57286	0.524268	-17.7313	0.776611	-51.048	-5.34674	1719.04	-89.2542	-164.497	4972.53	-0.000451137	714.718
28.5660	1.14269	7.15773	0.022518	-0.135414	-0.0786402	-17.1253	1.37201	51.1633	-5.35265	1719.2	-88.9345	-164.334	4973.14	-0.000451137	714.578
28.5667	1.14269	1.06738	0.330264	3.83672	-0.393201	-20.1815	1.06137	155.22	-5.36449	1719.69	-88.6149	-163.879	4973.45	-0.000298575	714.578
28.5673	0.522371	-5.65084	0.022518	6.27417	-0.0786402	-21.1036	0.155322	238.858	-5.37731	1720.45	-88.0556	-163.423	4973.14	-0.000145967	715.02
28.5680	0.832529	-9.60642	0.022518	6.86097	0.524268	-20.7875	-0.155322	272.14	-5.38914	1720.72	-87.5762	-163.732	4973.45	6.59448e-006	715.183
28.5687	1.14269	-10.2343	0.330264	6.86097	0.825722	-18.3636	0.155322	263.892	-5.39506	1720.72	-87.5762	-163.732	4973.6	6.59448e-006	715.323
28.5693	0.522371	-10.2343	-0.585468	6.27417	0.825722	-12.8571	-1.06137	342.915	-5.40196	1720.88	-87.8958	-163.569	4972.99	-0.000298575	715.648
28.5700	0.832529	-13.8759	-0.893213	11.1491	0.524268	-5.53279	-1.06137	440.281	-5.41379	1719.96	-88.3752	-164.025	4972.23	-0.000145967	715.95
28.5707	1.43652	-20.9081	-0.585468	22.1176	1.14028	4.24181	0.776611	464.104	-5.42563	1718.77	-89.2542	-165.245	4971.31	0.000311811	716.555
28.5713	1.74668	-22.415	-0.893213	24.871	1.44174	14.596	0.776611	492.483	-5.43154	1718.61	-90.0532	-166.01	4970.55	6.59448e-006	716.857
28.5720	1.43652	-12.683	-0.585468	13.5865	1.14028	18.2582	-0.155322	357.278	-5.43154	1718.77	-90.0532	-165.717	4970.7	-0.000298575	716.694
28.5727	1.43652	1.69525	0.022518	-1.98607	1.14028	14.596	-0.155322	-59.9309	-5.44436	1719.2	-89.2542	-164.952	4971.62	6.59448e-006	716.857
28.5733	1.74668	13.8759	0.330264	-14.1733	1.14028	2.7137	0.776611	-530.783	-5.45028	1720.88	-87.0967	-163.277	4973.6	0.000616981	717.159
28.5740	0.228537	26.6845	0.330264	-24.2391	1.14028	-17.7313	1.06137	-774.025	-5.46211	1722.71	-85.5785	-161.584	4975.43	0.000616981	717.02
28.5747	-0.99577	34.9724	0.938249	-29.7459	1.14028	-34.2243	0.776611	-571.679	-5.46901	1722.87	-85.7383	-161.291	4975.59	0.000159203	716.253
28.5753	-0.99577	37.1072	0.938249	-29.7459	1.14028	-39.0984	0.155322	-241.166	-5.48085	1722.39	-85.7383	-161.438	4974.82	-0.000145967	716.392
28.5760	-0.99577	36.4793	0.330264	-27.9404	1.14028	-38.2026	-0.155322	-83.1188	-5.48676	1722.55	-85.4187	-161.291	4974.67	0.000311811	717.159
28.5767	-1.30593	32.2098	0.630503	-23.6523	0.524268	-35.4362	-0.465967	171.14	-5.49268	1722.28	-85.8981	-161.291	4974.21	0.000616981	717.624
28.5773	-0.99577	24.2358	1.24599	-16.9267	-0.0786402	-29.3501	-1.37201	500.731	-5.5055	1722.55	-86.058	-161.291	4973.6	6.59448e-006	718.229
28.5780	-0.99577	18.4594	0.330264	-12.9546	-0.694655	-24.1598	-3.20999	531.245	-5.51142	1722.55	-85.7383	-161.129	4973.6	-0.000145967	718.392
28.5787	-0.391778	18.7733	-0.585468	-14.1733	-1.31067	-24.4497	-2.89935	246.472	-5.51733	1722.12	-86.2178	-160.673	4973.45	6.59448e-006	718.392
28.5793	0.228537	16.3246	0.022518	-13.5865	-0.694655	-21.1036	-1.37201	76.4854	-5.52325	1722.39	-86.5374	-160.218	4973.91	-0.000145967	718.392
28.5800	0.228537	5.02297	0.022518	-7.76372	0.222814	-10.7231	-0.465967	120.439	-5.53607	1723.04	-85.8981	-158.997	4974.67	-0.000145967	718.694
28.5807	-0.391778	-10.8622	-0.893213	3.20479	-0.0786402	5.13759	-0.465967	106.71	-5.54199	1724.22	-84.38	-157.159	4975.74	-0.000145967	718.833
28.5813	-0.391778	-24.5497	-0.893213	16.024	-0.996109	28.9549	-1.68266	18.8041	-5.5479	1725.63	-83.5809	-155.792	4976.96	-0.000298575	718.392
28.5820	-0.0816205	-33.7167	-0.585468	25.5029	-0.996109	53.9842	-3.20999	-65.699	-5.55974	1725.79	-83.7407	-155.792	4976.96	0.000159203	718.229
28.5827	0.228537	-39.807	-0.585468	33.1312	-0.393201	68.9228	-4.11604	-142.934	-5.56664	1724.87	-84.8594	-156.866	4975.13	-0.000145967	719.136
28.5833	0.832529	-45.3323	-0.285228	40.7596	0.222814	70.4509	-4.42668	-180.139	-5.57256	1723.2	-86.5374	-158.086	4973.14	-0.000603745	720.066
28.5840	0.522371	-48.346	0.022518	45.6344	-0.0786402	64.6546	-4.73733	-154.817	-5.58439	1721.96	-87.8958	-158.997	4972.38	-0.000145967	720.368
28.5847	0.522371	-46.2113	0.022518	44.6866	-0.393201	56.1183	-4.42668	-66.6219	-5.59031	1721.47	-88.2154	-159.762	4972.23	-0.000145967	720.368
28.5853	0.228537	-39.2419	0.022518	38.9089	-0.393201	41.1534	-4.73733	-31.8401	-5.59721	1721.79	-88.2154	-159.762	4972.23	-0.000451137	720.531
28.5860	-0.0816205	-27.6263	0.938249	29.1591	-0.0786402	20.1025	-3.49475	-62.0651	-5.60904	1722.28	-88.0556	-158.851	4972.53	-0.000298575	720.531
28.5867	-0.0816205	-12.0551	0.330264	16.6108	-0.0786402	0.869438	-0.750724	-103.538	-5.61496	1722.71	-87.5762	-157.923	4972.99	-0.000145967	720.368
28.5873	0.522371	4.14395	-0.285228	1.08331	-0.393201	-17.7313	1.68266	-409.653	-5.62088	1723.04	-87.2565	-157.777	4972.99	-0.000145967	720.531
28.5880	0.522371	20.9081	0.022518	-15.1212	-0.393201	-38.4924	2.89935	-709.942	-5.62778	1723.47	-86.9369	-157.321	4973.14	6.59448e-006	720.973
28.5887	-0.0816205	35.8514	0.330264	-27.3084	-0.0786402	-58.9374	3.20999	-477.082	-5.63961	1723.47	-86.6972	-156.703	4973.45	0.000159203	720.973
28.5893	-0.0816205	49.9157	0.022518	-38.9089	-0.0786402	-74.1921	3.83128	-109.652	-5.64553	1723.47	-87.0967	-157.012	4973.3	-0.000145967	720.973
28.5900	0.522371	64.2312	0.630503	-52.6308	-0.0786402	-79.3824	4.42668	85.3683	-5.65145	1723.04	-88.2154	-157.777	4972.23	6.59448e-006	721.438
28.5907	0.228537	70.3215	0.938249	-59.6723	0.222814	-73.5861	3.83128	263.604	-5.66427	1721.63	-89.0944	-158.997	4970.7	-0.000145967	721.74
28.5913	-0.0816205	59.3338	0.938249	-50.8253	-0.0786402	-59.8595	3.52064	371.295	-5.6761	1720.45	-90.0532	-159.762	4969.94	6.59448e-006	721.577
28.5920	-0.0816205	35.5375	0.630503	-28.5272	-0.0786402	-43.9988	3.83128	309.056	-5.6761	1721.36	-89.8934	-158.851	4970.25	0.000159203	722.205
28.5927	0.228537	12.9969	-0.285228	-7.4929	-0.0786402	-29.3501	4.11604	217.17	-5.68202	1723.47	-87.736	-156.703	4972.23	6.59448e-006	723.274
28.5933	0.522371	-5.96477	-0.285228	6.545	-0.393201	-10.1171	3.83128	203.788	-5.68793	1724.39	-86.5374	-155.336	4974.52	0.000616981	722.042
28.5940	0.522371	-21.8499	-0.893213	16.024	-0.393201	12.4619	3.20999	128.687	-5.70075	1724.98	-85.4187	-154.425	4975.43	6.59448e-006	720.368
28.5947	0.832529	-28.2542	-0.893213	19.3642	-0.0786402	22.2365	2.5887	26.4757	-5.70667	1726.22	-84.0603	-153.205	4975.13	-0.000603745	720.205
28.5953	1.14269	-27.3124	-0.285228	18.7774	-0.0786402	25.8987	1.68266	-7.44089	-5.71259	1725.79	-84.8594	-153.205	4975.13	0.000311811	720.531
28.5960	0.832529	-30.7029	-0.285228	22.1176	-0.0786402	39.6253	0.776611	78.3312	-5.72541	1724.71	-85.7383	-154.116	4974.52	0.00107471	720.833
28.5967	0.522371	-33.4027	0.330264	26.4057	0.524268	52.14	0.155322	314.825	-5.73132	1724.98	-85.0192	-154.263	4973.6	0.000616981	721.135
28.5973	-0.0816205	-29.7611	0.330264	24.555	0.222814	53.0621	-0.750724	394.194	-5.74316	1726.06	-83.9005	-153.042	4974.06	6.59448e-006	721.903
28.5980	-0.685612	-30.3889	0.330264	25.187	-0.393201	53.9842	-0.750724	186.08	-5.75499	1725.9	-84.2201	-152.44	4974.52	-0.000298575	721.275
28.5987	-0.99577	-33.0888	0.630503	28.2112	-0.0786402	56.7243	-1.06137	-27.2256	-5.75499	1724.71	-84.6996	-152.733	4974.06	-0.000451137	719.763
28.5993	-0.99577	-25.4916	-0.285228	21.2148	-0.0786402	48.7939	-0.750724	-131.917	-5.76189	1724.22	-84.6996	-153.351	4973.75	0.000159203	719.601
28.6000	-0.391778	-9.60642	-0.585468	5.64224	-0.393201	28.0328	0.155322	-126.149	-5.77373	1725.79	-83.3412	-152.278	4974.37	6.59448e-006	719.903
28.6007	0.228537	6.52986	0.630503	-9.93034	-0.0786402	5.13759	0.155322	50.2404	-5.78556	1728.06	-80.8641	-150.146	4976.04	-0.000145967	719.601
28.6013	0.522371	23.9847	0.938249	-24.2391	0.825722	-11.935	0.465967	229.11	-5.79246	1728.97	-79.1861	-148.779	4977.11	6.59448e-006	719.298
28.6020	0.522371	38.3001	0.630503	-33.718	0.524268	-25.688	1.37201	-37.6082	-5.79838	1728.38	-79.0263	-148.779	4976.5	-0.000145967	719.298
28.6027	0.832529	42.5696	0.630503	-33.4021	0.222814	-34.8302	1.68266	-633.629	-5.8043	1727.14	-79.9852	-149.69	4975.13	-0.000298575	719.763
28.6033	1.14269	38.614	-0.285228	-28.8431	0.524268	-36.3583	1.68266	-739.244	-5.81613	1725.63	-81.5034	-151.366	4973.3	-0.000451137	719.461
28.6040	1.74668	35.8514	-0.893213	-27.9404	0.524268	-38.2026	1.68266	-235.397	-5.82895	1724.55	-82.5421	-152.587	4972.08	-0.000451137	719.136
28.6047	1.43652	34.3445	-0.585468	-27.3084	0.222814	-46.7389	1.68266	233.379	-5.82895	1724.22	-82.5421	-152.44	4972.69	-0.000451137	719.601
28.6053	1.14269	26.6845	-0.585468	-19.9961	0.222814	-50.4011	1.37201	402.442	-5.82895	1724.87	-81.9029	-152.131	4972.99	-0.000298575	719.763
28.6060	0.522371	14.1899	-0.893213	-9.61438	-0.0786402	-37.8864	1.9933	350.875	-5.8467	1725.63	-80.7043	-151.675	4972.99	-0.000756307	718.996
28.6067	-0.685612	1.06738	0.022518	-0.451379	-0.393201	-17.4415	2.30395	150.375	-5.8536	1725.79	-80.145	-150.911	4973.6	-0.000451137	718.229
28.6073	-1.30593	-11.4272	0.630503	8.71162	-0.393201	1.1856	1.9933	-53.8167	-5.8536	1726.22	-80.145	-150.455	4973.6	0.000159203	718.694
28.6080	-0.99577	-17.8315	0.330264	12.3678	-0.0786402	20.3923	1.37201	-98.635	-5.86543	1726.81	-79.5057	-150	4973.75	-0.000298575	719.136
28.6087	-1.30593	-18.4594	0.330264	8.07969	-0.0786402	39.0193	0.776611	-107.806	-5.87135	1726.54	-79.1861	-150	4974.37	-0.000451137	718.229
28.6093	-1.30593	-20.2802	0.630503	6.27417	0.222814	49.6897	0.776611	-202.115	-5.88318	1726.54	-79.5057	-149.544	4974.52	6.59448e-006	717.764
28.6100	-0.99577	-23.3568	0.630503	8.98245	0.222814	53.0621	1.37201	-191.156	-5.89009	1726.06	-79.9852	-149.837	4973.6	-0.000145967	718.229
28.6107	-0.685612	-22.415	-0.285228	10.8331	-0.0786402	57.3302	1.37201	-66.9103	-5.896	1724.55	-81.0239	-151.675	4971.31	-0.000603745	718.089
28.6113	-0.391778	-18.7733	-0.285228	9.61438	-0.0786402	66.4725	0.776611	-15.9777	-5.896	1723.79	-82.2225	-152.587	4970.55	-0.000451137	717.764
28.6120	-0.0816205	-17.8315	0.330264	8.71162	0.524268	74.4292	0.465967	7.21016	-5.91375	1724.22	-82.0627	-151.675	4971.31	0.000159203	717.927
28.6127	-0.0816205	-19.0873	0.330264	10.5171	0.524268	74.719	0.465967	91.771	-5.92657	1725.79	-80.7043	-149.837	4972.69	0.000159203	717.624
28.6133	-0.0816205	-19.7151	-0.285228	11.7359	0.222814	66.7887	0.465967	133.59	-5.93249	1727.62	-78.8665	-148.161	4974.52	-0.000145967	716.857
28.6140	-0.391778	-18.7733	-0.585468	12.0518	0.222814	53.9842	0.465967	59.4117	-5.93841	1728.54	-77.8277	-146.941	4975.43	-0.000298575	716.253
28.6147	-0.685612	-16.0107	0.022518	11.465	0.825722	42.6815	1.06137	-45.5682	-5.93841	1729.14	-77.5081	-146.176	4976.2	0.000159203	715.95
28.6153	-0.99577	-15.6968	0.630503	11.465	1.14028	33.8291	1.68266	-102.615	-5.94432	1728.97	-77.9875	-146.339	4976.04	6.59448e-006	716.09
28.6160	-0.685612	-16.6386	0.330264	12.9546	0.524268	21.6306	2.30395	-178.293	-5.96306	1728.38	-78.467	-146.794	4974.82	6.59448e-006	716.253
28.6167	-0.0816205	-17.2664	-0.285228	15.708	0.524268	8.50996	2.89935	-294.002	-5.96898	1728.06	-78.8665	-146.632	4974.52	0.000464373	715.95
28.6173	0.832529	-19.0873	-0.585468	18.7774	0.825722	0.263466	2.5887	-293.079	-5.96898	1727.89	-79.3459	-146.941	4974.37	6.59448e-006	715.183
28.6180	0.832529	-18.1455	-0.585468	17.8746	0.524268	-4.00469	1.37201	-115.132	-5.97489	1727.46	-79.6655	-147.25	4974.06	-0.000298575	714.253
28.6187	0.832529	-15.6968	-0.585468	15.392	0.825722	-7.66687	0.465967	88.0794	-5.98771	1726.98	-80.3847	-147.25	4973.45	-0.000145967	714.253
28.6193	-0.0816205	-16.3246	-0.585468	16.9267	0.825722	-11.6452	0.155322	170.506	-5.99363	1727.46	-80.145	-146.176	4973.6	-0.000451137	713.951
28.6200	-0.685612	-13.2481	-0.285228	15.708	0.222814	-17.1253	-0.155322	76.8315	-5.99955	1728.38	-79.1861	-144.647	4975.28	0.000464373	713.509
28.6207	-0.685612	-0.43951	0.330264	4.73948	-0.0786402	-27.5059	-0.155322	-102.961	-6.00546	1730.05	-78.1473	-143.735	4976.5	0.000311811	713.648
28.6213	0.228537	11.7412	0.630503	-4.73948	0.524268	-37.8864	0.155322	-97.1353	-6.01138	1731.13	-77.0287	-142.515	4976.96	-0.000451137	712.881
28.6220	0.522371	13.8759	0.630503	-5.05545	0.825722	-45.2108	0.776611	164.392	-6.0242	1730.65	-77.8277	-142.678	4976.35	-0.000298575	712.579
28.6227	0.228537	9.92036	0.630503	-0.451379	0.524268	-47.3449	0.776611	556.855	-6.0242	1729.41	-79.3459	-143.589	4975.13	-0.000298575	713.207
28.6233	0.522371	13.8759	-0.285228	-4.42352	0.524268	-51.9292	0.776611	830.611	-6.03012	1728.22	-80.3847	-144.045	4973.6	-0.000298575	713.509
28.6240	1.43652	36.1654	-0.893213	-25.7738	0.524268	-69.6341	-0.465967	696.617	-6.04195	1726.98	-81.9029	-145.118	4972.53	-0.000451137	713.044
28.6247	2.05684	58.7687	-0.285228	-47.44	0.825722	-87.3127	-1.37201	378.966	-6.04885	1726.71	-82.8617	-145.411	4971.77	-0.000603745	712.881
28.6253	1.74668	63.3522	0.022518	-50.5093	0.825722	-93.4251	-1.37201	-118.189	-6.05477	1727.14	-82.8617	-145.411	4971.62	-0.000298575	712.742
28.6260	2.36699	57.513	0.330264	-43.7838	0.524268	-92.8191	-1.06137	-992.811	-6.05477	1727.62	-82.3823	-144.647	4972.84	6.59448e-006	711.812
28.6267	2.66083	49.9157	0.330264	-37.3742	0.524268	-87.0229	-1.06137	-1325.75	-6.0666	1728.22	-81.5034	-142.824	4973.6	6.59448e-006	711.812
28.6273	1.74668	42.2557	-0.585468	-33.1312	0.222814	-78.4602	-1.37201	-540.532	-6.0666	1728.65	-81.5034	-142.06	4973.6	0.000159203	711.812
28.6280	0.832529	29.1332	-0.585468	-22.4336	0.222814	-63.8115	-1.06137	454.932	-6.07252	1728.65	-81.823	-142.206	4973.45	0.000311811	711.812
28.6287	0.832529	7.15773	-0.893213	-4.42352	-0.0786402	-34.5404	-1.06137	877.275	-6.08534	1728.38	-81.823	-141.913	4973.45	0.000159203	710.765
28.6293	0.522371	-10.5482	-1.80894	8.98245	-0.0786402	0.263466	-1.06137	718.305	-6.09717	1727.89	-82.3823	-141.913	4973.45	-0.000145967	709.37
28.6300	0.522371	-20.5942	-1.5012	16.9267	0.825722	28.6388	-0.155322	352.087	-6.09717	1727.14	-83.7407	-142.678	4972.53	-0.000145967	709.696
28.6307	0.832529	-28.5053	-0.285228	23.3363	0.825722	49.3999	0.776611	5.42204	-6.10309	1726.22	-84.6996	-143.426	4971.31	0.000159203	710.3
28.6313	0.228537	-34.9724	-0.285228	26.9925	-0.0786402	61.3086	1.06137	-308.018	-6.10901	1726.22	-84.38	-143.28	4971.16	0.000616981	710.3
28.6320	0.228537	-36.1654	-0.585468	26.9925	-0.0786402	65.8665	1.06137	-430.706	-6.11591	1726.71	-84.2201	-142.824	4971.62	0.000769543	709.998
28.6327	0.832529	-32.5237	-0.585468	23.3363	0.524268	65.8665	1.06137	-392.521	-6.12183	1727.73	-83.501	-141.441	4972.99	0.000464373	709.231
28.6333	0.832529	-28.2542	-0.285228	18.7774	0.524268	57.0141	0.465967	-399.558	-6.13366	1729.89	-80.7043	-139.31	4975.13	0.000311811	708.626
28.6340	0.522371	-24.8637	0.330264	16.024	0.222814	46.6599	0.155322	-407.518	-6.13366	1730.81	-79.1861	-137.943	4975.89	0.000464373	708.161
28.6347	-0.0816205	-23.0429	0.330264	16.6108	0.524268	44.8156	0.155322	-381.273	-6.13366	1731.24	-79.0263	-137.487	4975.89	0.000311811	707.557
28.6353	-1.30593	-23.3568	0.330264	19.3642	-0.0786402	47.2658	-0.750724	-349.203	-6.14648	1731.24	-79.1861	-137.178	4975.59	6.59448e-006	707.092
28.6360	-0.391778	-19.0873	0.938249	16.6108	-0.393201	44.2096	-1.06137	-206.384	-6.15831	1730.48	-79.8253	-137.325	4974.67	0.000311811	706.789
28.6367	0.832529	-7.15773	0.938249	6.27417	0.222814	32.9069	0.155322	-6.80639	-6.15831	1730.05	-80.145	-137.487	4974.37	0.000159203	706.487
28.6373	0.522371	8.7274	0.630503	-8.39565	-0.0786402	14.9122	1.9933	69.506	-6.16423	1730.05	-79.8253	-137.178	4974.82	-0.000145967	706.185
28.6380	0.522371	24.2358	0.330264	-23.0203	-0.393201	-3.08255	2.89935	96.0394	-6.17015	1730.32	-79.8253	-136.723	4974.67	-0.000145967	705.72
28.6387	0.832529	34.0306	0.938249	-30.9646	-0.393201	-16.5193	2.30395	160.412	-6.17705	1730.21	-79.9852	-136.723	4974.21	-0.000145967	705.115
28.6393	0.228537	33.4027	0.022518	-30.0619	-0.0786402	-25.688	1.37201	137.224	-6.18296	1730.05	-79.5057	-136.104	4974.52	-0.000298575	704.65
28.6400	0.228537	27.9402	-0.585468	-25.5029	-0.393201	-28.7178	0.776611	60.3346	-6.18888	1731.24	-78.8665	-134.738	4975.59	0.000159203	703.883
28.6407	0.228537	20.5942	-0.585468	-18.7774	-0.393201	-25.0556	0.465967	135.724	-6.1948	1732.32	-77.9875	-133.517	4976.2	0.000616981	703.116
28.6413	0.228537	10.5482	-0.585468	-10.8331	-0.0786402	-21.3935	-0.465967	444.838	-6.20762	1732.81	-76.6291	-132.899	4976.35	6.59448e-006	703.116
28.6420	0.522371	1.69525	-0.893213	-3.83672	0.222814	-19.8917	-0.750724	775.064	-6.21353	1733.24	-76.3095	-132.134	4976.2	-0.000603745	702.813
28.6427	0.522371	-3.83001	-0.893213	1.6701	0.222814	-12.8571	-0.465967	811.057	-6.21945	1731.56	-78.3072	-132.753	4974.98	-0.000145967	702.046
28.6433	1.14269	-8.09953	-0.585468	5.95821	-0.393201	-0.948478	-0.155322	567.815	-6.21945	1729.57	-80.2249	-134.738	4973.3	6.59448e-006	702.209
28.6440	1.74668	-10.2343	-0.585468	8.39565	-0.393201	1.79157	1.06137	290.425	-6.22537	1728.81	-80.7043	-135.34	4972.38	-0.000298575	702.372
28.6447	1.14269	-9.29249	-0.585468	8.07969	-0.0786402	-3.71487	1.68266	-38.5311	-6.2372	1728.54	-80.7043	-135.34	4972.23	-0.000603745	701.442
28.6453	-0.685612	-8.41347	-0.285228	6.545	-0.0786402	-10.4069	0.776611	-346.492	-6.2372	1728.54	-80.7043	-134.884	4972.08	-0.000451137	700.837
28.6460	-1.59976	-9.29249	0.330264	6.86097	-0.0786402	-11.0392	0.155322	-356.817	-6.25002	1729.57	-80.3847	-133.827	4972.84	6.59448e-006	700.372
28.6467	-0.99577	-9.29249	0.630503	7.17693	0.524268	0.263466	1.06137	-281.139	-6.25594	1730.97	-79.0263	-132.444	4974.06	-0.000451137	700.372
28.6473	-1.30593	-10.2343	0.330264	7.4929	0.825722	14.9122	1.9933	-258.297	-6.25594	1730.97	-78.1473	-131.679	4974.37	-0.000451137	700.07
28.6480	-2.22008	-17.2664	0.330264	12.9546	0.524268	25.5826	1.06137	-139.243	-6.26185	1729.89	-78.8665	-132.297	4973.75	0.000311811	698.861
28.6487	-2.22008	-23.9847	0.022518	17.8746	0.825722	31.089	0.465967	64.8915	-6.26777	1730.05	-78.7067	-132.134	4973.6	0.000159203	697.931
28.6493	-1.59976	-21.8499	-0.285228	14.1733	0.825722	29.5609	-0.155322	170.506	-6.27467	1730.81	-78.3072	-131.386	4973.6	-0.000145967	697.791
28.6500	-0.685612	-16.0107	-0.285228	9.93034	0.825722	26.2149	-1.06137	13.036	-6.28059	1729.73	-79.6655	-132.134	4972.38	-0.000145967	697.628
28.6507	-1.59976	-15.3828	0.330264	12.6838	0.825722	26.2149	-1.06137	-207.595	-6.28651	1728.38	-80.3847	-132.899	4971.47	6.59448e-006	697.931
28.6513	-3.44438	-16.3246	0.330264	15.1212	0.222814	26.8209	-1.37201	-333.975	-6.29242	1728.38	-79.9852	-133.062	4971.16	0.000311811	698.233
28.6520	-2.82407	-8.97855	0.330264	8.07969	0.222814	17.9684	-1.68266	-460.297	-6.29834	1728.81	-80.2249	-132.753	4971.62	0.000922151	696.861
28.6527	-1.30593	3.20214	0.630503	-1.98607	0.524268	-0.658665	-1.06137	-543.589	-6.30524	1729.41	-79.3459	-131.386	4973.14	0.00107471	695.489
28.6533	-0.99577	12.9969	0.630503	-7.76372	0.222814	-18.3636	-0.155322	-363.565	-6.30524	1730.97	-76.8689	-129.547	4974.67	0.000616981	694.722
28.6540	-0.0816205	22.7289	0.330264	-14.8052	0.222814	-33.3021	1.06137	-19.9001	-6.31116	1732.16	-75.6703	-128.473	4974.82	0.000159203	693.513
28.6547	1.74668	37.3583	-0.585468	-27.6244	0.524268	-51.613	0.776611	101.865	-6.32299	1733.24	-75.1908	-127.871	4975.43	0.000159203	693.211
28.6553	2.66083	52.3644	-1.20096	-41.3463	0.524268	-66.8677	0.155322	79.5425	-6.32299	1733.24	-74.7913	-127.871	4975.74	0.000159203	693.35
28.6560	2.66083	53.8713	-0.893213	-44.0998	0.222814	-69.9239	0.155322	21.5728	-6.32299	1732.16	-75.1908	-128.018	4974.82	6.59448e-006	692.443
28.6567	1.74668	40.7488	-0.893213	-34.9368	-0.0786402	-60.1493	-0.750724	-175.87	-6.32299	1731.89	-76.4693	-128.181	4973.75	-0.000145967	691.536
28.6573	0.522371	25.8055	-0.585468	-23.9682	-0.0786402	-40.0205	-1.37201	-159.373	-6.32891	1731.56	-76.7889	-128.327	4974.06	-0.000298575	690.607
28.6580	0.228537	14.8177	0.330264	-13.9025	-0.393201	-17.7313	-0.465967	216.593	-6.34173	1731.24	-76.7889	-128.018	4974.67	-0.000145967	690.304
28.6587	-0.685612	7.47166	0.330264	-6.86097	-0.694655	-4.32085	0.155322	504.077	-6.34173	1731.24	-77.1885	-128.018	4973.6	-0.000145967	690.304
28.6593	-1.59976	2.88821	-0.585468	-1.35414	-0.694655	3.00351	-1.06137	514.46	-6.34765	1731.13	-77.0287	-127.416	4973.14	-0.000603745	688.793
28.6600	-0.99577	-3.51608	-0.285228	5.32628	-0.694655	11.5662	-1.96742	338.935	-6.35356	1732.48	-75.6703	-126.342	4974.52	-0.000908915	687.723
28.6607	-0.0816205	-11.1133	0.630503	10.2012	-0.393201	18.8905	-1.96742	76.197	-6.35948	1734.16	-74.1521	-125.122	4976.5	-0.000451137	687.723
28.6613	-0.0816205	-17.8315	0.630503	13.2706	-0.0786402	28.349	-0.750724	-64.4877	-6.3654	1734.75	-73.6726	-123.901	4977.72	6.59448e-006	687.398
28.6620	-0.391778	-25.8055	0.330264	17.2427	-0.694655	44.5258	-0.750724	-19.6116	-6.3654	1734.48	-74.3119	-124.048	4976.96	-0.000145967	686.793
28.6627	-0.391778	-31.8958	-0.285228	21.2148	-0.694655	56.4081	-1.06137	41.7036	-6.37822	1733.56	-75.3507	-124.813	4975.28	-0.000603745	686.793
28.6633	0.832529	-33.4027	-1.20096	23.9682	-0.0786402	54.88	-1.37201	50.5865	-6.38413	1732.48	-76.3095	-126.033	4973.75	-0.000451137	686.793
28.6640	1.74668	-32.2098	-1.20096	23.9682	-0.0786402	46.3437	-2.27806	62.7573	-6.38413	1730.97	-77.5081	-126.96	4972.84	-0.000908915	685.584
28.6647	1.43652	-29.7611	-0.285228	23.3363	-0.0786402	40.5474	-2.5887	73.486	-6.39005	1729.89	-78.7067	-127.107	4972.53	-0.000908915	684.654
28.6653	0.228537	-27.3124	-0.285228	22.4336	-0.0786402	39.6253	-1.96742	62.4689	-6.39005	1730.65	-78.5469	-126.342	4972.84	6.59448e-006	684.654
28.6660	-0.99577	-24.8637	-0.893213	20.5829	-0.393201	38.4134	-1.06137	104.288	-6.39597	1731.89	-77.6679	-125.577	4973.6	0.000159203	684.212
28.6667	-0.685612	-20.5942	-0.893213	16.6108	-0.694655	28.6388	-0.155322	209.845	-6.40287	1731.56	-77.6679	-125.268	4973.91	-0.000145967	683.143
28.6673	-0.0816205	-16.3246	-0.285228	14.1733	-0.393201	13.3841	-0.155322	267.872	-6.40879	1731.89	-77.3483	-124.357	4973.91	-0.000298575	682.678
28.6680	-0.391778	-14.1899	-0.285228	12.6838	-0.0786402	2.7137	-0.465967	227.899	-6.40879	1732.81	-76.8689	-123.446	4973.91	-0.000298575	682.515
28.6687	-0.391778	-5.65084	-0.893213	4.42352	-0.393201	-10.4069	-0.465967	40.4923	-6.4147	1731.89	-78.1473	-124.048	4973.75	0.000464373	681.004
28.6693	-0.0816205	10.2343	-0.585468	-9.29841	-0.393201	-28.428	-0.465967	-318.401	-6.4147	1731.24	-78.8665	-124.666	4973.14	0.000616981	680.074
28.6700	0.832529	24.8637	0.022518	-21.5308	0.222814	-41.2325	-0.465967	-575.659	-6.42062	1730.81	-79.5057	-125.268	4972.23	-0.000145967	679.934
28.6707	0.832529	37.3583	0.022518	-33.4021	-0.0786402	-51.3232	-0.750724	-575.025	-6.42654	1729.73	-80.8641	-126.033	4970.7	6.59448e-006	679.469
28.6713	0.228537	46.2113	0.022518	-41.3463	-0.0786402	-61.0715	-0.155322	-520.747	-6.43344	1729.3	-81.3436	-125.886	4970.09	0.000464373	679.027
28.6720	1.14269	42.5696	0.630503	-36.1555	0.222814	-57.4093	0.776611	-267.411	-6.43344	1729.89	-80.7043	-124.975	4971.16	0.000159203	678.4
28.6727	2.36699	26.3706	0.630503	-20.3121	-0.0786402	-41.2325	0.776611	234.59	-6.43936	1731.4	-79.5057	-122.99	4973.14	0.000159203	677.028
28.6733	1.74668	10.5482	0.022518	-3.83672	0.222814	-24.4497	0.155322	417.094	-6.43936	1732.81	-78.3072	-121.314	4974.52	0.000464373	675.656
28.6740	1.43652	0.753445	-0.585468	6.545	0.222814	-7.98302	-0.465967	241.627	-6.43936	1733.56	-77.0287	-120.24	4974.98	0.000159203	674.447
28.6747	1.74668	-6.27871	-0.585468	9.93034	-0.0786402	10.0381	-0.465967	84.4454	-6.45119	1733.99	-76.6291	-119.622	4975.28	0.000311811	673.68
28.6753	2.05684	-10.2343	-0.285228	8.39565	0.222814	22.8425	-0.155322	-28.783	-6.45711	1733.4	-77.1885	-120.24	4974.82	0.000769543	673.377
28.6760	1.43652	-10.5482	0.330264	2.88883	-0.0786402	27.4268	-0.750724	-105.384	-6.45711	1733.24	-77.5081	-120.24	4974.37	0.000311811	673.517
28.6767	0.832529	-7.7856	-0.285228	-3.20479	-0.0786402	28.9549	-1.37201	-177.37	-6.46302	1733.4	-77.9875	-120.094	4974.21	-0.000298575	673.377
28.6773	0.522371	-6.84379	-0.285228	-3.52076	0.825722	36.5691	-0.750724	-192.367	-6.46993	1732.81	-78.1473	-120.094	4973.6	6.59448e-006	671.843
28.6780	0.832529	-10.2343	0.330264	3.20479	0.222814	49.0837	-0.465967	-107.518	-6.46993	1732.64	-78.3072	-120.24	4973.6	0.000464373	670.308
28.6787	1.74668	-15.1317	0.330264	11.1491	-0.393201	46.3437	-0.465967	-134.974	-6.46302	1733.08	-78.1473	-119.931	4973.45	0.000159203	669.866
28.6793	2.36699	-20.2802	0.022518	18.7774	0.825722	31.089	-0.155322	-273.236	-6.47584	1733.56	-77.5081	-118.874	4973.91	-0.000145967	669.401
28.6800	2.05684	-24.5497	-0.285228	23.9682	0.825722	22.8425	0.776611	-204.884	-6.48768	1734.32	-76.3095	-117.491	4975.74	6.59448e-006	668.03
28.6807	2.05684	-23.0429	-0.285228	21.2148	0.222814	18.2582	1.06137	153.721	-6.49359	1735.4	-75.1908	-116.58	4976.65	6.59448e-006	666.96
28.6813	1.14269	-12.683	0.022518	11.1491	0.524268	8.1938	0.465967	618.171	-6.49359	1736.15	-74.4717	-115.961	4976.5	-0.000603745	666.193
28.6820	-0.0816205	5.65084	0.022518	-5.64224	0.222814	-7.37705	-0.155322	917.883	-6.49359	1735.23	-74.9511	-115.961	4976.2	-0.000451137	665.588
28.6827	-0.685612	26.1194	0.022518	-23.6523	0.222814	-23.8437	-1.68266	724.996	-6.49359	1734.16	-75.9899	-117.035	4974.82	-0.000145967	666.053
28.6833	-0.99577	37.1072	0.630503	-30.6487	0.222814	-36.6745	-1.96742	-50.1251	-6.50641	1733.72	-76.6291	-117.637	4973.3	-0.000145967	666.356
28.6840	-0.0816205	34.3445	0.630503	-26.0897	0.222814	-39.0984	-1.68266	-831.995	-6.50641	1732.16	-78.3072	-118.109	4972.69	-0.000145967	664.519
28.6847	0.522371	24.8637	0.022518	-16.9267	-0.393201	-33.9081	-1.06137	-930.861	-6.50641	1730.65	-79.1861	-118.109	4972.53	-0.000603745	662.845
28.6853	0.522371	15.6968	0.022518	-8.71162	-0.393201	-28.428	-1.68266	-473.102	-6.51825	1731.13	-78.8665	-117.637	4972.53	6.59448e-006	662.24
28.6860	1.43652	11.7412	0.330264	-4.42352	0.222814	-25.688	-3.49475	139.07	-6.51825	1732.16	-78.467	-116.889	4972.84	0.000464373	662.077
28.6867	1.14269	8.97855	0.330264	-1.08331	0.524268	-22.0258	-4.11604	630.399	-6.51825	1732.64	-78.1473	-116.124	4973.45	-0.000145967	660.705
28.6873	0.832529	3.51608	-0.285228	3.52076	0.825722	-14.7014	-1.68266	607.5	-6.52416	1732.32	-78.3072	-115.961	4973.6	0.000159203	659.799
28.6880	1.43652	1.69525	-0.585468	3.83672	1.14028	-8.27284	-0.750724	62.4689	-6.53106	1732.81	-77.9875	-115.197	4973.6	0.000616981	659.938
28.6887	0.832529	3.83001	0.022518	0.451379	0.825722	-8.589	-1.68266	-448.414	-6.53106	1733.83	-76.8689	-113.976	4974.06	-0.000145967	659.171
28.6893	0.228537	6.27871	0.630503	-1.08331	0.825722	-16.8355	-3.20999	-417.267	-6.53106	1733.56	-77.3483	-114.285	4973.45	-0.000603745	657.66
28.6900	1.43652	8.09953	-0.285228	-2.88883	0.825722	-25.0556	-4.73733	-60.5077	-6.53698	1731.73	-79.1861	-115.359	4971.92	-0.000145967	656.892
28.6907	2.66083	5.65084	-0.585468	-2.88883	0.825722	-20.7875	-6.54942	84.7338	-6.54881	1730.81	-80.5445	-115.815	4970.86	0.000159203	656.729
28.6913	2.97098	-4.70903	-0.285228	5.64224	0.825722	-6.13876	-8.07676	28.8983	-6.54881	1730.81	-80.8641	-115.506	4971.01	0.000311811	656.288
28.6920	2.66083	-18.4594	-0.585468	17.2427	0.524268	5.13759	-7.76611	84.157	-6.54881	1731.4	-80.2249	-114.448	4971.77	0.000311811	655.358
28.6927	3.28114	-28.8193	-0.893213	24.555	0.524268	13.7002	-8.07676	223.63	-6.56065	1733.08	-78.5469	-112.61	4973.45	0.000311811	654.149
28.6933	4.19529	-34.3445	-1.80894	28.5272	0.222814	28.6388	-8.69805	248.03	-6.56755	1734.64	-76.8689	-110.315	4974.98	0.000159203	652.916
28.6940	4.19529	-34.0306	-1.20096	26.4057	0.222814	42.9977	-7.48136	129.321	-6.56755	1735.4	-76.1497	-108.949	4975.74	0.000159203	652.01
28.6947	2.97098	-28.2542	0.022518	19.3642	0.825722	46.0275	-4.11604	-114.555	-6.56755	1735.67	-76.3095	-108.802	4975.59	6.59448e-006	651.242
28.6953	1.43652	-17.5804	0.022518	8.71162	-0.0786402	37.4912	-0.750724	-276.293	-6.56755	1735.4	-76.7889	-108.802	4975.13	6.59448e-006	650.173
28.6960	0.522371	-2.88821	0.022518	-4.10755	-0.393201	22.2365	1.9933	-281.773	-6.56755	1734.48	-77.1885	-108.802	4974.82	0.000159203	649.103
28.6967	-0.685612	9.92036	0.630503	-13.2706	0.222814	8.1938	5.33273	-219.189	-6.57347	1734.16	-77.6679	-109.095	4974.06	-0.000145967	648.661
28.6973	-1.30593	17.5176	1.24599	-17.2427	-0.0786402	-0.658665	8.10264	5.71045	-6.57347	1733.99	-78.1473	-108.33	4974.06	-0.000451137	647.592
28.6980	-0.99577	21.222	1.24599	-18.7774	-0.393201	-7.98302	9.62998	148.818	-6.57938	1733.56	-79.0263	-108.037	4974.37	6.59448e-006	645.894
28.6987	-1.30593	22.7289	1.24599	-19.3642	-0.0786402	-17.4415	9.31934	79.8886	-6.57938	1733.4	-79.5057	-108.639	4973.45	6.59448e-006	644.988
28.6993	-0.99577	23.3568	1.54623	-19.9961	0.222814	-23.5539	8.3874	116.17	-6.57938	1733.83	-78.8665	-107.728	4973.6	-0.000298575	644.523
28.7000	-0.391778	22.101	1.54623	-20.3121	0.222814	-21.3935	8.10264	280.389	-6.5853	1735.07	-78.1473	-106.052	4975.28	-0.000298575	643.453
28.7007	-0.391778	18.1455	1.24599	-17.5587	0.222814	-13.4631	7.792	368.237	-6.59812	1736.48	-77.0287	-104.377	4976.65	0.000159203	642.384
28.7013	-0.391778	9.60642	0.630503	-9.29841	-0.0786402	-0.342506	6.86007	329.187	-6.59812	1736.75	-76.3095	-104.067	4976.35	-0.000145967	641.779
28.7020	0.228537	-3.20214	0.938249	2.30203	-0.0786402	17.6522	5.64338	234.301	-6.59812	1736.48	-76.7889	-104.377	4975.74	-0.000603745	640.709
28.7027	0.522371	-15.1317	1.24599	12.3678	-0.393201	30.7728	4.73733	49.3752	-6.60404	1734.64	-79.0263	-105.125	4974.82	-0.000298575	639.803
28.7033	0.832529	-19.9663	1.24599	16.024	-0.393201	34.1452	3.52064	-314.421	-6.60995	1732.91	-80.7043	-106.362	4972.99	-0.000145967	639.64
28.7040	0.522371	-16.0107	1.24599	11.465	0.222814	34.435	2.30395	-496.924	-6.61587	1732.48	-81.0239	-106.508	4972.23	-0.000603745	638.733
28.7047	-0.0816205	-12.9969	0.938249	8.07969	0.222814	33.2231	1.37201	-270.468	-6.61587	1732.16	-81.6632	-106.362	4971.62	-0.000603745	637.826
28.7053	-0.0816205	-18.4594	0.630503	14.1733	-0.0786402	32.301	0.465967	-75.1587	-6.60995	1732.48	-81.6632	-105.597	4972.08	-0.000298575	637.059
28.7060	0.832529	-25.4916	0.630503	20.8989	0.524268	33.2231	0.155322	-178.293	-6.61587	1732.81	-81.0239	-104.669	4973.3	6.59448e-006	635.687
28.7067	1.43652	-24.2358	0.022518	19.6801	0.825722	29.2447	1.06137	-411.787	-6.62179	1733.24	-80.8641	-104.523	4973.45	0.000159203	634.455
28.7073	1.14269	-17.8315	0.022518	15.708	0.825722	21.6306	1.68266	-491.099	-6.62179	1733.56	-81.0239	-104.377	4972.69	6.59448e-006	633.688
28.7080	0.832529	-14.8177	0.630503	13.9025	0.222814	16.1241	2.30395	-188.676	-6.62869	1733.83	-81.0239	-103.612	4972.84	-0.000298575	633.385
28.7087	0.832529	-8.41347	-0.285228	6.27417	-0.0786402	8.50996	3.20999	435.725	-6.63461	1733.99	-80.7043	-102.994	4973.75	0.000159203	632.176
28.7093	1.14269	8.09953	-0.585468	-8.98245	0.524268	-5.24298	2.5887	958.49	-6.63461	1732.64	-81.823	-103.612	4973.75	0.000159203	629.874
28.7100	1.43652	24.8637	-0.285228	-21.2148	0.222814	-21.7096	1.9933	1019.17	-6.63461	1731.56	-83.9005	-104.979	4971.77	-0.000298575	629.13
28.7107	1.74668	32.2098	0.022518	-25.5029	0.222814	-33.6183	2.5887	435.725	-6.63461	1731.24	-84.6996	-105.434	4970.25	-0.000145967	629.433
28.7113	2.05684	32.2098	0.330264	-23.6523	1.14028	-38.2026	2.89935	-632.418	-6.63461	1731.24	-84.6996	-104.669	4970.4	0.000159203	628.503
28.7120	2.05684	29.4471	0.330264	-20.5829	1.44174	-38.8086	3.20999	-1208.88	-6.63461	1731.89	-84.38	-103.612	4971.62	6.59448e-006	627.294
28.7127	2.05684	23.0429	0.022518	-15.1212	0.825722	-39.7043	2.30395	-647.992	-6.63461	1733.4	-82.5421	-101.936	4973.3	-0.000145967	625.922
28.7133	2.66083	12.683	0.022518	-6.545	0.222814	-37.5703	0.776611	230.033	-6.64644	1734.91	-80.8641	-100.097	4974.67	0.000159203	624.55
28.7140	2.36699	5.65084	0.330264	-1.35414	0.222814	-32.6962	1.06137	567.815	-6.65236	1735.67	-80.145	-98.8771	4975.28	0.000311811	623.783
28.7147	0.832529	0.43951	1.24599	2.88883	-0.393201	-29.034	2.30395	466.526	-6.64644	1735.99	-80.145	-98.4215	4975.43	6.59448e-006	622.853
28.7153	0.228537	-5.3369	1.54623	6.86097	-0.694655	-25.688	4.11604	191.271	-6.65236	1735.67	-80.8641	-98.4215	4974.67	6.59448e-006	621.643
28.7160	-0.0816205	-5.96477	1.24599	5.05545	-0.996109	-20.1815	5.04797	-18.4003	-6.65236	1735.07	-81.1837	-98.4215	4974.21	0.000159203	621.039
28.7167	-0.391778	-2.57427	0.938249	0.135414	-1.31067	-11.0392	4.11604	-95.2895	-6.65236	1734.75	-81.5034	-98.4215	4974.21	0.000311811	619.969
28.7173	0.228537	-0.43951	0.022518	-2.30203	-0.694655	-1.26464	2.30395	-152.394	-6.65926	1734.32	-82.5421	-98.7306	4973.91	6.59448e-006	618.295
28.7180	0.228537	-1.38132	-1.20096	-1.08331	-0.0786402	5.74356	1.37201	-112.998	-6.66518	1734.48	-82.5421	-98.2588	4973.91	-0.000145967	617.528
28.7187	-0.0816205	-5.96477	-1.5012	4.42352	-0.694655	11.25	0.776611	52.3746	-6.66518	1734.91	-82.0627	-97.6568	4973.91	6.59448e-006	616.924
28.7193	0.228537	-12.0551	-1.20096	10.8331	-0.694655	16.4403	-0.155322	227.899	-6.65926	1735.23	-81.9029	-97.0385	4974.06	-0.000298575	615.226
28.7200	1.14269	-15.6968	-1.20096	14.4893	-0.0786402	21.0246	0.155322	261.758	-6.66518	1736.48	-81.1837	-95.6717	4975.74	-0.000145967	614.157
28.7207	2.36699	-16.3246	-1.20096	13.9025	0.222814	28.0328	1.9933	205.576	-6.67109	1737.66	-79.9852	-94.305	4977.42	0.000159203	613.25
28.7213	2.66083	-17.8315	-0.585468	13.2706	-0.0786402	38.4134	2.89935	195.251	-6.66518	1737.99	-79.1861	-93.5403	4977.11	-0.000145967	612.041
28.7220	1.14269	-19.9663	0.330264	12.3678	-0.393201	42.6815	2.30395	146.684	-6.67109	1737.07	-80.3847	-94.1423	4975.74	-0.000603745	610.808
28.7227	0.228537	-15.6968	0.630503	7.4929	-0.694655	34.1452	2.30395	48.1062	-6.67109	1734.91	-82.5421	-95.0697	4974.21	-0.000603745	610.041
28.7233	-0.0816205	-8.09953	0.630503	2.57286	-0.0786402	23.7646	1.37201	-129.783	-6.67109	1733.56	-84.2201	-96.4365	4972.84	-0.000451137	609.599
28.7240	-1.30593	-4.39509	0.330264	0.451379	-0.0786402	20.3923	0.155322	-512.498	-6.67701	1732.32	-85.4187	-97.6568	4971.47	-0.000145967	607.763
28.7247	-1.59976	-0.753445	0.630503	-1.6701	-0.0786402	17.9684	0.155322	-669.622	-6.67701	1731.4	-86.058	-97.6568	4971.47	0.000311811	606.088
28.7253	-0.391778	5.96477	0.630503	-6.545	-0.0786402	10.3279	1.06137	-336.109	-6.67701	1732.64	-85.7383	-96.892	4972.38	0.000464373	606.088
28.7260	-0.0816205	12.9969	0.630503	-11.1491	-0.393201	-0.342506	1.06137	-72.1016	-6.68293	1734.16	-84.6996	-95.9809	4973.45	6.59448e-006	605.158
28.7267	-0.391778	15.6968	0.630503	-13.9025	-0.694655	-9.19497	-0.155322	-83.6956	-6.67701	1734.16	-84.0603	-95.3626	4973.75	-0.000451137	603.647
28.7273	-1.30593	15.6968	0.330264	-14.4893	-0.393201	-14.0691	-0.155322	-86.7527	-6.67701	1734.48	-84.0603	-95.2162	4973.6	0.000159203	603.322
28.7280	-1.90992	15.1317	0.330264	-13.5865	-0.393201	-13.4631	0.776611	38.6465	-6.68293	1735.07	-83.9005	-94.7606	4973.91	0.000464373	602.415
28.7287	-1.30593	10.5482	0.630503	-9.29841	-0.0786402	-11.935	1.68266	170.794	-6.67701	1734.32	-83.7407	-94.4514	4974.06	-0.000298575	600.276
28.7293	-0.391778	3.83001	0.630503	-3.52076	0.222814	-9.80094	2.30395	119.862	-6.67701	1733.24	-84.6996	-94.7606	4973.14	-0.000451137	599.369
28.7300	0.522371	1.38132	0.022518	-1.08331	0.524268	-7.66687	1.68266	-30.6288	-6.68293	1732.48	-86.2178	-95.8182	4971.77	6.59448e-006	598.904
28.7307	0.832529	0.43951	-0.585468	-0.767345	0.222814	-7.37705	0.776611	-48.9137	-6.68293	1731.89	-87.0967	-96.7456	4970.86	0.000159203	597.997
28.7313	0.522371	-3.83001	0.022518	1.6701	-0.0786402	-5.24298	0.465967	43.8378	-6.68293	1731.56	-87.2565	-96.892	4970.7	6.59448e-006	596.927
28.7320	0.832529	-8.41347	0.330264	5.05545	-0.0786402	-0.342506	1.37201	114.036	-6.68293	1731.89	-86.6972	-95.8182	4971.47	-0.000145967	595.393
28.7327	1.14269	-10.5482	-0.285228	7.17693	-0.0786402	5.13759	1.9933	161.046	-6.68293	1733.4	-85.179	-93.8494	4973.45	0.000311811	594.021
28.7333	1.43652	-10.5482	0.330264	8.07969	-0.0786402	8.50996	1.9933	181.811	-6.68293	1735.23	-83.7407	-92.4664	4974.82	0.000464373	592.51
28.7340	1.74668	-9.60642	0.330264	6.86097	0.222814	11.25	1.68266	158.624	-6.68293	1735.83	-83.1814	-92.0108	4975.28	0.000311811	591.115
28.7347	0.832529	-7.7856	-0.285228	5.05545	0.524268	16.7301	1.06137	93.9052	-6.68293	1735.83	-82.8617	-91.5552	4975.59	0.000464373	590.208
28.7353	0.522371	-2.57427	0.022518	1.98607	0.825722	22.5527	0.776611	-101.404	-6.68884	1735.67	-83.3412	-91.2461	4975.13	0.000159203	589.138
28.7360	0.832529	2.88821	0.022518	-1.6701	0.222814	20.1025	0.465967	-416.344	-6.68884	1735.07	-83.7407	-91.3925	4974.52	-0.000298575	588.371
28.7367	0.228537	5.65084	-0.585468	-4.73948	0.222814	11.856	-0.750724	-609.807	-6.68293	1734.75	-83.9005	-91.5552	4974.37	-0.000298575	587.302
28.7373	-0.685612	6.52986	-0.285228	-4.73948	-0.0786402	5.13759	-1.96742	-563.777	-6.68884	1734.16	-85.0192	-92.32	4973.91	6.59448e-006	585.488
28.7380	-0.0816205	6.52986	0.330264	-2.88883	-0.0786402	-3.08255	-1.68266	-269.891	-6.69575	1733.99	-85.8981	-92.7755	4973.14	-0.000145967	584.558
28.7387	0.228537	6.52986	0.330264	-1.6701	0.524268	-11.329	-1.37201	256.855	-6.68884	1734.16	-85.5785	-92.32	4973.45	-0.000145967	583.953
28.7393	-0.391778	4.70903	-0.285228	1.08331	0.222814	-14.9912	-1.96742	798.886	-6.69575	1735.07	-85.179	-91.2461	4974.52	0.000159203	582.744
28.7400	-0.391778	2.88821	-0.285228	3.52076	-0.393201	-18.3636	-1.68266	1003.65	-6.68884	1736.75	-84.0603	-90.0258	4975.89	0.000311811	581.349
28.7407	-0.685612	5.02297	-0.585468	-0.135414	-0.0786402	-20.1815	-1.06137	735.667	-6.68884	1737.5	-82.7019	-88.8055	4977.26	0.000464373	579.977
28.7413	-0.99577	5.3369	0.022518	-1.98607	0.524268	-14.3853	-1.06137	313.036	-6.70166	1737.66	-82.3823	-87.8943	4977.42	6.59448e-006	578.606
28.7420	-0.685612	2.00919	0.630503	0.135414	0.825722	-4.61066	-0.750724	-4.96059	-6.70166	1737.23	-83.5809	-88.6591	4975.89	-0.000298575	577.699
28.7427	0.228537	1.06738	0.630503	-1.08331	0.524268	-2.18677	-0.155322	-230.206	-6.69575	1735.56	-85.2589	-90.3349	4974.52	6.59448e-006	577.396
28.7433	0.522371	4.39509	0.330264	-5.05545	-0.0786402	-9.19497	0.155322	-308.307	-6.70166	1734.16	-86.3776	-91.0997	4973.75	0.000159203	577.094
28.7440	0.228537	9.60642	0.330264	-8.39565	0.524268	-17.4415	-0.155322	-282.696	-6.69575	1733.4	-87.5762	-92.1573	4972.38	-0.000298575	575.862
28.7447	0.522371	9.60642	0.022518	-8.71162	0.222814	-18.3636	-0.155322	-241.8	-6.69575	1732.81	-88.535	-93.0847	4971.77	-0.000451137	574.653
28.7453	0.832529	6.27871	0.022518	-6.545	-0.393201	-16.8355	-0.465967	-210.075	-6.70166	1733.24	-87.5762	-92.1573	4972.69	-0.000298575	573.118
28.7460	1.43652	5.3369	-0.585468	-5.64224	-0.0786402	-23.8437	-1.06137	-239.32	-6.70166	1733.99	-86.9369	-91.0997	4973.6	-0.000298575	571.281
28.7467	2.05684	3.51608	-0.585468	-3.83672	0.222814	-30.2459	-0.155322	-175.87	-6.70166	1734.48	-86.9369	-90.7905	4973.91	0.000159203	570.212
28.7473	1.74668	-2.57427	-0.285228	2.30203	-0.0786402	-24.7658	0.776611	28.8983	-6.70166	1734.75	-86.3776	-90.6441	4973.75	0.000159203	569.468
28.7480	0.832529	-7.7856	0.022518	7.4929	-0.393201	-12.2512	1.06137	163.815	-6.70758	1734.91	-86.6972	-90.6441	4973.75	0.000616981	569.003
28.7487	0.228537	-9.29249	0.330264	7.76372	-0.393201	1.1856	1.06137	156.143	-6.70758	1734.75	-86.9369	-90.0258	4974.21	0.000464373	567.026
28.7493	0.228537	-10.5482	0.630503	7.76372	0.524268	12.7781	1.06137	143.05	-6.70166	1733.4	-87.5762	-90.3349	4973.3	-0.000145967	564.585
28.7500	0.228537	-15.3828	0.630503	12.3678	0.524268	19.1803	0.776611	184.869	-6.70166	1731.89	-89.0944	-92.32	4971.62	-0.000145967	563.818
28.7507	-0.0816205	-20.5942	0.022518	17.8746	0.222814	22.2365	-0.155322	172.929	-6.70166	1731.4	-90.0532	-93.6867	4970.4	-0.000145967	563.516
28.7513	-0.391778	-20.5942	0.022518	18.4614	0.222814	23.7646	-1.96742	95.4049	-6.70758	1731.24	-89.8934	-93.2311	4970.25	6.59448e-006	562.586
28.7520	-0.391778	-13.8759	0.022518	11.7359	0.222814	18.2582	-2.5887	8.13306	-6.70166	1732.05	-88.9345	-91.8644	4972.23	0.000311811	561.074
28.7527	0.522371	-6.84379	-0.585468	4.73948	0.222814	11.25	-1.68266	-176.505	-6.70166	1733.99	-86.857	-90.0258	4974.37	0.000311811	559.377
28.7533	1.74668	1.06738	-1.20096	-1.6701	0.825722	6.98185	-1.06137	-438.032	-6.70166	1735.67	-85.2589	-88.8055	4975.43	6.59448e-006	558.005
28.7540	1.43652	15.1317	-1.80894	-11.7359	0.825722	-2.18677	0.155322	-344.3	-6.70166	1736.31	-84.8594	-87.8943	4976.2	-0.000145967	556.935
28.7547	0.228537	25.8055	-0.893213	-18.4614	0.222814	-11.6452	1.06137	-16.2661	-6.70166	1736.48	-84.8594	-87.7316	4976.04	6.59448e-006	555.564
28.7553	-0.0816205	27.6263	0.022518	-18.7774	0.222814	-16.2295	1.37201	-106.595	-6.70166	1736.15	-85.4187	-88.0408	4975.43	-0.000145967	554.192
28.7560	1.14269	26.1194	0.022518	-17.8746	0.524268	-21.3935	1.37201	-383.696	-6.70758	1735.4	-85.8981	-88.3499	4974.67	-0.000145967	553.285
28.7567	0.832529	20.5942	0.022518	-14.8052	0.524268	-23.2377	0.776611	-333.629	-6.70166	1734.75	-86.2178	-88.9519	4974.37	6.59448e-006	552.378
28.7573	-0.0816205	12.0551	0.022518	-9.61438	0.222814	-15.9134	-0.155322	-91.6556	-6.70166	1734.91	-86.3776	-89.1146	4974.52	0.000159203	551.006
28.7580	-0.0816205	2.88821	0.330264	-4.42352	0.222814	-3.08255	-0.750724	53.0091	-6.70166	1734.91	-86.5374	-89.2611	4974.21	-0.000298575	549.309
28.7587	-0.0816205	-2.88821	-0.285228	-0.767345	0.524268	9.11593	-1.68266	168.083	-6.70758	1734.64	-86.857	-89.2611	4974.06	-0.000145967	548.1
28.7593	0.522371	-3.51608	-0.893213	0.451379	0.524268	13.7002	-1.37201	331.321	-6.70758	1734.91	-86.5374	-88.8055	4974.21	0.000311811	546.868
28.7600	0.522371	-3.51608	-1.20096	0.767345	0.222814	13.3841	-1.06137	340.204	-6.70166	1736.31	-85.0192	-87.5852	4975.89	-0.000298575	545.659
28.7607	-0.0816205	-4.14395	-1.20096	1.35414	-0.0786402	15.8343	-0.750724	187.926	-6.70166	1737.34	-83.9005	-86.2185	4977.57	-0.000298575	544.287
28.7613	-0.0816205	-3.83001	-0.585468	2.88883	0.825722	18.2582	0.465967	65.2376	-6.70166	1737.34	-83.9005	-86.3649	4976.65	-0.000145967	542.915
28.7620	-0.0816205	-3.20214	-0.285228	4.42352	0.524268	13.7002	1.06137	23.1302	-6.70166	1736.15	-84.6996	-87.4388	4975.13	-0.000908915	541.078
28.7627	-0.685612	-3.83001	-0.585468	4.42352	0.222814	9.40574	1.06137	-35.474	-6.70166	1734.48	-86.6972	-88.6591	4973.91	-0.00106152	540.009
28.7633	-0.391778	-5.3369	-0.893213	4.73948	0.222814	16.1241	1.06137	-217.689	-6.70166	1732.91	-88.7747	-90.1722	4972.69	-0.000603745	539.404
28.7640	-0.0816205	-4.70903	-0.893213	4.10755	0.222814	24.3706	0.155322	-286.676	-6.70166	1732.64	-88.9345	-90.937	4972.53	0.000159203	538.776
28.7647	0.228537	-2.00919	-0.893213	1.08331	0.222814	21.3144	0.155322	-114.209	-6.70758	1733.83	-88.0556	-90.3349	4972.99	0.000464373	538.637
28.7653	2.05684	-2.00919	-1.20096	-0.135414	0.524268	15.2283	1.06137	17.5928	-6.70166	1734.32	-87.8958	-89.7167	4973.3	-0.000298575	537.265
28.7660	2.97098	-6.27871	-2.11669	1.98607	0.524268	14.9122	0.776611	68.5831	-6.70166	1733.99	-87.8958	-90.1722	4973.45	-0.000908915	534.521
28.7667	2.66083	-9.29249	-1.80894	4.73948	0.524268	15.2283	-0.750724	235.513	-6.70758	1734.16	-87.5762	-90.0258	4973.75	-0.000451137	533.15
28.7673	2.97098	-12.0551	-0.585468	9.29841	0.524268	14.596	-1.37201	505.288	-6.70758	1734.48	-87.8958	-88.9519	4974.06	0.000159203	532.522
28.7680	1.43652	-17.5804	-0.585468	15.392	0.222814	17.3624	-1.37201	633.168	-6.70758	1734.48	-88.0556	-88.8055	4973.75	6.59448e-006	531.313
28.7687	-0.685612	-19.0873	-0.893213	16.9267	-0.694655	18.8905	-1.68266	598.04	-6.70758	1734.64	-88.0556	-89.2611	4973.91	-0.000298575	529.941
28.7693	-1.30593	-13.562	-0.285228	11.7359	-1.31067	15.2283	-0.465967	430.187	-6.70758	1734.32	-88.7747	-89.5702	4974.06	0.000159203	529.011
28.7700	-1.90992	-4.14395	0.630503	3.20479	-0.694655	8.1938	1.37201	-72.39	-6.7135	1733.08	-90.0532	-90.4814	4972.69	0.000159203	527.802
28.7707	-1.90992	1.38132	0.630503	-0.767345	-0.393201	-1.5808	0.776611	-629.649	-6.7135	1731.24	-91.5714	-92.0108	4971.16	-0.000298575	526.43
28.7713	-1.30593	5.3369	0.330264	-1.6701	-0.694655	-18.3636	-0.750724	-780.428	-6.70758	1731.13	-92.6102	-92.6128	4970.7	6.59448e-006	525.36
28.7720	-0.685612	7.47166	0.630503	-1.35414	-0.0786402	-31.168	-1.37201	-531.995	-6.70758	1732.81	-91.2518	-91.3925	4972.08	0.000464373	524.128
28.7727	-0.99577	1.69525	1.24599	5.32628	-0.0786402	-31.4842	-0.465967	-157.874	-6.70758	1734.32	-89.0944	-89.5702	4974.06	0.000464373	522.012
28.7733	-1.59976	-3.20214	0.938249	9.29841	-0.393201	-30.2459	-0.465967	57.2775	-6.70758	1735.4	-88.0556	-88.3499	4974.82	0.000159203	520.478
28.7740	-1.59976	-0.753445	0.330264	3.83672	-0.0786402	-27.822	-1.37201	92.4055	-6.70758	1736.15	-87.5762	-87.8943	4975.43	0.000311811	519.245
28.7747	-1.30593	2.26033	0.330264	-3.20479	-0.0786402	-18.0474	-1.68266	2.01885	-6.70758	1736.15	-87.5762	-87.5852	4975.74	0.000616981	518.036
28.7753	-0.99577	5.65084	0.330264	-8.07969	0.222814	-8.27284	-1.06137	-146.857	-6.70758	1735.56	-88.3752	-87.7316	4974.98	6.59448e-006	516.664
28.7760	-0.99577	7.15773	-0.285228	-10.5171	0.222814	-5.84895	-0.750724	-242.377	-6.70758	1735.07	-89.0944	-88.4964	4974.21	0.000159203	515.758
28.7767	-1.30593	6.27871	-0.285228	-10.5171	-0.393201	-9.19497	-1.37201	-280.562	-6.70166	1735.23	-89.5738	-88.8055	4974.21	0.000159203	514.688
28.7773	-0.99577	9.60642	-0.585468	-12.3678	-0.996109	-11.329	-1.37201	-71.1787	-6.70758	1734.64	-90.2929	-89.1146	4974.06	6.59448e-006	512.688
28.7780	0.228537	14.5038	-0.893213	-15.1212	-0.393201	-10.7231	-0.750724	360.912	-6.70758	1733.83	-91.2518	-89.8794	4973.3	0.000311811	511.317
28.7787	0.522371	14.5038	-0.893213	-15.708	0.222814	-11.6452	-0.750724	395.117	-6.70166	1734.32	-91.4116	-89.8794	4973.14	-0.000298575	510.549
28.7793	0.228537	13.562	0.022518	-15.1212	0.524268	-12.2512	-0.465967	85.6567	-6.70166	1734.91	-90.213	-88.6591	4974.98	-0.000298575	508.434
28.7800	0.522371	11.1133	0.330264	-12.3678	0.222814	-7.98302	-0.465967	70.7173	-6.70758	1735.67	-89.2542	-87.7316	4976.35	0.000464373	507.038
28.7807	1.43652	4.39509	-0.285228	-7.17693	0.222814	4.53162	-0.750724	195.828	-6.70758	1737.5	-87.8958	-86.3649	4976.96	6.59448e-006	506.294
28.7813	1.43652	-1.69525	-0.585468	-3.20479	0.524268	20.3923	-0.750724	125.053	-6.70166	1737.66	-87.0967	-86.0557	4976.96	-0.000298575	505.062
28.7820	0.522371	-5.02297	-0.285228	0.767345	0.524268	27.7166	-1.96742	34.0897	-6.70166	1735.99	-89.2542	-88.0408	4974.98	-0.000145967	503.853
28.7827	-0.685612	-11.1133	0.330264	8.71162	0.222814	25.2928	-2.27806	89.0023	-6.70758	1735.07	-90.9322	-89.4238	4973.14	-0.000298575	503.551
28.7833	-0.99577	-21.222	0.630503	18.4614	0.222814	25.2928	-0.750724	164.103	-6.70166	1734.48	-91.2518	-90.0258	4972.84	-0.000756307	502.783
28.7840	-1.59976	-31.5819	0.938249	27.6244	-0.0786402	32.301	0.155322	-1.90348	-6.70166	1732.64	-93.2494	-91.2461	4972.08	-0.000298575	501.109
28.7847	-2.53023	-37.3583	0.630503	34.034	-0.0786402	40.5474	0.155322	-284.542	-6.70166	1732.32	-93.9686	-91.5552	4971.92	0.000464373	499.412
28.7853	-2.22008	-35.5375	0.330264	33.4021	-0.0786402	38.0972	-0.465967	-254.317	-6.69575	1733.56	-92.77	-90.6441	4972.84	0.000311811	498.342
28.7860	-1.30593	-30.3889	0.330264	29.7459	0.825722	26.8209	-1.96742	-66.3335	-6.70166	1734.32	-91.9709	-89.8794	4973.75	0.000159203	497.133
28.7867	-0.0816205	-19.4012	-0.285228	21.5308	0.524268	15.8343	-2.27806	-11.0748	-6.70758	1734.75	-91.4116	-89.1146	4974.21	0.000159203	495.762
28.7873	0.522371	1.69525	-0.285228	3.20479	0.222814	1.79157	-1.37201	77.4083	-6.7135	1734.64	-91.2518	-89.1146	4974.06	6.59448e-006	494.227
28.7880	0.522371	20.2802	0.022518	-14.1733	0.524268	-16.5193	-1.37201	-59.008	-6.70758	1734.32	-91.891	-89.2611	4973.91	-0.000145967	493.157
28.7887	0.228537	29.4471	0.022518	-22.4336	0.524268	-31.4842	-1.37201	-644.012	-6.70758	1733.99	-92.1308	-89.8794	4973.75	0.000311811	491.948
28.7893	-0.0816205	35.2235	0.330264	-26.9925	0.222814	-43.6827	-0.750724	-1047.43	-6.7135	1732.81	-93.5691	-91.2461	4972.38	0.000616981	489.949
28.7900	-0.391778	42.5696	0.330264	-33.4021	-0.0786402	-58.3314	-0.465967	-729.149	-6.70758	1731.73	-94.448	-92.32	4970.86	6.59448e-006	489.042
28.7907	-0.391778	51.7365	0.330264	-40.4436	-0.393201	-71.452	-0.750724	-29.9943	-6.70758	1731.13	-94.448	-92.6128	4970.86	-0.000145967	488.275
28.7913	0.228537	52.0505	0.022518	-37.3742	-0.0786402	-71.7682	-1.06137	523.919	-6.70758	1731.24	-94.448	-92.32	4971.16	6.59448e-006	487.205
28.7920	0.228537	35.5375	-0.285228	-22.7495	0.222814	-59.8595	-1.96742	905.366	-6.7135	1732.81	-93.7289	-91.3925	4972.23	-0.000145967	485.392
28.7927	-0.0816205	16.3246	0.330264	-9.61438	0.222814	-46.4227	-1.68266	1166.32	-6.7135	1734.32	-91.891	-89.5702	4974.06	-0.000298575	483.694
28.7933	-0.391778	3.51608	0.630503	-1.08331	0.524268	-33.6183	-0.155322	1259.99	-6.70758	1735.67	-90.2929	-87.8943	4975.59	0.000159203	482.183
28.7940	-0.685612	-4.39509	0.630503	3.83672	0.524268	-18.3636	0.776611	976.487	-6.70758	1736.48	-89.7336	-87.276	4975.89	0.000311811	480.811
28.7947	-0.685612	-4.39509	0.330264	1.6701	0.222814	-5.24298	0.465967	157.066	-6.7135	1736.31	-89.5738	-87.276	4975.43	0.000311811	479.742
28.7953	-0.391778	-0.43951	0.022518	-3.83672	0.524268	2.7137	0.465967	-641.589	-6.70758	1735.56	-89.8934	-87.5852	4975.13	0.000311811	478.672
28.7960	0.522371	1.06738	0.330264	-5.64224	0.825722	5.74356	-0.155322	-769.411	-6.70758	1735.07	-90.7724	-88.3499	4974.67	0.000311811	477.137
28.7967	1.14269	-1.06738	0.330264	-3.52076	0.825722	8.79977	-1.06137	-439.243	-6.70758	1735.23	-90.9322	-88.8055	4974.52	6.59448e-006	475.626
28.7973	0.522371	-7.15773	0.330264	0.767345	0.825722	20.3923	-1.37201	-191.733	-6.70758	1734.48	-91.2518	-89.4238	4974.21	-0.000145967	473.929
28.7980	0.228537	-13.2481	0.022518	5.64224	0.524268	42.3654	-1.96742	-59.5848	-6.70758	1733.99	-91.5714	-89.5702	4973.6	6.59448e-006	473.022
28.7987	0.228537	-19.9663	0.022518	11.7359	0.222814	64.6546	-2.27806	42.6265	-6.70758	1734.64	-90.9322	-89.1146	4974.06	6.59448e-006	471.952
28.7993	-0.391778	-28.5053	0.330264	19.3642	0.222814	76.5633	-1.96742	16.0931	-6.70758	1735.4	-90.6126	-88.3499	4975.13	0.000159203	470.418
28.8000	-0.685612	-34.6585	0.630503	24.555	0.222814	79.3033	-1.68266	-94.0782	-6.7135	1736.48	-89.414	-86.8205	4976.65	0.000159203	468.744
28.8007	-0.685612	-38.614	0.938249	27.9404	0.222814	75.9573	-1.68266	-207.941	-6.70758	1737.83	-88.0556	-85.9093	4977.88	6.59448e-006	467.232
28.8013	-1.30593	-41.3767	0.630503	33.1312	0.524268	69.5287	-1.68266	-268.622	-6.70758	1737.83	-88.0556	-86.2185	4977.57	6.59448e-006	466
28.8020	-1.30593	-42.5696	0.022518	38.0061	-0.393201	63.7325	-0.750724	-191.444	-6.70758	1736.15	-90.0532	-88.2035	4975.13	-0.000298575	464.931
28.8027	-0.99577	-39.807	0.630503	38.0061	-0.694655	57.6464	1.37201	-48.2793	-6.70758	1734.16	-91.9709	-89.7167	4973.3	-0.000603745	463.419
28.8033	-0.0816205	-30.7029	0.330264	28.2112	0.222814	47.5556	3.20999	-55.3164	-6.70758	1733.24	-92.9298	-90.0258	4972.99	-0.000603745	462.652
28.8040	0.832529	-16.6386	0.022518	13.2706	0.825722	31.089	3.52064	-163.988	-6.70758	1732.81	-93.5691	-91.0997	4972.23	-0.000298575	461.722
28.8047	1.43652	-0.753445	-0.285228	-0.135414	0.222814	10.0381	2.89935	-287.887	-6.70166	1732.16	-93.9686	-91.2461	4972.08	0.000311811	459.606
28.8053	1.14269	13.2481	-0.585468	-10.5171	-0.0786402	-10.7231	2.30395	-453.606	-6.70758	1732.64	-93.5691	-90.4814	4972.84	6.59448e-006	458.071
28.8060	1.43652	20.5942	-0.285228	-13.9025	0.825722	-29.6399	1.37201	-339.743	-6.70166	1733.83	-93.0896	-90.1722	4972.99	-0.000145967	457.304
28.8067	1.74668	24.5497	-0.285228	-15.1212	0.825722	-47.0287	1.68266	121.361	-6.70166	1734.64	-92.2906	-89.5702	4973.3	6.59448e-006	456.095
28.8073	1.74668	31.8958	-0.585468	-22.7495	0.825722	-59.8595	1.9933	518.728	-6.70758	1734.48	-91.9709	-89.2611	4973.6	6.59448e-006	454.561
28.8080	1.74668	42.8836	-0.585468	-34.9368	0.825722	-70.8461	1.37201	583.389	-6.7135	1734.16	-92.2906	-89.1146	4974.06	0.000311811	453.026
28.8087	0.522371	55.3782	0.022518	-47.1691	1.14028	-82.4386	2.30395	334.667	-6.7135	1734.48	-92.6102	-89.1146	4974.21	6.59448e-006	451.956
28.8093	-1.30593	60.5895	-0.285228	-52.36	0.524268	-84.5726	3.52064	25.8412	-6.7135	1733.83	-93.9686	-90.4814	4972.53	0.000159203	450.887
28.8100	-0.391778	49.6018	0.022518	-42.881	-0.0786402	-71.7682	4.11604	-155.451	-6.7135	1732.32	-95.0873	-91.7017	4970.86	0.000159203	449.841
28.8107	-0.391778	25.4916	0.938249	-22.4336	-0.0786402	-45.527	5.95402	-151.471	-6.7135	1731.4	-95.8064	-91.7017	4970.55	0.000159203	448.306
28.8113	-1.30593	-0.753445	1.24599	-0.767345	-0.0786402	-13.1733	6.57531	2.01885	-6.7135	1731.4	-96.6055	-92.1573	4970.7	0.000464373	446.771
28.8120	-0.685612	-17.2664	0.330264	11.465	0.222814	11.856	4.42668	143.338	-6.7135	1732.64	-95.0873	-91.5552	4971.92	-0.000298575	445.4
28.8127	0.228537	-24.8637	-0.585468	15.1212	0.222814	32.9069	2.89935	150.952	-6.7135	1734.16	-92.77	-89.2611	4974.21	-0.000451137	443.121
28.8133	1.14269	-30.7029	-0.585468	16.6108	0.524268	52.4561	3.20999	63.6802	-6.7135	1734.91	-92.1308	-87.7316	4975.89	0.000464373	440.68
28.8140	1.43652	-31.268	0.022518	16.6108	0.524268	60.0703	3.83128	-23.5917	-6.7135	1735.4	-92.2906	-87.4388	4976.04	0.000769543	439.447
28.8147	0.522371	-27.3124	0.330264	15.392	0.222814	60.0703	3.20999	-101.115	-6.70758	1735.23	-92.4504	-87.7316	4975.28	0.000159203	439.145
28.8153	-0.391778	-27.6263	0.022518	16.6108	0.222814	62.5205	2.5887	-133.763	-6.7135	1735.23	-92.4504	-88.4964	4974.98	6.59448e-006	438.378
28.8160	-0.685612	-31.5819	0.330264	20.8989	0.524268	63.4427	2.5887	-58.0851	-6.71941	1735.23	-93.2494	-88.8055	4975.13	0.000159203	436.866
28.8167	-0.391778	-30.075	0.630503	21.5308	0.524268	56.7243	1.06137	47.241	-6.72632	1734.75	-93.7289	-88.8055	4974.67	6.59448e-006	435.634
28.8173	-0.0816205	-20.2802	0.022518	13.9025	-0.0786402	45.7377	-0.465967	95.751	-6.71941	1734.75	-93.5691	-88.9519	4973.91	-0.000451137	434.262
28.8180	-0.0816205	-8.7274	-0.285228	2.88883	-0.393201	33.2231	-1.37201	210.479	-6.7135	1734.48	-93.8088	-89.1146	4973.75	-0.000451137	432.286
28.8187	0.228537	4.70903	-0.285228	-6.545	0.222814	15.2283	-1.06137	360.624	-6.7135	1734.16	-94.2882	-89.2611	4973.91	0.000159203	430.914
28.8193	0.522371	19.4012	0.022518	-15.1212	0.222814	-5.24298	-0.465967	132.033	-6.71941	1735.23	-93.4092	-88.6591	4974.67	6.59448e-006	429.682
28.8200	0.832529	27.6263	0.330264	-20.8989	0.222814	-22.3156	-0.750724	-539.32	-6.71941	1736.75	-91.891	-87.1296	4976.35	-0.000145967	428.008
28.8207	1.43652	28.2542	0.022518	-20.3121	0.524268	-35.1464	-0.465967	-885.696	-6.71941	1737.66	-90.6126	-85.9093	4977.26	-0.000145967	426.799
28.8213	2.66083	23.9847	-1.5012	-15.708	0.825722	-42.7606	0.776611	-490.176	-6.7135	1737.5	-90.6126	-86.0557	4977.42	-0.000298575	425.264
28.8220	2.66083	21.8499	-1.80894	-14.4893	-0.0786402	-48.267	2.5887	54.8549	-6.71941	1736.15	-92.4504	-87.7316	4976.04	-0.000145967	423.892
28.8227	2.36699	23.6707	-0.585468	-15.392	0.222814	-51.3232	2.89935	272.14	-6.71941	1734.64	-94.448	-89.2611	4973.45	-0.000451137	422.962
28.8233	2.97098	17.2664	0.022518	-7.76372	0.524268	-48.5568	1.37201	290.425	-6.71941	1733.56	-95.4868	-90.3349	4972.38	-0.000451137	422.218
28.8240	1.74668	2.57427	0.330264	5.32628	0.222814	-46.4227	0.155322	370.083	-6.71941	1733.24	-95.6466	-90.6441	4972.38	6.59448e-006	421.59
28.8247	-0.99577	-7.15773	0.330264	13.2706	-0.0786402	-50.4011	-1.96742	396.617	-6.72632	1732.91	-95.9662	-90.7905	4972.53	-0.000145967	419.614
28.8253	-2.22008	-13.8759	0.022518	18.7774	-0.393201	-43.0767	-4.42668	289.849	-6.73223	1732.81	-95.9662	-90.3349	4973.3	0.000159203	417.335
28.8260	-2.22008	-21.222	0.022518	23.3363	-0.393201	-13.4631	-5.33273	269.372	-6.72632	1733.99	-94.7676	-89.5702	4973.91	0.000464373	416.405
28.8267	-1.90992	-24.8637	-0.285228	24.2842	0.222814	14.9122	-5.64338	335.936	-6.71941	1734.48	-94.448	-89.7167	4973.6	6.59448e-006	415.034
28.8273	-1.30593	-24.8637	-0.285228	24.555	-0.0786402	21.9204	-5.95402	428.053	-6.71941	1734.16	-95.0873	-90.1722	4973.14	-0.000451137	413.824
28.8280	-0.685612	-24.2358	-0.285228	23.6523	-0.393201	18.2582	-5.64338	509.845	-6.73223	1734.32	-94.9274	-89.7167	4973.14	-0.000451137	412.453
28.8287	-0.0816205	-20.9081	-0.585468	19.3642	-0.0786402	14.9122	-3.8054	376.774	-6.73223	1733.99	-94.6078	-89.2611	4973.91	-0.000603745	410.151
28.8293	0.228537	-12.9969	-0.585468	11.1491	-0.0786402	9.7219	-2.27806	-43.1456	-6.72632	1732.81	-96.126	-90.3349	4973.45	0.000159203	409.081
28.8300	-0.0816205	-3.20214	-0.285228	3.52076	-0.694655	-0.0526932	-0.750724	-662.008	-6.73223	1731.56	-97.9638	-92.1573	4971.16	0.000616981	408.639
28.8307	-1.30593	11.1133	-0.285228	-6.27417	-0.393201	-9.51113	0.155322	-1050.84	-6.73223	1731.24	-97.804	-92.4664	4970.25	6.59448e-006	407.709
28.8313	-1.30593	29.4471	0.330264	-21.5308	0.222814	-17.4415	0.465967	-738.321	-6.72632	1731.4	-97.4844	-91.7017	4970.86	0.000159203	406.338
28.8320	-1.30593	47.1531	0.022518	-40.1276	0.524268	-29.034	1.06137	-440.454	-6.72632	1732.48	-96.2858	-90.937	4972.08	0.000464373	404.501
28.8327	-1.30593	59.9617	0.022518	-52.044	0.524268	-39.4145	1.06137	-672.391	-6.72632	1734.64	-94.1284	-89.1146	4974.21	0.000311811	402.989
28.8333	-1.59976	60.2756	0.330264	-49.2906	0.222814	-46.4227	1.06137	-538.743	-6.71941	1735.67	-93.2494	-87.8943	4975.59	0.000159203	401.757
28.8340	-1.30593	49.9157	0.330264	-38.5929	0.222814	-51.9292	1.37201	107.922	-6.72632	1735.99	-92.77	-87.5852	4975.89	0.000311811	399.944
28.8347	0.228537	34.0306	0.630503	-25.5029	0.222814	-44.6048	1.06137	490.349	-6.73223	1736.15	-92.6102	-87.4388	4975.89	6.59448e-006	398.246
28.8353	0.522371	13.562	0.630503	-8.39565	-0.0786402	-21.3935	0.465967	486.369	-6.72632	1735.83	-93.5691	-88.2035	4974.98	6.59448e-006	397.177
28.8360	0.228537	-5.96477	0.330264	7.76372	0.524268	1.47541	0.155322	423.208	-6.73223	1735.4	-94.2882	-88.8055	4974.21	0.000159203	396.27
28.8367	0.522371	-16.9525	-0.285228	14.8052	0.524268	13.9901	0.155322	402.442	-6.73223	1735.23	-94.2882	-88.8055	4974.21	-0.000145967	394.735
28.8373	-0.0816205	-19.0873	0.330264	12.9546	-0.0786402	17.9684	0.465967	302.654	-6.73223	1734.32	-94.9274	-88.9519	4974.21	0.000159203	392.457
28.8380	-0.685612	-19.7151	0.022518	10.2012	-0.0786402	23.4485	-0.155322	132.033	-6.73815	1733.83	-95.6466	-89.5702	4973.91	0.000922151	391.689
28.8387	0.228537	-23.9847	-0.893213	10.5171	0.222814	41.7594	-0.155322	7.84466	-6.73815	1734.91	-94.9274	-89.5702	4973.6	0.000311811	391.085
28.8393	0.522371	-28.2542	0.022518	12.0518	1.14028	64.9708	0.465967	-64.7761	-6.73223	1735.67	-93.5691	-88.0408	4974.98	-0.000145967	388.946
28.8400	-0.391778	-28.5053	0.938249	11.7359	1.14028	77.1692	1.06137	-124.592	-6.73815	1736.75	-92.2906	-86.5113	4976.65	0.000311811	387.574
28.8407	-0.0816205	-28.2542	0.022518	12.0518	0.524268	82.6493	1.06137	-154.817	-6.73815	1737.83	-91.2518	-85.9093	4977.11	-0.000145967	386.202
28.8413	-0.0816205	-27.9402	-0.285228	13.5865	0.524268	83.5715	0.155322	-142.588	-6.73815	1737.5	-91.7312	-86.2185	4976.65	-0.000756307	384.365
28.8420	-1.30593	-25.8055	0.630503	14.1733	0.524268	75.6411	-0.155322	-126.726	-6.73223	1735.83	-93.5691	-87.7316	4974.98	-0.000145967	383.296
28.8427	-2.22008	-23.3568	0.330264	13.9025	0.222814	64.6546	-0.465967	-121.881	-6.73815	1733.72	-95.8064	-90.0258	4972.84	0.000464373	382.854
28.8433	-2.53023	-19.9663	0.022518	12.0518	-0.0786402	54.274	-1.06137	-90.0982	-6.74407	1732.91	-96.6055	-91.0997	4971.77	-0.000451137	381.622
28.8440	-2.82407	-16.0107	0.330264	10.5171	0.524268	42.9977	-2.27806	-34.8972	-6.74407	1732.48	-96.4456	-90.7905	4971.92	-0.000603745	380.087
28.8447	-2.82407	-16.6386	0.330264	13.2706	0.524268	34.1452	-2.89935	-22.6688	-6.74407	1733.08	-96.6055	-90.6441	4972.23	6.59448e-006	379.017
28.8453	-2.22008	-19.7151	0.022518	17.5587	-0.393201	27.7166	-2.5887	-26.9372	-6.74407	1734.32	-95.4868	-90.0258	4973.3	0.000159203	377.808
28.8460	-1.59976	-17.8315	0.630503	15.392	-0.694655	18.2582	-2.89935	41.4152	-6.74407	1733.99	-95.0873	-89.7167	4974.06	6.59448e-006	376.134
28.8467	-1.30593	-9.60642	0.938249	8.39565	-0.0786402	5.74356	-2.5887	126.264	-6.74407	1733.99	-95.4069	-89.7167	4973.6	-0.000298575	374.762
28.8473	-0.99577	0.43951	1.24599	1.35414	0.524268	-5.53279	-1.68266	164.103	-6.73815	1734.48	-95.2471	-89.4238	4973.6	-0.000145967	373.832
28.8480	-1.59976	7.7856	1.24599	-2.88883	0.222814	-14.9912	-1.68266	149.164	-6.74407	1734.64	-94.7676	-88.9519	4974.37	0.000464373	372.926
28.8487	-3.13423	10.8622	1.24599	-5.05545	-0.393201	-22.3156	-2.27806	67.3718	-6.74407	1734.75	-94.448	-89.1146	4974.21	0.000311811	371.391
28.8493	-2.82407	12.9969	1.24599	-6.545	-0.0786402	-29.034	-1.96742	-80.6385	-6.74407	1734.16	-95.2471	-90.6441	4972.38	-0.000451137	369.717
28.8500	-0.685612	13.562	0.938249	-6.545	0.524268	-34.8302	-0.465967	-209.441	-6.74998	1732.32	-97.0849	-91.8644	4971.16	-0.000145967	368.508
28.8507	-0.391778	13.562	0.330264	-6.545	0.222814	-40.3367	-0.465967	-134.34	-6.75689	1730.81	-98.2835	-92.4664	4970.55	0.000159203	367.136
28.8513	-0.685612	17.5176	-0.285228	-11.465	0.222814	-46.7389	-1.37201	30.4557	-6.75689	1731.56	-97.9638	-91.8644	4971.01	6.59448e-006	366.067
28.8520	0.228537	20.5942	-0.893213	-16.024	0.825722	-49.4789	-1.68266	70.7173	-6.75689	1733.24	-96.6055	-90.3349	4972.99	0.000159203	364.695
28.8527	1.43652	19.0873	-1.80894	-15.1212	0.524268	-47.661	-2.27806	100.942	-6.74998	1734.64	-94.7676	-88.8055	4974.52	0.000311811	362.556
28.8533	1.14269	16.6386	-1.5012	-12.3678	0.524268	-46.7389	-3.20999	147.318	-6.74998	1735.67	-93.5691	-87.8943	4975.28	0.000311811	361.021
28.8540	-0.0816205	12.3691	0.330264	-7.4929	0.825722	-47.0287	-2.5887	33.4552	-6.75689	1736.31	-93.2494	-87.7316	4975.74	6.59448e-006	359.951
28.8547	-0.685612	5.96477	0.938249	-2.30203	0.222814	-41.2325	-1.68266	-138.32	-6.75689	1736.15	-93.2494	-87.8943	4975.59	-0.000298575	358.742
28.8553	-0.685612	0.753445	0.630503	1.08331	0.222814	-27.822	-1.68266	-125.226	-6.75689	1735.67	-93.5691	-88.2035	4974.98	0.000159203	357.812
28.8560	-0.391778	-4.14395	-0.285228	3.52076	-0.0786402	-13.7793	-0.750724	-46.7795	-6.75689	1735.23	-93.9686	-88.6591	4974.52	0.000464373	356.603
28.8567	-0.0816205	-8.09953	-0.585468	6.27417	-0.393201	-4.00469	-0.465967	12.4015	-6.75689	1735.23	-94.1284	-88.8055	4974.21	-0.000298575	355.232
28.8573	-0.685612	-8.09953	-0.585468	5.95821	-0.393201	3.60949	-0.750724	133.878	-6.76872	1735.07	-93.9686	-89.1146	4973.91	-0.000756307	353.557
28.8580	-0.685612	-6.84379	-0.585468	6.27417	0.222814	8.79977	0.155322	122.284	-6.75689	1734.48	-94.6078	-89.7167	4972.99	-0.000756307	352.162
28.8587	-0.391778	-8.7274	-0.585468	10.5171	0.524268	10.0381	1.9933	10.9018	-6.75689	1734.16	-94.7676	-89.7167	4972.84	-0.000603745	350.953
28.8593	-0.391778	-14.8177	-0.585468	19.0933	0.524268	9.40574	2.5887	111.613	-6.76872	1734.91	-93.7289	-88.2035	4974.67	-0.000451137	348.977
28.8600	0.522371	-19.9663	-0.285228	24.2842	0.222814	7.58783	3.20999	301.731	-6.76872	1736.15	-92.4504	-86.674	4976.81	-0.000451137	346.977
28.8607	0.522371	-20.2802	-0.285228	22.7495	0.222814	9.11593	4.73733	326.765	-6.76872	1737.23	-91.2518	-85.9093	4977.42	-0.000603745	345.908
28.8613	-0.391778	-18.4594	0.022518	20.3121	0.222814	11.856	5.33273	205.288	-6.7628	1737.07	-91.5714	-86.8205	4976.35	-0.000451137	345.303
28.8620	-1.30593	-12.3691	0.022518	13.2706	-0.393201	8.50996	4.11604	-80.9846	-6.7628	1735.56	-93.9686	-88.9519	4974.06	6.59448e-006	345.001
28.8627	-2.22008	1.06738	-0.285228	-1.35414	-0.694655	1.79157	3.20999	-418.189	-6.7628	1734.16	-95.4868	-90.1722	4972.23	-0.000451137	344.094
28.8633	-1.90992	18.1455	0.022518	-15.392	-0.393201	-7.66687	2.89935	-412.075	-6.76872	1733.99	-95.4069	-89.8794	4972.38	-0.000603745	343.164
28.8640	-1.30593	28.5053	0.330264	-23.0203	-0.0786402	-21.3935	2.30395	-152.394	-6.77464	1733.56	-95.4069	-90.6441	4972.38	-0.000298575	341.955
28.8647	-0.685612	27.9402	0.938249	-21.2148	0.524268	-31.4842	1.06137	138.435	-6.77464	1732.81	-96.2858	-91.7017	4971.62	-0.000145967	340.118
28.8653	-0.391778	23.0429	0.330264	-12.6838	0.524268	-36.0422	0.776611	435.379	-6.76872	1733.4	-95.6466	-90.937	4972.23	6.59448e-006	339.049
28.8660	0.522371	19.6524	-0.893213	-6.86097	0.222814	-43.9988	0.465967	195.828	-6.76872	1734.16	-94.6078	-90.0258	4973.6	-0.000145967	337.677
28.8667	1.43652	22.415	-0.585468	-9.61438	0.222814	-56.1973	1.06137	-533.841	-6.77464	1734.48	-94.2882	-89.7167	4974.06	-0.000145967	336.305
28.8673	0.522371	26.3706	0.022518	-15.392	0.524268	-63.8115	2.30395	-740.167	-6.77464	1734.75	-94.2882	-89.4238	4974.21	-0.000298575	335.538
28.8680	-0.685612	26.6845	0.938249	-17.8746	0.222814	-63.5217	2.89935	-209.729	-6.78055	1734.48	-94.1284	-88.4964	4975.13	0.000159203	333.701
28.8687	-1.59976	30.3889	0.938249	-22.1176	-0.0786402	-61.3876	2.5887	431.745	-6.77464	1734.16	-94.448	-88.6591	4974.52	0.000311811	332.027
28.8693	-1.30593	36.7932	0.630503	-29.7459	-0.0786402	-59.2535	1.37201	615.748	-6.77464	1732.91	-96.126	-90.937	4971.92	0.000311811	331.26
28.8700	-0.0816205	33.0888	0.630503	-30.0619	0.222814	-47.3449	0.465967	262.046	-6.77464	1731.56	-97.804	-92.6128	4970.4	0.000311811	330.516
28.8707	0.832529	19.6524	0.938249	-21.2148	0.222814	-20.1815	-0.155322	-101.115	-6.78055	1731.56	-97.804	-92.32	4970.25	0.000311811	329.144
28.8713	0.832529	6.52986	0.330264	-10.8331	0.222814	10.0381	-1.06137	-148.702	-6.77464	1732.05	-96.9251	-91.7017	4971.16	0.000311811	327.749
28.8720	0.832529	-3.51608	-0.285228	-1.98607	0.524268	33.8291	-2.5887	-12.9206	-6.78055	1733.24	-95.4868	-90.1722	4972.99	0.000159203	326.237
28.8727	0.522371	-15.3828	-0.585468	6.545	0.825722	54.5902	-4.11604	153.086	-6.78746	1734.75	-94.2882	-88.9519	4974.67	0.000311811	324.865
28.8733	0.522371	-25.1776	-0.585468	12.6838	0.524268	66.7887	-5.02209	221.15	-6.78055	1736.15	-93.0896	-88.2035	4975.59	0.000464373	323.633
28.8740	0.522371	-28.5053	-0.585468	16.024	0.222814	71.0568	-5.33273	130.244	-6.78055	1736.75	-92.1308	-87.1296	4976.2	6.59448e-006	322.122
28.8747	0.522371	-29.7611	0.022518	18.4614	-0.0786402	71.373	-5.02209	-18.1119	-6.78055	1735.83	-92.6102	-87.5852	4975.43	6.59448e-006	320.587
28.8753	0.228537	-28.8193	0.630503	20.3121	0.222814	64.0486	-2.89935	-134.974	-6.78055	1734.75	-93.7289	-88.9519	4974.21	0.000159203	319.215
28.8760	-0.0816205	-26.6845	0.938249	20.5829	0.222814	56.7243	-2.5887	-210.941	-6.78055	1734.48	-94.1284	-89.2611	4973.75	0.000311811	318.448
28.8767	-0.0816205	-26.6845	0.630503	19.3642	0.222814	54.5902	-4.42668	-200.904	-6.78746	1734.48	-94.1284	-89.4238	4973.45	-0.000145967	317.541
28.8773	-0.0816205	-27.6263	0.330264	18.7774	0.222814	53.6681	-5.33273	-99.904	-6.78746	1734.64	-93.5691	-89.2611	4973.6	-0.000603745	315.542
28.8780	-0.391778	-25.4916	0.022518	18.4614	-0.0786402	50.6119	-5.33273	21.5728	-6.78055	1733.99	-93.8088	-89.2611	4974.37	-0.000145967	313.565
28.8787	-0.0816205	-23.3568	-0.285228	17.8746	-0.0786402	42.9977	-5.33273	120.15	-6.78055	1733.83	-94.448	-89.4238	4974.21	0.000311811	313.1
28.8793	0.522371	-22.7289	0.330264	18.7774	0.222814	33.8291	-5.95402	149.741	-6.79337	1735.67	-93.0896	-88.8055	4974.67	6.59448e-006	312.496
28.8800	0.228537	-19.9663	0.022518	17.5587	-0.0786402	25.2928	-5.33273	23.707	-6.79337	1737.34	-90.7724	-86.674	4976.35	-0.000145967	310.217
28.8807	0.228537	-12.683	-0.585468	11.465	0.222814	17.3624	-2.89935	-299.77	-6.78746	1737.07	-90.6126	-85.9093	4976.96	0.000159203	308.218
28.8813	0.522371	-7.47166	0.022518	7.17693	0.524268	9.7219	-1.37201	-617.132	-6.78746	1737.07	-91.4116	-86.9832	4975.89	6.59448e-006	307.776
28.8820	0.228537	-5.65084	-0.285228	7.4929	0.222814	0.869438	-1.37201	-568.622	-6.78746	1736.15	-92.1308	-88.2035	4974.82	-0.000451137	306.846
28.8827	-0.391778	0.125574	-0.585468	4.42352	0.222814	-10.1171	-0.750724	-139.877	-6.78746	1733.56	-93.8088	-89.4238	4973.91	-0.000908915	305.032
28.8833	-0.391778	11.1133	-0.285228	-3.83672	-0.0786402	-22.6317	0.776611	342.339	-6.79337	1732.32	-95.4868	-90.6441	4972.99	-0.000145967	304.102
28.8840	0.228537	18.1455	-0.585468	-8.98245	-0.393201	-32.38	1.9933	525.707	-6.79337	1732.64	-95.8064	-91.2461	4972.08	0.000311811	303.963
28.8847	-0.391778	19.6524	-1.20096	-10.8331	-0.393201	-36.3583	1.37201	325.553	-6.79337	1733.24	-94.6078	-90.7905	4972.69	-0.000298575	302.73
28.8853	-0.0816205	21.536	-1.80894	-12.9546	-0.0786402	-39.4145	1.06137	1.73044	-6.79337	1733.83	-93.8088	-89.8794	4973.6	-0.000298575	301.056
28.8860	1.14269	24.2358	-1.5012	-16.3399	0.524268	-44.8946	1.9933	-266.199	-6.79337	1734.32	-93.5691	-89.4238	4974.06	0.000159203	299.987
28.8867	2.36699	24.5497	-1.20096	-17.2427	0.825722	-50.4011	2.30395	-329.072	-6.79929	1734.32	-93.2494	-89.5702	4974.82	0.000159203	298.917
28.8873	3.28114	21.222	-0.585468	-15.392	1.14028	-54.6692	2.30395	-138.666	-6.79337	1734.48	-93.4092	-90.1722	4973.91	-0.000145967	297.708
28.8880	2.97098	19.0873	-0.285228	-13.5865	1.74319	-55.2752	2.89935	229.399	-6.79337	1734.75	-93.5691	-90.937	4972.69	-0.000145967	296.778
28.8887	2.66083	19.0873	-0.585468	-12.9546	1.44174	-51.3232	1.9933	622.151	-6.79929	1734.64	-93.7289	-91.2461	4972.99	0.000159203	295.406
28.8893	2.05684	17.2664	-0.893213	-10.8331	0.825722	-43.6827	0.776611	600.808	-6.79929	1733.4	-94.7676	-92.4664	4972.84	0.000311811	293.895
28.8900	1.43652	12.3691	-1.20096	-7.4929	0.222814	-35.7524	0.465967	128.687	-6.79337	1731.73	-96.126	-94.5979	4970.86	0.000311811	292.965
28.8907	0.522371	11.7412	-0.585468	-8.98245	-0.393201	-34.5404	0.155322	-184.407	-6.79337	1731.24	-96.6055	-95.6717	4969.79	6.59448e-006	292.058
28.8913	-0.99577	12.3691	-0.285228	-12.9546	-1.61212	-32.0902	1.06137	-106.883	-6.79929	1732.16	-95.8064	-94.907	4970.86	0.000159203	290.826
28.8920	-0.99577	3.83001	0.022518	-8.07969	-1.61212	-13.1733	3.83128	48.1062	-6.79929	1732.91	-94.9274	-93.8494	4972.53	0.000464373	288.849
28.8927	-1.30593	-7.7856	0.630503	2.30203	-1.61212	8.79977	5.33273	150.029	-6.79929	1733.99	-93.2494	-92.0108	4974.67	0.000922151	286.873
28.8933	-1.59976	-13.562	0.022518	5.05545	-1.91358	26.2149	5.04797	107.922	-6.79929	1734.91	-91.891	-90.6441	4976.04	0.000464373	285.338
28.8940	-1.30593	-16.0107	-0.285228	2.88883	-1.61212	47.2658	4.42668	-107.806	-6.79929	1735.4	-91.7312	-90.937	4975.28	6.59448e-006	284.571
28.8947	-1.30593	-16.6386	0.330264	1.35414	-1.61212	60.9924	2.89935	-115.42	-6.80521	1735.67	-91.7312	-90.4814	4975.13	0.000159203	283.967
28.8953	-1.30593	-16.3246	0.630503	1.6701	-0.996109	63.4427	1.37201	192.194	-6.80521	1735.56	-91.7312	-90.4814	4975.13	0.000159203	283.06
28.8960	-0.685612	-16.6386	0.330264	3.20479	-0.0786402	67.1048	0.465967	366.449	-6.80521	1735.23	-91.9709	-90.6441	4974.67	0.000311811	281.99
28.8967	-0.391778	-16.6386	0.022518	5.64224	-0.393201	68.9228	0.155322	204.076	-6.80521	1734.91	-92.2906	-90.4814	4974.98	0.000311811	280.618
28.8973	-0.685612	-14.1899	-0.285228	6.545	-0.694655	62.5205	-0.750724	-44.6453	-6.80521	1734.48	-92.6102	-90.937	4974.52	-0.000145967	279.247
28.8980	-1.59976	-10.8622	-0.285228	5.32628	-0.393201	51.8501	-1.96742	-192.944	-6.80521	1733.99	-93.2494	-91.2461	4973.45	-0.000451137	277.549
28.8987	-1.59976	-9.29249	0.022518	3.83672	-0.0786402	40.8636	-1.96742	-258.874	-6.80521	1733.83	-93.2494	-90.937	4973.6	0.000159203	276.48
28.8993	-0.99577	-5.3369	0.330264	0.767345	0.524268	30.483	-1.06137	-166.122	-6.80521	1734.91	-91.9709	-89.7167	4974.67	-0.000145967	275.41
28.9000	-0.391778	2.00919	0.938249	-3.83672	0.825722	19.7863	0.155322	16.0931	-6.79929	1736.75	-90.2929	-87.7316	4976.5	-0.000298575	274.201
28.9007	0.228537	1.69525	0.022518	-2.30203	0.524268	12.4619	-0.155322	-44.9337	-6.79929	1737.83	-89.2542	-86.674	4977.57	0.000159203	273.434
28.9013	0.832529	-8.41347	-0.585468	7.76372	-0.0786402	12.7781	-0.465967	-304.038	-6.79929	1737.5	-89.7336	-87.1296	4976.5	6.59448e-006	272.667
28.9020	0.522371	-18.4594	0.330264	19.6801	-0.393201	15.2283	-0.750724	-440.454	-6.79929	1735.56	-91.9709	-88.6591	4974.82	-0.000145967	271.597
28.9027	-0.391778	-27.9402	0.938249	30.3778	-0.996109	13.3841	-1.96742	-455.394	-6.80521	1734.32	-93.4092	-89.8794	4973.3	-0.000298575	270.992
28.9033	-0.685612	-32.5237	0.630503	35.8395	-0.996109	7.90399	-2.5887	-423.381	-6.79929	1734.16	-93.5691	-90.4814	4972.23	-0.000603745	270.69
28.9040	-1.30593	-29.7611	0.630503	33.1312	-0.393201	0.263466	-3.20999	-300.404	-6.79337	1733.08	-94.448	-91.0997	4972.53	6.59448e-006	269.016
28.9047	-1.59976	-22.101	0.330264	24.871	-0.393201	-7.98302	-3.49475	-158.162	-6.80521	1732.81	-94.9274	-90.937	4972.99	0.000311811	267.04
28.9053	-1.90992	-6.59264	0.022518	10.5171	-0.0786402	-14.9912	-2.5887	-124.88	-6.80521	1733.4	-93.8088	-90.3349	4973.75	-0.000298575	265.97
28.9060	-2.22008	14.8177	-0.285228	-9.61438	-0.0786402	-23.8437	-1.68266	-68.7561	-6.79929	1734.16	-93.0896	-89.7167	4967.8	6.59448e-006	265.342
28.9067	-1.59976	34.3445	0.630503	-27.9404	-0.393201	-38.4924	-1.37201	197.385	-6.79929	1734.64	-92.77	-89.5702	4967.35	0.000159203	263.971
28.9073	-1.30593	46.2113	1.54623	-37.0582	-0.393201	-55.2752	-1.06137	251.087	-6.80521	1733.4	-93.8088	-90.0258	4999.85	6.59448e-006	262.297
28.9080	-0.99577	56.8851	1.24599	-45.0025	-0.0786402	-70.2401	-0.465967	-235.051	-6.80521	1733.08	-94.1284	-89.8794	4864.96	0.000159203	261.087
28.9087	-0.391778	66.3659	0.330264	-52.9468	-0.0786402	-82.1224	0.155322	-530.783	-6.80521	1733.72	-93.7289	-89.7167	4999.85	6.59448e-006	260.157
28.9093	-0.391778	58.4548	0.022518	-45.0025	0.222814	-81.5164	0.465967	-91.944	-6.81112	1732.91	-94.7676	-91.5552	4999.85	-0.000756307	259.39
28.9100	-0.685612	34.9724	0.022518	-23.3363	0.222814	-61.6774	-0.155322	450.664	-6.81112	1731.4	-96.2858	-92.7755	2701.87	-0.00106152	258.483
28.9107	-0.685612	12.683	0.022518	-4.42352	0.222814	-37.5703	-0.465967	562.97	-6.80521	1730.65	-96.6055	-92.1573	-187.378	-0.000298575	257.414
28.9113	-0.685612	-0.43951	-0.285228	5.05545	0.222814	-21.3935	-1.68266	501.597	-6.81112	1731.73	-96.126	-91.3925	-234.833	0.000159203	256.647
28.9120	-0.0816205	-8.7274	-0.585468	9.61438	-0.0786402	-8.27284	-2.27806	443.339	-6.81112	1733.24	-94.6078	-90.1722	45.0134	0.000159203	255.437
28.9127	-0.391778	-14.1899	-0.285228	12.9546	-0.0786402	4.53162	-1.06137	248.606	-6.81112	1734.91	-92.4504	-88.4964	-133.667	0.000311811	253.903
28.9133	-0.391778	-16.9525	0.022518	13.5865	0.524268	17.0463	0.155322	48.1062	-6.81112	1736.15	-91.2518	-87.276	-86.2122	0.000159203	252.531
28.9140	0.522371	-20.9081	-0.585468	14.8052	0.825722	31.695	-0.155322	56.0662	-6.81112	1736.58	-91.2518	-86.5113	-76.2939	6.59448e-006	251.764
28.9147	1.14269	-27.3124	-0.585468	18.4614	0.524268	46.6599	-0.750724	101.231	-6.81112	1735.99	-91.7312	-86.674	-86.8225	0.000159203	250.694
28.9153	0.522371	-31.5819	-0.585468	20.8989	-0.0786402	51.8501	-0.465967	19.727	-6.81112	1735.56	-92.6102	-87.4388	-86.0596	6.59448e-006	249.485
28.9160	-0.0816205	-28.8193	0.022518	19.9961	0.222814	44.2096	0.155322	-91.6556	-6.81112	1735.56	-93.0896	-87.5852	-86.5173	6.59448e-006	248.881
28.9167	-0.0816205	-24.2358	0.330264	18.7774	0.524268	36.5691	-0.155322	-290.945	-6.81112	1735.07	-93.7289	-87.7316	-86.8225	0.000159203	247.346
28.9173	-0.685612	-23.0429	0.630503	18.4614	0.524268	30.7728	-0.750724	-447.146	-6.81704	1734.48	-93.7289	-87.8943	-87.1277	0.000159203	245.672
28.9180	-1.90992	-19.7151	1.24599	17.5587	0.524268	21.0246	-0.155322	-209.441	-6.81112	1734.32	-93.5691	-87.7316	-87.4329	-0.000298575	244.742
28.9187	-1.90992	-12.0551	0.938249	11.1491	0.222814	11.856	1.68266	121.996	-6.81704	1734.75	-93.8088	-87.5852	-86.9751	-0.000298575	243.998
28.9193	-0.685612	0.753445	0.330264	-1.35414	0.825722	5.13759	2.30395	253.509	-6.82394	1735.67	-92.6102	-86.3649	-85.907	-0.000145967	242.928
28.9200	0.228537	14.5038	0.330264	-13.2706	1.14028	-1.5808	1.9933	381.389	-6.82394	1736.91	-90.6126	-85.4537	-84.9915	-0.000298575	241.556
28.9207	0.228537	25.1776	-0.285228	-23.9682	0.222814	-5.24298	1.06137	414.325	-6.81704	1737.5	-90.213	-85.1446	-84.5337	-0.000298575	239.72
28.9213	-0.0816205	33.4027	-0.893213	-31.9125	-0.393201	-7.98302	0.155322	183.023	-6.81704	1736.75	-91.092	-85.6002	-85.144	-0.000145967	238.952
28.9220	-0.391778	34.6585	-0.285228	-30.0619	-0.0786402	-12.8571	-0.155322	-70.8903	-6.81704	1735.4	-92.6102	-86.9832	-86.6699	-0.000145967	239.115
28.9227	-0.391778	26.1194	0.630503	-20.3121	-0.393201	-17.4415	-0.155322	-122.746	-6.81704	1733.99	-93.7289	-88.4964	-87.738	-0.000603745	238.185
28.9233	-0.685612	12.683	0.330264	-8.71162	-0.393201	-19.2594	-1.68266	-71.1787	-6.81704	1732.91	-94.448	-89.7167	-88.6536	-0.000451137	236.813
28.9240	-0.99577	1.38132	0.022518	2.57286	-0.0786402	-14.7014	-1.68266	82.5996	-6.82394	1732.81	-95.4868	-90.3349	-89.4165	6.59448e-006	236.046
28.9247	-1.59976	-5.3369	0.022518	8.98245	-0.393201	-4.32085	-0.465967	308.134	-6.82394	1733.08	-95.4868	-90.1722	-88.9587	-0.000298575	234.837
28.9253	-1.59976	-7.15773	0.022518	9.61438	-0.694655	2.08138	-0.465967	331.033	-6.82394	1733.83	-93.7289	-88.8055	-87.8906	-0.000451137	233.907
28.9260	-0.685612	-7.7856	0.022518	8.98245	-0.0786402	6.66569	-0.465967	168.083	-6.82394	1734.75	-92.9298	-87.7316	-86.9751	-0.000145967	233.302
28.9267	-0.685612	-11.7412	0.330264	9.61438	-0.0786402	13.9901	-0.750724	105.499	-6.82394	1733.99	-94.1284	-88.6591	-87.4329	0.000159203	231.791
28.9273	-0.685612	-14.5038	0.022518	8.98245	0.222814	13.9901	-1.06137	137.224	-6.81704	1733.56	-94.448	-89.5702	-88.3484	-0.000145967	230.559
28.9280	-0.391778	-13.2481	-0.285228	7.4929	0.524268	9.40574	-0.465967	50.2404	-6.82394	1734.32	-93.9686	-89.2611	-87.8906	-0.000145967	229.791
28.9287	-0.685612	-12.0551	-0.285228	6.86097	0.222814	17.3624	-0.750724	-210.075	-6.82394	1734.16	-94.2882	-89.1146	-87.8906	0.000159203	229.024
28.9293	-0.685612	-12.3691	-0.285228	7.76372	-0.393201	33.8291	-1.06137	-395.924	-6.82394	1732.64	-95.4868	-90.3349	-88.9587	6.59448e-006	228.28
28.9300	0.228537	-12.0551	-0.285228	8.98245	-0.0786402	38.4134	-1.06137	-282.696	-6.82394	1732.05	-95.9662	-91.0997	-89.8743	6.59448e-006	228.117
28.9307	0.228537	-8.09953	-0.285228	8.71162	-0.0786402	29.5609	-0.750724	-67.8332	-6.82986	1732.32	-95.9662	-91.5552	-90.1794	-0.000145967	227.815
28.9313	-0.391778	-3.51608	0.022518	6.545	-0.393201	21.3144	-0.750724	-4.67219	-6.82986	1732.32	-95.8064	-91.7017	-90.332	-0.000451137	225.676
28.9320	-0.391778	-4.39509	0.630503	5.95821	-0.393201	19.7863	-1.06137	-87.3872	-6.82986	1733.08	-94.2882	-90.0258	-88.8062	-0.000298575	223.235
28.9327	-0.685612	-7.15773	0.938249	5.32628	-0.996109	21.3144	-0.750724	-199.981	-6.82986	1734.64	-93.2494	-88.4964	-87.2803	0.000159203	222.165
28.9333	-0.685612	-5.96477	0.938249	2.30203	-0.996109	20.3923	-0.155322	-242.088	-6.82986	1735.83	-92.6102	-87.7316	-86.0596	0.000159203	221.398
28.9340	0.522371	-6.84379	0.330264	1.98607	-0.393201	18.5744	-0.465967	-210.941	-6.82986	1735.99	-91.9709	-87.1296	-70.4956	0.000159203	220.328
28.9347	-0.0816205	-10.2343	-0.285228	4.42352	-0.0786402	17.6522	-0.750724	-141.088	-6.82986	1735.4	-92.77	-87.4388	-122.528	6.59448e-006	219.259
28.9353	-0.685612	-8.41347	-0.585468	3.52076	-0.694655	14.596	0.155322	-84.6185	-6.82986	1735.07	-93.4092	-88.2035	-65.3076	6.59448e-006	218.817
28.9360	0.228537	-2.57427	-0.893213	-0.451379	-0.393201	7.58783	0.465967	-87.964	-6.83578	1734.91	-93.5691	-88.3499	24.4141	6.59448e-006	218.212
28.9367	0.522371	2.26033	-0.893213	-3.83672	0.524268	-2.18677	-0.465967	-178.293	-6.82986	1734.91	-93.9686	-88.3499	-467.072	6.59448e-006	217.143
28.9373	-0.0816205	5.3369	-0.585468	-6.27417	0.524268	-9.19497	-0.155322	-383.062	-6.82986	1735.07	-94.1284	-88.4964	875.244	0.000159203	216.678
28.9380	-0.391778	2.88821	-0.285228	-4.42352	-0.0786402	-12.8571	0.776611	-516.767	-6.83578	1734.64	-93.8088	-88.9519	4274.75	0.000159203	216.073
28.9387	0.228537	2.00919	0.022518	-1.98607	-0.0786402	-22.9216	0.155322	-276.293	-6.82986	1734.32	-93.2494	-88.6591	4999.85	6.59448e-006	214.539
28.9393	1.14269	6.52986	-0.285228	-3.83672	0.222814	-37.2805	-1.37201	198.251	-6.82986	1735.4	-92.9298	-88.2035	4842.99	0.000464373	213.004
28.9400	1.74668	6.52986	-0.285228	-3.20479	0.524268	-42.4707	-2.27806	443.05	-6.82986	1737.07	-91.4116	-87.276	4973.45	-0.000145967	212.097
28.9407	1.43652	-1.06738	0.022518	5.64224	0.524268	-35.1464	-2.27806	403.942	-6.84169	1737.5	-90.2929	-86.2185	4999.85	-0.000908915	210.563
28.9413	0.228537	-8.09953	0.330264	12.6838	-0.393201	-24.1598	-2.27806	341.416	-6.84169	1736.15	-91.7312	-87.1296	4961.09	-0.000145967	209.656
28.9420	-0.391778	-5.3369	0.938249	6.86097	-0.694655	-18.3636	-2.5887	291.06	-6.83578	1734.75	-93.7289	-89.2611	4974.37	0.000311811	209.819
28.9427	-0.0816205	3.83001	0.938249	-4.42352	-0.393201	-16.8355	-1.37201	72.8515	-6.83578	1733.72	-94.6078	-90.0258	4972.84	-0.000145967	209.656
28.9433	0.228537	12.9969	0.330264	-11.7359	0.222814	-20.4977	-0.155322	-266.834	-6.84169	1732.91	-95.2471	-90.6441	4972.08	-0.000298575	208.586
28.9440	-0.391778	22.415	-0.285228	-17.5587	0.222814	-29.6399	0.155322	-376.659	-6.84169	1733.4	-95.0873	-90.937	4972.23	6.59448e-006	208.284
28.9447	-0.391778	28.2542	-0.285228	-21.2148	0.222814	-34.8302	0.465967	-165.488	-6.84169	1734.48	-93.8088	-90.0258	4973.14	6.59448e-006	207.819
28.9453	0.228537	27.3124	-0.285228	-19.3642	0.524268	-34.2243	0.155322	43.8378	-6.84169	1733.99	-94.2882	-90.0258	4973.3	0.000159203	205.54
28.9460	1.74668	20.9081	-0.285228	-12.6838	0.222814	-30.5621	0.155322	67.3718	-6.84169	1733.08	-95.2471	-90.3349	4973.3	0.000769543	204.308
28.9467	2.36699	13.2481	0.022518	-6.27417	-0.0786402	-26.5837	-0.155322	16.0931	-6.84169	1733.72	-94.448	-90.1722	4973.3	0.000464373	204.308
28.9473	1.43652	10.5482	0.022518	-4.73948	0.222814	-29.034	-1.37201	33.4552	-6.84169	1734.32	-93.8088	-89.8794	4973.3	-0.000145967	203.541
28.9480	1.14269	9.29249	-0.285228	-4.73948	0.524268	-33.0123	-3.49475	183.023	-6.84169	1733.83	-94.1284	-89.5702	4973.6	-0.000145967	202.169
28.9487	1.14269	6.84379	-1.20096	-5.64224	0.524268	-33.0123	-5.95402	349.664	-6.84169	1733.24	-94.448	-89.8794	4973.45	0.000159203	201.262
28.9493	-0.391778	7.7856	-0.585468	-8.71162	0.524268	-33.0123	-6.86007	424.707	-6.84761	1732.48	-95.4069	-90.7905	4972.53	6.59448e-006	201.262
28.9500	-0.99577	7.7856	0.330264	-8.98245	-0.0786402	-27.5059	-5.02209	404.865	-6.84169	1730.97	-96.4456	-91.8644	4971.47	-0.000298575	200.193
28.9507	-0.391778	0.43951	0.330264	-3.52076	-0.393201	-12.2512	-2.5887	260.835	-6.84169	1730.48	-97.0849	-92.6128	4970.7	0.000159203	198.821
28.9513	-0.0816205	-6.59264	0.330264	1.35414	-0.0786402	2.7137	-0.750724	51.7978	-6.84761	1732.48	-95.9662	-91.7017	4971.62	0.000464373	198.658
28.9520	-0.0816205	-9.29249	0.330264	2.57286	0.222814	14.9122	0.465967	-138.031	-6.84169	1733.83	-94.1284	-89.8794	4973.6	0.000464373	197.751
28.9527	0.832529	-13.562	0.330264	5.95821	0.524268	28.9549	2.30395	-292.444	-6.84761	1735.07	-92.4504	-88.4964	4975.13	0.000159203	196.542
28.9533	1.74668	-18.1455	0.022518	11.1491	0.524268	37.4912	4.42668	-336.397	-6.84761	1736.48	-90.9322	-87.5852	4976.2	0.000311811	195.775
28.9540	1.43652	-19.7151	-0.285228	13.5865	0.222814	41.1534	6.26466	-293.367	-6.84761	1736.75	-90.7724	-87.4388	4976.2	0.000464373	195.31
28.9547	2.05684	-18.7733	-0.585468	12.6838	0.825722	46.6599	6.86007	-245.78	-6.84761	1736.15	-91.9709	-87.7316	4975.43	-0.000145967	194.403
28.9553	2.36699	-16.9525	-0.285228	10.2012	0.222814	52.4561	7.48136	-213.998	-6.84761	1735.56	-92.6102	-88.3499	4975.13	-0.000298575	193.473
28.9560	0.228537	-17.2664	0.630503	10.5171	-0.0786402	54.5902	7.792	-223.803	-6.84761	1735.4	-93.0896	-88.9519	4974.52	-0.000145967	192.729
28.9567	-1.90992	-20.2802	0.938249	13.9025	0.825722	53.3519	6.26466	-232.917	-6.85451	1734.75	-93.2494	-88.8055	4974.67	-0.000451137	191.497
28.9573	-2.22008	-22.101	0.330264	15.1212	0.524268	50.6119	4.11604	-211.863	-6.85451	1733.99	-93.4092	-89.1146	4974.52	-0.000298575	190.59
28.9580	-1.90992	-17.5804	-0.285228	10.8331	-0.0786402	44.8156	2.89935	-68.4677	-6.84761	1734.16	-93.9686	-90.0258	4973.14	-0.000298575	190.125
28.9587	-1.30593	-7.7856	-0.285228	3.20479	0.222814	35.3572	1.37201	264.815	-6.85451	1735.07	-93.2494	-89.2611	4973.75	-0.000603745	189.218
28.9593	-0.685612	1.69525	0.330264	-3.20479	0.222814	23.1587	0.465967	519.939	-6.85451	1735.99	-91.2518	-87.4388	4976.2	6.59448e-006	188.451
28.9600	-0.99577	10.2343	0.330264	-8.98245	0.222814	8.79977	-0.155322	537.647	-6.85451	1736.91	-90.6126	-86.9832	4976.96	0.000616981	188.149
28.9607	-0.685612	16.6386	0.022518	-12.6838	0.222814	-4.32085	-0.465967	476.275	-6.85451	1737.99	-89.8934	-86.674	4976.65	6.59448e-006	187.218
28.9613	0.228537	16.3246	0.022518	-10.5171	-0.0786402	-13.7793	-0.750724	354.509	-6.86043	1736.91	-90.0532	-86.8205	4976.2	-0.000908915	186.149
28.9620	0.228537	14.5038	-0.285228	-8.98245	0.222814	-19.8917	-0.465967	211.114	-6.86043	1735.07	-92.4504	-88.6591	4974.37	-0.000603745	185.847
28.9627	-0.99577	13.8759	-0.285228	-8.98245	0.222814	-22.9216	-0.465967	138.147	-6.85451	1733.83	-94.1284	-90.0258	4972.84	0.000159203	185.405
28.9633	-0.685612	10.8622	-0.585468	-5.05545	0.222814	-22.0258	-0.155322	-8.6522	-6.85451	1732.91	-94.9274	-90.3349	4972.99	6.59448e-006	184.94
28.9640	-0.685612	7.47166	-0.285228	-0.767345	-0.0786402	-19.8917	0.155322	-292.156	-6.86043	1732.91	-94.9274	-90.6441	4972.84	-0.000298575	184.173
28.9647	-1.30593	3.83001	0.022518	0.135414	-0.694655	-16.8355	-0.465967	-494.156	-6.86043	1733.56	-94.448	-91.0997	4972.08	-0.000603745	183.103
28.9653	-1.30593	1.06738	0.022518	-0.135414	0.222814	-12.2512	-1.37201	-363.277	-6.85451	1733.83	-93.8088	-90.6441	4972.99	-0.000451137	182.336
28.9660	-0.685612	0.125574	-0.285228	0.451379	0.825722	-9.19497	-1.96742	-0.403769	-6.86043	1733.99	-93.4092	-89.7167	4973.75	0.000311811	181.894
28.9667	-0.391778	1.06738	-0.585468	-1.08331	0.222814	-6.74473	-1.68266	187.926	-6.86635	1734.16	-93.5691	-89.4238	4974.06	0.000311811	180.824
28.9673	0.832529	2.00919	-0.285228	-2.30203	0.222814	-3.71487	-1.37201	112.825	-6.86635	1734.64	-93.4092	-89.4238	4974.21	-0.000145967	180.197
28.9680	0.832529	0.125574	0.022518	1.35414	-0.0786402	-1.26464	-1.06137	38.6465	-6.86635	1735.23	-92.6102	-88.9519	4974.21	-0.000145967	180.522
28.9687	0.228537	-3.83001	-0.285228	7.17693	-0.0786402	1.79157	-1.06137	-59.008	-6.86043	1733.99	-93.7289	-89.8794	4973.14	6.59448e-006	179.29
28.9693	-0.391778	-10.5482	-0.585468	12.9546	0.222814	5.74356	-0.750724	-333.34	-6.86043	1731.73	-95.8064	-91.7017	4971.16	-0.000451137	177.616
28.9700	-0.685612	-16.6386	-0.285228	17.8746	0.222814	5.13759	-0.465967	-471.891	-6.86043	1730.97	-96.126	-92.1573	4970.7	-0.000298575	177.755
28.9707	-0.391778	-13.2481	-0.285228	13.2706	0.524268	-4.61066	-0.750724	-337.609	-6.86043	1730.97	-95.6466	-92.1573	4970.86	0.000311811	177.616
28.9713	-0.685612	-3.51608	-0.893213	3.83672	0.222814	-18.0474	-1.37201	-345.569	-6.86635	1731.73	-94.7676	-91.3925	4971.77	0.000464373	177.011
28.9720	-0.99577	3.51608	-0.893213	-1.6701	0.524268	-22.9216	-0.465967	-403.25	-6.86635	1733.99	-92.9298	-89.7167	4973.91	0.000159203	175.639
28.9727	-0.99577	13.8759	-0.285228	-10.2012	0.825722	-27.2161	0.155322	-103.538	-6.85451	1735.67	-91.4116	-88.6591	4975.28	6.59448e-006	174.57
28.9733	-0.391778	28.2542	0.022518	-23.0203	0.222814	-35.7524	-0.750724	219.304	-6.85451	1735.99	-90.2929	-87.4388	4976.04	0.000311811	174.244
28.9740	-0.0816205	34.3445	0.330264	-27.3084	-0.393201	-35.7524	-2.27806	222.361	-6.86043	1736.31	-90.213	-87.4388	4976.2	0.000311811	173.5
28.9747	0.228537	27.3124	0.022518	-18.7774	-0.0786402	-25.688	-2.89935	180.889	-6.86043	1736.15	-90.9322	-88.6591	4975.13	0.000159203	172.873
28.9753	1.14269	17.2664	-0.285228	-9.29841	0.524268	-18.0474	-2.5887	280.389	-6.86043	1735.07	-91.891	-88.8055	4974.21	0.000311811	172.431
28.9760	0.522371	12.683	0.022518	-5.95821	0.524268	-17.1253	-2.27806	374.063	-6.86043	1734.75	-91.9709	-88.9519	4974.06	0.000311811	171.663
28.9767	-0.685612	7.47166	0.022518	-2.57286	0.524268	-15.3074	-1.96742	307.211	-6.85451	1735.07	-91.5714	-89.2611	4974.06	6.59448e-006	171.663
28.9773	-0.0816205	0.753445	-0.285228	0.451379	0.222814	-11.329	-1.06137	138.781	-6.86043	1735.56	-91.4116	-89.4238	4973.45	-0.000298575	171.198
28.9780	0.832529	-4.14395	-0.285228	1.6701	-0.0786402	-5.24298	-0.750724	49.3752	-6.86043	1735.23	-91.7312	-89.2611	4973.45	-0.000756307	170.129
28.9787	1.14269	-7.15773	-0.285228	3.52076	-0.393201	4.53162	-0.750724	74.6973	-6.86043	1735.07	-91.4116	-88.2035	4974.98	-0.000451137	168.92
28.9793	1.43652	-9.60642	-0.585468	5.32628	-0.393201	15.8343	-1.06137	82.3112	-6.86043	1735.99	-90.7724	-87.5852	4975.89	-0.000298575	168.315
28.9800	1.74668	-12.9969	-0.285228	8.39565	-0.393201	30.483	-0.750724	56.0662	-6.86043	1737.66	-90.0532	-86.5113	4976.81	-0.000298575	167.85
28.9807	0.832529	-16.6386	0.022518	12.0518	-0.694655	42.0755	-0.155322	117.381	-6.85451	1737.83	-89.0944	-85.6002	4977.72	-0.000145967	166.92
28.9813	0.522371	-17.2664	-0.285228	12.3678	-0.393201	41.4696	-0.465967	202.519	-6.86043	1736.15	-90.213	-86.8205	4976.35	-0.000145967	166.478
28.9820	1.14269	-14.8177	-0.893213	10.2012	-0.393201	33.2231	-1.37201	170.218	-6.86043	1734.75	-92.1308	-88.9519	4973.75	-0.000145967	166.781
28.9827	1.14269	-12.3691	-0.585468	8.98245	-0.0786402	22.8425	-1.37201	54.2204	-6.85451	1733.83	-93.0896	-90.1722	4972.84	-0.000603745	166.478
28.9833	0.832529	-12.683	-0.285228	9.29841	0.222814	13.3841	-1.06137	-52.6054	-6.86635	1733.4	-92.9298	-90.1722	4973.6	-0.000451137	166.013
28.9840	0.832529	-14.8177	-0.585468	9.93034	-0.0786402	9.40574	-1.68266	-105.384	-6.86635	1733.56	-93.2494	-90.4814	4972.99	0.000159203	165.548
28.9847	1.74668	-15.3828	-0.285228	9.61438	-0.393201	9.7219	-1.37201	-130.071	-6.86043	1733.83	-93.4092	-90.7905	4972.23	6.59448e-006	164.804
28.9853	2.36699	-13.562	0.022518	8.98245	-0.393201	9.7219	0.776611	-76.7161	-6.86043	1734.16	-92.4504	-89.5702	4973.6	-0.000451137	163.874
28.9860	2.36699	-10.2343	-0.285228	7.76372	-0.0786402	12.7781	1.9933	33.1668	-6.85451	1733.99	-92.2906	-89.1146	4974.52	6.59448e-006	162.967
28.9867	2.66083	-6.27871	-0.585468	4.42352	0.222814	18.5744	1.68266	-6.51799	-6.85451	1734.48	-92.6102	-89.8794	4973.45	6.59448e-006	162.805
28.9873	2.36699	-2.26033	-0.285228	0.767345	-0.393201	21.3144	1.9933	-60.2193	-6.86043	1734.64	-92.6102	-90.3349	4972.69	6.59448e-006	162.805
28.9880	1.14269	0.43951	-0.285228	-1.08331	-0.393201	18.2582	2.30395	49.0291	-6.85451	1733.99	-92.77	-89.7167	4973.6	0.000311811	162.037
28.9887	0.522371	4.39509	-1.20096	-4.73948	-0.0786402	9.40574	1.68266	34.0897	-6.86043	1733.56	-93.0896	-89.8794	4973.6	0.000159203	160.991
28.9893	0.522371	10.8622	-0.893213	-10.2012	-0.0786402	0.579626	1.06137	-174.025	-6.86043	1732.05	-95.0873	-92.1573	4971.16	6.59448e-006	160.363
28.9900	-0.0816205	12.683	0.630503	-10.2012	-0.0786402	0.579626	0.465967	-271.679	-6.86043	1731.13	-96.126	-93.0847	4970.09	6.59448e-006	160.363
28.9907	-0.0816205	9.60642	-0.285228	-4.73948	0.222814	2.7137	-0.465967	-208.806	-6.86043	1731.73	-95.2471	-92.32	4970.86	6.59448e-006	160.363
28.9913	-0.0816205	7.47166	-0.893213	-1.08331	0.222814	-3.08255	-0.750724	-62.0651	-6.86635	1732.32	-93.9686	-91.0997	4972.53	6.59448e-006	159.922
28.9920	-0.685612	5.02297	-0.285228	-0.451379	0.222814	-9.51113	-0.750724	154.009	-6.86635	1733.99	-92.6102	-89.4238	4974.52	0.000159203	158.689
28.9927	-0.391778	1.69525	0.022518	0.451379	-0.0786402	-11.0392	-0.750724	361.546	-6.86043	1735.56	-91.2518	-88.3499	4975.28	6.59448e-006	157.782
28.9933	0.228537	-2.26033	-0.285228	2.57286	-0.0786402	-12.2512	-0.750724	508.922	-6.86635	1736.15	-90.2929	-87.5852	4976.04	-0.000145967	157.015
28.9940	0.522371	-4.39509	0.022518	2.88883	-0.0786402	-15.3074	-0.465967	393.271	-6.86043	1735.56	-90.7724	-87.276	4976.5	0.000311811	155.783
28.9947	1.43652	-3.83001	0.022518	0.767345	0.524268	-19.2594	0.465967	-102.038	-6.86043	1734.75	-91.7312	-88.6591	4974.98	0.000159203	155.643
28.9953	1.43652	-4.39509	0.330264	2.57286	0.825722	-20.1815	1.37201	-482.273	-6.86043	1734.91	-91.7312	-89.2611	4974.21	-0.000145967	156.248
28.9960	1.14269	-9.92036	0.022518	9.93034	0.222814	-12.2512	0.776611	-395.578	-6.86043	1734.91	-91.7312	-88.6591	4974.52	0.000159203	155.643
28.9967	0.228537	-16.3246	-0.285228	16.3399	0.222814	0.263466	0.465967	-137.108	-6.86043	1734.64	-91.891	-88.8055	4974.21	6.59448e-006	154.876
28.9973	-0.99577	-18.1455	0.330264	16.9267	0.222814	7.27167	0.155322	39.5694	-6.86043	1734.75	-91.9709	-88.9519	4973.91	-0.000298575	154.411
28.9980	-1.59976	-15.1317	0.630503	13.9025	-0.393201	8.50996	-1.06137	116.805	-6.86635	1734.64	-91.9709	-88.9519	4974.52	6.59448e-006	154.272
28.9987	-2.22008	-10.2343	0.630503	9.93034	-0.694655	8.50996	-1.06137	52.7207	-6.86635	1735.07	-91.4116	-88.8055	4974.82	0.000159203	154.109
28.9993	-1.90992	-2.88821	0.630503	3.20479	-0.0786402	4.24181	-0.155322	-190.81	-6.86635	1736.58	-90.0532	-87.5852	4975.89	6.59448e-006	153.342
29.0000	-0.685612	6.27871	0.330264	-5.05545	0.524268	-4.00469	-0.155322	-399.558	-6.86635	1737.34	-89.2542	-86.2185	4977.26	6.59448e-006	151.97
29.0007	-0.391778	15.3828	0.330264	-13.2706	0.222814	-12.8571	-0.465967	-389.522	-6.86635	1737.34	-89.2542	-86.3649	4977.11	0.000311811	151.226
29.0013	-1.30593	27.6263	0.630503	-24.871	0.524268	-24.7658	-0.155322	-323.592	-6.86635	1736.75	-90.213	-87.276	4975.74	-0.000145967	151.667
29.0020	-1.59976	43.1975	0.330264	-38.9089	0.222814	-35.1464	-0.465967	-181.35	-6.86635	1734.75	-91.891	-88.6591	4974.21	-0.000298575	151.97
29.0027	-1.59976	49.9157	0.330264	-44.4157	0.222814	-36.0422	0.776611	57.912	-6.86635	1733.56	-92.77	-89.7167	4973.14	-0.000298575	151.97
29.0033	-1.30593	41.9418	0.330264	-36.1555	0.222814	-30.2459	2.30395	125.976	-6.86635	1733.24	-93.7289	-90.4814	4972.38	-0.000298575	151.365
29.0040	-0.391778	26.6845	0.022518	-20.5829	-0.393201	-22.9216	1.9933	-36.6853	-6.86635	1732.91	-94.2882	-90.6441	4972.38	0.000159203	150.761
29.0047	-0.0816205	14.8177	0.022518	-7.17693	-0.0786402	-18.0474	1.37201	-131.629	-6.86635	1733.72	-93.0896	-89.8794	4973.3	0.000159203	150.761
29.0053	-0.0816205	6.52986	-1.20096	0.451379	0.524268	-16.2295	1.68266	88.7139	-6.87226	1734.32	-91.891	-89.4238	4973.91	0.000159203	150.598
29.0060	0.522371	-1.69525	-1.80894	4.73948	0.222814	-8.27284	1.37201	335.013	-6.86635	1734.91	-91.7312	-88.9519	4974.67	0.000464373	150.296
29.0067	1.74668	-6.27871	-1.20096	7.17693	-0.0786402	0.869438	1.68266	288.003	-6.86043	1734.75	-92.2906	-89.2611	4974.37	0.000464373	149.993
29.0073	1.14269	-8.09953	-1.20096	8.39565	0.222814	0.869438	0.776611	167.449	-6.86635	1734.16	-93.0896	-89.8794	4973.3	0.000311811	149.087
29.0080	0.228537	-9.29249	-0.893213	7.4929	0.222814	-0.658665	-0.465967	175.063	-6.87226	1734.32	-92.6102	-89.2611	4973.6	0.000159203	148.157
29.0087	-0.0816205	-10.5482	-0.285228	5.95821	-0.393201	9.40574	0.465967	114.959	-6.86635	1733.99	-92.77	-89.8794	4973.3	6.59448e-006	148.319
29.0093	-0.0816205	-16.0107	-0.893213	7.4929	-0.393201	26.2149	1.06137	-77.293	-6.86635	1732.81	-93.9686	-91.2461	4971.77	-0.000145967	148.622
29.0100	-0.0816205	-20.2802	-1.20096	10.2012	0.825722	34.435	0.776611	-154.528	-6.87226	1732.05	-94.6078	-91.5552	4971.01	6.59448e-006	148.459
29.0107	-0.0816205	-19.9663	-0.893213	10.2012	0.825722	35.3572	0.465967	-82.7727	-6.87226	1731.89	-94.6078	-91.7017	4971.16	6.59448e-006	147.715
29.0113	-0.391778	-18.1455	-0.585468	8.71162	-0.0786402	37.2014	-0.155322	-0.115363	-6.86635	1732.81	-94.1284	-91.0997	4972.53	0.000159203	147.25
29.0120	-0.391778	-12.683	0.022518	2.88883	0.222814	35.041	-0.750724	101.231	-6.86635	1734.16	-92.6102	-89.5702	4973.91	0.000159203	146.482
29.0127	0.832529	-2.88821	0.630503	-5.05545	-0.0786402	27.4268	-0.750724	215.382	-6.86635	1735.4	-91.092	-88.4964	4975.13	6.59448e-006	145.576
29.0133	1.74668	2.88821	0.630503	-8.71162	-0.0786402	22.2365	-0.750724	250.741	-6.86635	1736.31	-90.2929	-87.5852	4976.2	0.000159203	145.111
29.0140	1.43652	2.88821	0.330264	-6.86097	0.524268	22.2365	-0.750724	157.355	-6.86635	1736.31	-90.4528	-87.5852	4975.74	0.000311811	144.948
29.0147	1.14269	1.38132	0.022518	-3.83672	0.222814	22.5527	-1.68266	66.1605	-6.86043	1735.4	-91.092	-88.2035	4974.98	0.000464373	144.948
29.0153	0.228537	0.125574	-0.285228	-0.451379	-0.694655	20.1025	-1.96742	67.0257	-6.86635	1735.23	-91.4116	-88.4964	4974.98	0.000311811	145.273
29.0160	-1.30593	-2.57427	0.330264	3.52076	-0.694655	18.2582	-1.68266	50.8749	-6.86635	1735.4	-91.5714	-88.3499	4974.82	6.59448e-006	145.111
29.0167	-1.90992	-5.3369	0.630503	5.95821	-0.0786402	18.2582	-3.20999	38.0697	-6.86635	1735.56	-91.9709	-88.4964	4974.67	6.59448e-006	144.506
29.0173	-1.59976	-6.27871	0.630503	5.95821	0.222814	18.2582	-3.8054	56.7007	-6.86043	1734.75	-92.6102	-89.1146	4974.21	-0.000451137	143.739
29.0180	-0.99577	-6.59264	0.630503	6.86097	0.222814	17.9684	-3.8054	-3.11479	-6.86635	1733.99	-93.0896	-89.5702	4973.45	-0.000603745	142.971
29.0187	-0.0816205	-5.3369	0.022518	6.545	0.222814	15.2283	-5.02209	-181.985	-6.86635	1735.07	-91.9709	-88.4964	4974.52	6.59448e-006	143.134
29.0193	-0.391778	-3.83001	-0.585468	3.83672	-0.0786402	7.58783	-6.86007	-326.015	-6.86635	1736.91	-90.0532	-86.674	4976.35	0.000311811	143.274
29.0200	-1.30593	-2.26033	-0.585468	2.30203	-0.393201	-1.5808	-6.86007	-231.129	-6.86635	1737.83	-88.6149	-85.6002	4977.42	-0.000298575	142.506
29.0207	-0.685612	-0.125574	0.330264	1.35414	-0.0786402	-6.45492	-5.95402	-27.8601	-6.86635	1737.83	-88.9345	-86.0557	4977.26	-0.000145967	141.902
29.0213	-0.391778	1.69525	0.022518	0.451379	0.222814	-8.589	-5.64338	36.5123	-6.86043	1736.48	-90.2929	-87.7316	4975.74	6.59448e-006	141.762
29.0220	-0.0816205	1.38132	-0.893213	0.135414	-0.0786402	-12.2512	-4.73733	5.99886	-6.86043	1734.48	-92.1308	-89.5702	4973.91	-0.000451137	141.902
29.0227	0.522371	-1.69525	-0.893213	2.88883	-0.0786402	-12.8571	-2.27806	-8.9406	-6.86635	1733.4	-93.2494	-90.3349	4972.99	-0.000298575	142.204
29.0233	1.14269	-5.3369	-1.20096	7.17693	0.222814	-7.98302	-1.96742	-9.5751	-6.86635	1732.91	-93.8088	-90.4814	4972.99	0.000159203	142.204
29.0240	1.43652	-7.47166	-0.893213	9.61438	0.222814	-4.32085	-2.89935	-8.30611	-6.86043	1732.81	-94.1284	-90.4814	4972.99	-0.000451137	141.902
29.0247	1.14269	-7.7856	0.022518	10.5171	-0.0786402	-4.32085	-2.27806	5.07595	-6.86043	1733.24	-93.4092	-89.8794	4973.45	-0.000603745	140.832
29.0253	1.14269	-8.09953	0.022518	10.5171	-0.0786402	-4.00469	-0.465967	3.57624	-6.86043	1733.83	-92.9298	-89.5702	4973.75	0.000159203	140.693
29.0260	0.832529	-7.47166	-0.585468	7.4929	0.222814	1.1856	0.776611	-20.5345	-6.86635	1734.16	-92.9298	-89.4238	4974.06	0.000159203	140.995
29.0267	-0.0816205	-5.3369	0.022518	4.42352	-0.393201	8.1938	2.30395	-1.32667	-6.86635	1734.32	-92.6102	-89.2611	4974.52	6.59448e-006	140.693
29.0273	-0.391778	-5.3369	0.938249	6.27417	-0.996109	8.50996	4.11604	76.4854	-6.86635	1734.64	-92.1308	-89.2611	4974.21	0.000159203	140.53
29.0280	-0.685612	-8.09953	0.630503	10.2012	-0.996109	1.79157	3.83128	177.543	-6.86635	1735.23	-91.891	-89.1146	4973.91	0.000311811	140.995
29.0287	-0.0816205	-10.2343	-0.585468	12.6838	-0.393201	-6.13876	3.52064	223.919	-6.86635	1734.48	-92.4504	-89.4238	4973.3	6.59448e-006	140.53
29.0293	1.14269	-9.60642	-0.585468	13.5865	-0.0786402	-11.6452	3.52064	36.2239	-6.86635	1731.89	-94.448	-91.2461	4971.92	6.59448e-006	139.623
29.0300	1.14269	-7.7856	-0.585468	12.6838	0.222814	-15.3074	1.9933	-304.327	-6.86635	1730.81	-95.4069	-92.6128	4970.55	-0.000145967	140.065
29.0307	1.14269	-4.70903	-0.893213	10.2012	0.524268	-19.5755	1.06137	-451.472	-6.86635	1731.56	-94.9274	-92.1573	4971.01	0.000159203	140.391
29.0313	1.43652	3.51608	-0.893213	1.98607	0.825722	-27.822	3.52064	-442.012	-6.86635	1732.91	-93.7289	-90.7905	4972.53	0.000464373	139.763
29.0320	0.522371	15.1317	-1.20096	-10.5171	0.524268	-37.8864	4.42668	-402.904	-6.86635	1734.32	-92.2906	-89.1146	4974.21	0.000464373	139.019
29.0327	-0.391778	24.2358	-0.285228	-19.9961	-0.0786402	-46.4227	2.89935	-261.642	-6.86635	1735.4	-90.9322	-88.2035	4975.43	0.000464373	138.554
29.0333	-1.30593	31.5819	0.938249	-26.9925	-0.0786402	-53.4573	2.89935	-179.562	-6.86635	1736.48	-89.8934	-87.5852	4976.04	0.000159203	138.391
29.0340	-1.30593	36.7932	0.938249	-30.9646	0.524268	-58.6476	4.42668	-169.468	-6.86635	1736.58	-89.7336	-87.276	4976.04	0.000159203	138.251
29.0347	-0.99577	37.9862	0.938249	-29.4299	0.524268	-58.0153	4.73733	-36.6853	-6.87226	1736.15	-90.7724	-87.7316	4975.59	0.000159203	137.949
29.0353	-1.30593	33.7167	0.330264	-23.6523	-0.0786402	-52.5352	4.42668	66.4489	-6.87226	1735.56	-91.5714	-88.6591	4974.98	6.59448e-006	137.786
29.0360	-1.59976	26.6845	0.022518	-18.1454	0.524268	-46.4227	4.42668	-2.24957	-6.86635	1734.75	-91.7312	-89.2611	4974.52	-0.000145967	137.786
29.0367	-1.30593	21.536	0.630503	-15.392	0.825722	-39.7043	4.42668	2.94175	-6.87226	1734.16	-91.7312	-89.4238	4974.21	-0.000298575	137.484
29.0373	-0.0816205	14.1899	0.630503	-11.7359	0.222814	-28.428	4.42668	224.207	-6.87226	1734.16	-92.1308	-89.4238	4974.06	-0.000145967	137.321
29.0380	0.832529	2.57427	-0.285228	-5.32628	0.222814	-6.45492	6.26466	423.208	-6.86635	1734.32	-92.9298	-89.4238	4973.75	-0.000145967	137.182
29.0387	1.43652	-8.7274	-0.585468	1.08331	0.524268	24.6868	8.3874	433.59	-6.86043	1734.91	-91.7312	-88.8055	4974.82	6.59448e-006	136.88
29.0393	1.74668	-16.0107	-0.285228	5.05545	0.222814	47.5556	8.3874	388.08	-6.86635	1736.31	-89.8934	-87.4388	4976.65	0.000311811	136.577
29.0400	1.74668	-16.9525	-0.585468	5.32628	0.524268	51.8501	6.86007	376.774	-6.86635	1737.66	-89.0944	-86.2185	4977.26	6.59448e-006	136.415
29.0407	2.36699	-12.0551	-1.20096	2.88883	1.44174	46.0275	5.95402	245.261	-6.86635	1737.99	-88.6149	-85.9093	4977.11	-0.000298575	136.112
29.0413	1.74668	-8.41347	-0.585468	1.98607	1.14028	42.3654	5.33273	15.8047	-6.86635	1736.48	-89.414	-87.4388	4975.89	-0.000451137	136.252
29.0420	0.522371	-6.84379	0.330264	2.57286	0.825722	42.0755	4.42668	-70.8903	-6.86043	1734.32	-91.891	-89.4238	4973.45	-0.000451137	136.577
29.0427	-0.391778	-6.84379	0.330264	2.88883	0.825722	40.2313	2.5887	-47.7024	-6.86043	1733.4	-93.2494	-90.6441	4972.38	-0.000298575	136.415
29.0433	-1.30593	-8.09953	0.630503	3.52076	0.222814	36.2793	0.776611	-47.0679	-6.86635	1733.24	-93.0896	-90.7905	4972.69	-0.000298575	136.415
29.0440	-1.59976	-9.92036	1.24599	5.05545	-0.694655	32.0111	0.465967	-56.2393	-6.87226	1733.56	-92.9298	-90.1722	4972.99	-0.000603745	136.88
29.0447	-1.59976	-10.8622	1.54623	8.07969	-0.996109	28.349	-0.155322	-58.3735	-6.86635	1733.99	-92.6102	-90.0258	4973.45	-0.000298575	136.577
29.0453	-2.22008	-13.2481	1.54623	12.0518	-0.996109	26.5047	-1.68266	-33.6859	-6.86635	1734.32	-91.9709	-89.7167	4973.91	6.59448e-006	135.81
29.0460	-1.59976	-16.3246	1.24599	16.3399	-0.996109	26.8209	-2.27806	18.5157	-6.86635	1734.48	-91.9709	-89.2611	4973.45	6.59448e-006	135.508
29.0467	0.228537	-20.2802	0.938249	19.6801	-1.31067	28.6388	-1.37201	41.1268	-6.86635	1734.32	-92.1308	-89.4238	4973.3	-0.000145967	135.508
29.0473	0.228537	-21.536	0.330264	19.6801	-1.61212	29.2447	-0.750724	44.7607	-6.86043	1734.32	-91.891	-89.8794	4973.6	-0.000298575	135.647
29.0480	-0.99577	-17.8315	0.630503	16.3399	-1.31067	25.2928	-0.750724	-4.96059	-6.86043	1734.48	-91.5714	-89.7167	4973.6	0.000159203	135.81
29.0487	-1.59976	-12.0551	0.938249	10.5171	-0.694655	17.9684	-0.750724	-130.071	-6.86635	1733.83	-92.2906	-89.8794	4972.99	0.000311811	136.112
29.0493	-1.90992	-6.27871	0.330264	4.73948	-0.393201	10.644	-0.465967	-156.662	-6.86043	1732.64	-93.7289	-91.3925	4971.92	6.59448e-006	136.577
29.0500	-1.59976	-4.39509	-0.285228	4.73948	-0.0786402	4.84778	0.155322	-116.055	-6.86043	1731.89	-94.1284	-92.4664	4971.16	-0.000145967	137.321
29.0507	-0.391778	-3.20214	-0.285228	5.05545	0.524268	-2.79274	-0.465967	-125.515	-6.86043	1731.89	-93.8088	-92.1573	4971.31	-0.000145967	137.321
29.0513	0.228537	6.27871	0.022518	-3.52076	0.222814	-14.3853	-0.465967	-72.1016	-6.86043	1732.48	-93.2494	-91.2461	4972.53	-0.000298575	136.415
29.0520	0.228537	15.3828	0.330264	-10.5171	-0.0786402	-22.9216	1.06137	103.076	-6.86043	1734.16	-91.7312	-89.7167	4974.06	-0.000145967	136.112
29.0527	0.522371	19.4012	0.022518	-12.0518	0.222814	-27.2161	0.776611	386.869	-6.86635	1735.83	-90.0532	-88.0408	4975.59	6.59448e-006	136.717
29.0533	1.43652	22.415	0.022518	-13.2706	0.222814	-32.6962	0.465967	698.175	-6.86043	1736.31	-89.414	-87.276	4976.04	0.000159203	137.019
29.0540	2.36699	19.9663	0.022518	-11.1491	0.524268	-34.5404	1.9933	749.742	-6.85451	1736.58	-89.2542	-87.4388	4975.89	0.000159203	137.321
29.0547	2.66083	15.1317	-0.285228	-9.61438	0.524268	-31.4842	4.42668	447.319	-6.86043	1736.15	-89.7336	-88.2035	4975.28	6.59448e-006	137.182
29.0553	1.14269	15.6968	0.022518	-12.0518	0.524268	-32.38	5.64338	49.952	-6.86043	1734.75	-90.7724	-88.8055	4974.21	6.59448e-006	137.182
29.0560	-0.391778	15.6968	0.330264	-10.5171	1.14028	-35.1464	5.04797	-234.186	-6.86043	1734.64	-90.9322	-88.9519	4974.06	0.000464373	137.786
29.0567	-0.685612	7.7856	0.330264	-2.57286	1.44174	-30.8782	2.5887	-355.605	-6.85451	1735.56	-90.0532	-88.3499	4975.13	0.000769543	138.693
29.0573	-0.99577	-2.26033	0.330264	5.64224	0.825722	-23.2377	0.465967	-369.333	-6.85451	1735.4	-90.0532	-88.4964	4975.13	0.000616981	138.856
29.0580	-1.30593	-8.41347	0.630503	9.61438	0.825722	-14.9912	-0.465967	-329.706	-6.85451	1734.64	-90.9322	-89.4238	4973.91	0.000159203	138.391
29.0587	-0.685612	-12.683	0.330264	11.7359	0.825722	-4.32085	-1.06137	-200.904	-6.85451	1735.23	-89.8934	-88.4964	4974.82	-0.000298575	138.089
29.0593	-0.0816205	-15.1317	0.022518	12.6838	0.222814	2.7137	-2.5887	-26.6488	-6.85451	1736.75	-87.8958	-86.8205	4976.96	-0.000298575	137.786
29.0600	0.522371	-10.5482	-0.285228	7.4929	0.222814	5.45375	-5.64338	57.912	-6.85451	1737.66	-87.5762	-85.9093	4978.03	-0.000145967	137.624
29.0607	1.14269	-2.26033	-0.893213	-0.767345	0.524268	8.79977	-7.76611	110.69	-6.85451	1737.66	-88.3752	-86.5113	4976.96	-0.000145967	138.089
29.0613	0.228537	-0.125574	-0.893213	-3.83672	0.524268	13.7002	-6.86007	141.492	-6.84761	1736.48	-89.414	-88.0408	4974.82	-0.000298575	138.251
29.0620	-0.99577	-1.06738	-0.285228	-2.88883	0.524268	18.2582	-4.73733	-127.36	-6.84761	1733.83	-91.2518	-89.7167	4972.99	-0.000298575	138.856
29.0627	-1.59976	0.125574	-0.285228	-2.88883	0.825722	18.2582	-2.5887	-457.528	-6.84761	1732.64	-92.2906	-91.0997	4972.53	-0.000451137	139.623
29.0633	-1.90992	2.26033	0.630503	-4.42352	0.825722	15.5182	-0.155322	-361.085	-6.84761	1732.48	-91.9709	-91.2461	4972.53	-0.000451137	139.763
29.0640	-0.99577	4.14395	1.54623	-5.64224	0.222814	12.1721	1.68266	-201.192	-6.84169	1732.81	-91.7312	-90.6441	4972.53	6.59448e-006	140.228
29.0647	-0.99577	2.26033	1.24599	-3.20479	0.524268	10.3279	1.9933	-173.448	-6.84761	1733.56	-91.092	-90.3349	4973.3	0.000159203	140.693
29.0653	-1.90992	-4.70903	0.938249	3.20479	0.825722	14.3062	1.68266	42.3381	-6.84761	1733.83	-90.7724	-90.3349	4974.06	6.59448e-006	140.228
29.0660	-1.30593	-12.683	0.938249	11.465	0.524268	20.1025	0.776611	211.979	-6.84761	1734.32	-90.4528	-89.7167	4973.91	-0.000298575	140.693
29.0667	-0.0816205	-16.3246	1.24599	16.6108	0.524268	20.3923	1.06137	100.308	-6.84169	1734.91	-90.213	-89.2611	4974.06	-0.000145967	141.6
29.0673	-0.0816205	-14.5038	1.54623	13.9025	0.524268	14.596	1.37201	-28.4946	-6.84169	1734.48	-90.0532	-89.1146	4974.52	-0.000298575	141.135
29.0680	-0.391778	-10.8622	1.24599	8.39565	0.524268	4.84778	0.776611	-14.7664	-6.84169	1733.99	-90.2929	-89.4238	4974.21	6.59448e-006	140.995
29.0687	-1.30593	-8.41347	0.938249	6.27417	0.825722	-1.26464	0.155322	-66.9103	-6.83578	1733.08	-91.2518	-90.7905	4972.69	0.000311811	141.902
29.0693	-1.90992	-5.02297	0.938249	4.42352	0.222814	2.39754	-0.465967	-251.548	-6.84169	1731.56	-92.6102	-92.1573	4970.86	-0.000145967	142.204
29.0700	-1.59976	-2.26033	0.630503	3.83672	-0.694655	7.58783	-0.465967	-344.934	-6.84169	1730.65	-93.7289	-92.7755	4969.94	-0.000145967	141.762
29.0707	-0.99577	0.125574	0.630503	2.57286	-0.393201	1.1856	-1.06137	-375.448	-6.83578	1731.24	-93.2494	-92.0108	4971.01	0.000311811	142.506
29.0713	-0.685612	5.65084	0.330264	-2.30203	-0.393201	-12.8571	-1.96742	-363.854	-6.83578	1733.4	-90.7724	-90.0258	4972.99	0.000159203	143.274
29.0720	-0.0816205	8.97855	0.630503	-4.10755	-0.694655	-23.5539	-2.27806	-149.625	-6.83578	1734.64	-89.2542	-88.6591	4974.67	0.000159203	142.204
29.0727	-0.391778	10.8622	0.630503	-4.73948	-0.694655	-29.3501	-1.68266	69.506	-6.84169	1735.07	-88.6149	-87.8943	4975.59	0.000616981	141.902
29.0733	-0.99577	13.8759	0.938249	-8.71162	-0.393201	-29.6399	-1.68266	149.452	-6.83578	1735.99	-87.8958	-87.276	4975.74	0.000311811	143.274
29.0740	-0.685612	15.1317	0.938249	-9.61438	-0.393201	-27.822	-1.96742	213.825	-6.82986	1736.48	-88.0556	-87.5852	4975.59	6.59448e-006	143.437
29.0747	-0.99577	12.683	0.630503	-6.545	-0.694655	-25.688	-2.27806	220.573	-6.82986	1735.83	-88.2154	-87.8943	4975.28	0.000159203	143.576
29.0753	-1.90992	10.2343	0.938249	-5.95821	-0.393201	-22.0258	-1.68266	225.419	-6.83578	1734.91	-88.3752	-88.3499	4974.98	0.000311811	144.204
29.0760	-1.59976	10.5482	1.24599	-9.29841	-0.0786402	-19.5755	-1.37201	298.674	-6.82986	1735.07	-88.7747	-88.9519	4974.37	0.000159203	144.506
29.0767	-0.99577	12.3691	1.24599	-13.2706	-0.0786402	-14.9912	-0.465967	299.597	-6.82986	1735.4	-88.9345	-88.8055	4973.91	0.000159203	144.808
29.0773	-0.99577	11.4272	1.24599	-12.9546	-0.393201	-8.589	0.776611	171.717	-6.82986	1734.75	-89.2542	-88.8055	4974.37	0.000311811	145.111
29.0780	-0.0816205	9.29249	0.630503	-8.71162	0.222814	-5.24298	-0.155322	-34.8972	-6.82986	1734.64	-88.9345	-88.9519	4974.67	6.59448e-006	145.111
29.0787	0.522371	6.52986	0.022518	-4.42352	-0.0786402	1.47541	-1.37201	-120.035	-6.82986	1735.4	-88.3752	-88.6591	4975.28	-0.000298575	144.808
29.0793	0.522371	-0.753445	-0.585468	1.35414	-0.694655	11.25	-1.68266	41.1268	-6.82986	1736.15	-87.4164	-87.5852	4976.2	-0.000451137	144.646
29.0800	0.228537	-6.27871	-0.585468	5.64224	-0.393201	16.7301	-1.96742	152.509	-6.82986	1737.34	-86.058	-86.2185	4977.11	-0.000145967	145.413
29.0807	-0.0816205	-6.27871	0.022518	3.83672	-0.393201	17.3624	-3.8054	78.3312	-6.82394	1737.83	-85.8981	-85.9093	4977.42	-0.000145967	146.18
29.0813	0.228537	-4.70903	0.630503	-0.135414	-1.31067	16.1241	-5.33273	76.197	-6.82394	1736.31	-87.5762	-87.5852	4975.89	-0.000451137	146.645
29.0820	0.228537	-3.83001	0.938249	-1.35414	-1.31067	13.9901	-5.02209	172.006	-6.82394	1734.48	-89.2542	-89.2611	4973.91	-0.000451137	147.389
29.0827	0.228537	-4.14395	1.54623	-0.135414	-0.393201	13.3841	-4.42668	192.194	-6.82394	1733.4	-90.4528	-90.3349	4972.84	-0.000298575	147.854
29.0833	0.228537	-5.3369	1.54623	1.98607	-0.0786402	12.7781	-3.8054	125.341	-6.82394	1732.91	-91.092	-91.2461	4971.92	-0.000756307	148.017
29.0840	0.522371	-5.96477	0.630503	3.20479	-0.0786402	9.11593	-3.49475	-10.4403	-6.82394	1733.56	-90.9322	-90.4814	4972.99	-0.000603745	148.784
29.0847	0.522371	-6.84379	0.022518	4.73948	0.222814	4.84778	-3.49475	-189.022	-6.81704	1734.64	-89.414	-89.1146	4974.52	-0.000145967	149.691
29.0853	0.522371	-9.29249	0.330264	5.95821	0.222814	2.7137	-3.8054	-285.407	-6.81704	1734.91	-88.3752	-89.2611	4974.37	-0.000451137	149.389
29.0860	0.522371	-10.5482	0.330264	5.64224	-0.0786402	3.00351	-3.49475	-257.374	-6.82394	1734.64	-88.3752	-89.5702	4974.06	-0.000756307	148.784
29.0867	0.832529	-10.2343	0.022518	5.05545	0.222814	9.11593	-2.27806	-157.239	-6.81704	1733.99	-89.0944	-89.4238	4973.91	6.59448e-006	149.389
29.0873	0.832529	-8.7274	-0.285228	3.83672	0.222814	17.0463	-1.68266	-28.4946	-6.81704	1733.56	-89.5738	-89.8794	4973.6	6.59448e-006	149.993
29.0880	0.228537	-6.59264	-0.893213	3.83672	0.524268	16.1241	-1.96742	17.016	-6.81704	1733.72	-89.0944	-90.0258	4973.45	0.000159203	150.458
29.0887	-0.391778	-5.3369	-0.893213	4.42352	0.222814	8.50996	-1.96742	-79.4272	-6.81704	1733.72	-89.7336	-90.4814	4972.69	0.000311811	151.528
29.0893	-0.685612	-5.02297	-0.285228	4.10755	0.222814	5.13759	-1.06137	-178.293	-6.81704	1732.91	-90.213	-90.7905	4972.23	-0.000298575	152.132
29.0900	-0.685612	-7.15773	0.330264	5.32628	0.825722	6.98185	-0.750724	-179.85	-6.81704	1732.05	-90.7724	-91.8644	4971.47	-0.000298575	152.597
29.0907	-0.685612	-8.97855	0.022518	6.86097	0.524268	7.27167	-1.06137	-165.199	-6.81704	1731.56	-91.4116	-92.4664	4970.86	-0.000298575	152.737
29.0913	-0.391778	-8.09953	0.022518	6.545	-0.0786402	6.05972	0.155322	-133.763	-6.81704	1732.64	-90.2929	-91.0997	4972.69	6.59448e-006	152.272
29.0920	0.832529	-3.51608	0.630503	5.05545	0.524268	2.08138	1.06137	-25.0914	-6.81112	1734.64	-88.7747	-89.4238	4974.67	0.000616981	152.132
29.0927	0.832529	3.83001	0.330264	-0.135414	0.222814	-5.24298	0.465967	-12.2861	-6.80521	1735.67	-87.2565	-88.3499	4975.43	0.000311811	152.435
29.0933	-0.0816205	10.2343	0.022518	-5.64224	-0.0786402	-12.2512	0.776611	-2.24957	-6.80521	1736.15	-86.3776	-87.7316	4975.89	-0.000145967	152.9
29.0940	-0.685612	11.7412	0.022518	-6.545	0.222814	-18.9696	3.20999	205.922	-6.80521	1736.15	-86.2178	-87.7316	4975.74	-0.000145967	153.504
29.0947	-0.685612	11.7412	0.330264	-5.64224	0.222814	-25.9778	5.33273	219.016	-6.81112	1735.56	-86.6972	-87.8943	4974.98	-0.000298575	154.272
29.0953	-0.685612	14.1899	0.022518	-6.545	0.222814	-33.0123	5.33273	-16.5545	-6.80521	1735.23	-87.0967	-88.3499	4974.67	6.59448e-006	155.178
29.0960	-0.0816205	17.8315	-0.285228	-9.93034	0.524268	-39.4145	5.64338	-186.253	-6.80521	1735.07	-87.4164	-88.8055	4974.82	0.000311811	155.481
29.0967	0.522371	18.7733	0.630503	-12.9546	0.524268	-38.4924	5.95402	-419.689	-6.80521	1735.07	-87.4164	-88.6591	4974.67	6.59448e-006	155.783
29.0973	1.14269	19.6524	0.938249	-14.8052	0.825722	-32.0902	5.04797	-446.28	-6.80521	1735.23	-87.736	-88.9519	4974.37	-0.000298575	156.108
29.0980	1.43652	19.6524	0.330264	-13.2706	0.524268	-27.5059	3.20999	17.016	-6.79929	1734.64	-88.2154	-89.4238	4973.91	0.000159203	156.248
29.0987	0.832529	16.9525	0.022518	-9.93034	-0.393201	-29.034	1.9933	317.593	-6.79929	1735.23	-86.9369	-88.8055	4974.52	6.59448e-006	156.55
29.0993	-0.0816205	15.1317	0.330264	-9.29841	-0.694655	-33.3021	1.06137	317.016	-6.79929	1736.75	-85.5785	-87.4388	4976.35	-0.000298575	156.852
29.1000	-0.0816205	13.8759	0.022518	-8.98245	-0.0786402	-29.034	0.465967	462.258	-6.79929	1737.5	-85.0192	-86.3649	4977.11	6.59448e-006	157.317
29.1007	0.228537	7.7856	0.330264	-4.42352	0.222814	-14.0691	-0.155322	534.879	-6.79337	1736.91	-85.2589	-86.5113	4976.5	0.000159203	157.782
29.1013	-0.0816205	-4.70903	0.630503	4.42352	0.222814	4.24181	-0.750724	319.151	-6.79337	1735.4	-86.857	-88.4964	4974.67	0.000159203	159.154
29.1020	-0.685612	-16.0107	0.630503	14.1733	0.524268	23.7646	-0.750724	38.3581	-6.79929	1734.32	-88.0556	-90.1722	4972.69	-0.000603745	159.759
29.1027	-0.685612	-20.9081	0.630503	19.9961	0.524268	39.3355	-0.750724	-141.665	-6.79337	1732.81	-88.7747	-90.7905	4972.23	-0.000603745	159.922
29.1033	0.832529	-21.222	0.022518	18.4614	0.524268	48.4778	-1.06137	-168.545	-6.78746	1732.16	-89.414	-90.7905	4972.69	0.000311811	161.131
29.1040	1.74668	-20.2802	0.022518	14.4893	0.524268	54.5902	-1.37201	-61.4306	-6.79337	1733.4	-88.9345	-90.3349	4972.99	0.000159203	161.735
29.1047	3.28114	-17.5804	-1.20096	10.8331	0.825722	52.4561	-2.27806	140.281	-6.79337	1733.99	-88.6149	-90.4814	4972.99	6.59448e-006	162.037
29.1053	4.48913	-11.4272	-2.11669	4.42352	1.14028	42.0755	-2.27806	339.858	-6.79337	1734.32	-87.736	-90.1722	4973.45	-0.000145967	162.665
29.1060	3.28114	-3.83001	-1.5012	-1.35414	0.825722	30.7728	-1.06137	359.701	-6.78746	1734.48	-87.2565	-89.7167	4973.6	-0.000298575	163.107
29.1067	0.832529	1.06738	-0.585468	-3.83672	0.524268	25.2928	-0.465967	240.993	-6.78746	1734.16	-87.4164	-89.4238	4973.91	-0.000145967	163.735
29.1073	-0.0816205	2.00919	-0.585468	-3.83672	0.524268	21.9204	0.465967	118.304	-6.78746	1734.48	-86.9369	-89.1146	4974.52	0.000159203	164.339
29.1080	-1.59976	1.06738	0.630503	-2.57286	0.524268	17.3624	1.9933	-1.61508	-6.78055	1734.91	-86.857	-89.2611	4974.21	0.000311811	164.944
29.1087	-3.73822	-1.06738	1.54623	-0.135414	-0.0786402	13.0679	2.5887	-124.88	-6.78055	1733.4	-88.2154	-90.3349	4972.84	0.000159203	165.548
29.1093	-3.44438	-2.57427	0.938249	1.35414	-0.0786402	7.90399	0.776611	-172.525	-6.78055	1731.4	-89.5738	-91.8644	4971.31	0.000159203	166.013
29.1100	-2.53023	0.43951	-0.285228	-1.6701	0.222814	-0.658665	-0.750724	-62.3535	-6.78055	1731.13	-89.8934	-92.6128	4970.7	0.000464373	166.92
29.1107	-1.90992	5.65084	-0.585468	-5.64224	0.222814	-6.45492	-1.06137	82.5996	-6.77464	1731.56	-89.2542	-92.0108	4971.31	0.000159203	167.548
29.1113	-0.99577	6.27871	0.330264	-4.73948	0.222814	-5.53279	-0.465967	115.882	-6.78055	1733.08	-87.5762	-90.3349	4972.84	-0.000145967	167.548
29.1120	-0.99577	2.57427	0.630503	-0.767345	0.222814	-0.658665	0.776611	51.7978	-6.78055	1734.91	-85.5785	-88.8055	4974.67	6.59448e-006	167.99
29.1127	-0.685612	-0.125574	0.022518	1.98607	0.524268	4.53162	1.06137	-51.9709	-6.77464	1735.83	-84.5398	-87.8943	4975.74	0.000311811	168.315
29.1133	0.832529	-1.38132	-0.585468	1.98607	0.825722	6.37588	0.465967	-152.682	-6.77464	1736.48	-83.9005	-87.276	4976.04	0.000616981	168.757
29.1140	2.05684	-2.88821	-0.893213	1.08331	0.524268	3.92565	0.465967	-168.545	-6.77464	1736.48	-83.5809	-87.4388	4976.04	0.000464373	169.827
29.1147	2.66083	-5.3369	-0.285228	3.20479	0.524268	1.1856	1.37201	-80.9846	-6.78055	1735.83	-83.7407	-88.2035	4975.13	-0.000145967	170.292
29.1153	2.36699	-8.41347	-0.285228	6.545	0.524268	3.60949	1.06137	-22.9572	-6.77464	1735.23	-84.38	-88.9519	4974.67	6.59448e-006	170.757
29.1160	0.522371	-11.1133	0.022518	8.39565	0.524268	9.11593	-0.155322	-11.9977	-6.76872	1734.75	-84.5398	-88.8055	4974.82	0.000311811	171.803
29.1167	-1.30593	-11.7412	0.630503	8.07969	0.524268	14.3062	-1.37201	17.5928	-6.76872	1734.64	-84.38	-88.6591	4974.37	0.000159203	172.128
29.1173	-1.59976	-10.2343	0.938249	6.545	0.524268	15.8343	-2.27806	24.3415	-6.76872	1734.32	-84.6996	-89.4238	4973.6	-0.000298575	172.268
29.1180	-0.99577	-8.97855	0.630503	6.545	0.222814	10.9338	-2.5887	10.6134	-6.76872	1734.16	-84.0603	-89.4238	4974.06	6.59448e-006	172.873
29.1187	-0.99577	-7.7856	0.330264	6.86097	0.524268	3.00351	-1.68266	-55.028	-6.76872	1735.4	-82.3823	-87.8943	4975.89	0.000159203	173.338
29.1193	-1.30593	-5.65084	0.022518	6.86097	0.524268	-4.00469	-1.37201	-233.263	-6.76872	1737.23	-80.5445	-86.3649	4977.11	-0.000145967	173.942
29.1200	-0.99577	-2.00919	0.330264	4.10755	-0.0786402	-12.2512	-1.96742	-310.441	-6.76872	1738.15	-78.467	-85.7466	4977.57	-0.000298575	174.709
29.1207	-0.685612	4.14395	1.24599	-0.451379	-0.0786402	-20.4977	-1.96742	-129.495	-6.77464	1737.5	-77.3483	-86.3649	4976.96	-0.000298575	175.477
29.1213	-0.0816205	11.4272	1.24599	-6.86097	-0.0786402	-26.5837	-1.37201	108.845	-6.76872	1735.83	-77.9875	-87.7316	4975.43	-0.000145967	176.686
29.1220	0.228537	18.7733	0.022518	-14.4893	0.222814	-32.0902	-1.06137	234.878	-6.76872	1734.32	-78.5469	-89.2611	4973.91	-0.000298575	177.755
29.1227	-0.391778	20.5942	-0.285228	-15.708	-0.393201	-32.6962	-1.37201	256.855	-6.7628	1733.4	-78.5469	-90.4814	4972.84	-0.000603745	178.523
29.1233	-0.685612	14.1899	0.022518	-8.98245	-0.694655	-27.5059	-0.750724	201.308	-6.75689	1733.24	-77.5081	-90.7905	4972.69	-0.000451137	179.29
29.1240	-0.0816205	5.65084	0.330264	-2.88883	0.524268	-23.5539	-0.465967	105.211	-6.75689	1733.4	-76.6291	-90.3349	4972.84	-0.000145967	179.755
29.1247	0.522371	1.69525	0.938249	-0.451379	0.825722	-21.3935	-0.155322	-36.3969	-6.75689	1733.72	-76.1497	-90.1722	4973.14	-0.000145967	180.057
29.1253	0.228537	0.43951	0.330264	-1.35414	-0.0786402	-17.4415	0.776611	-217.401	-6.75689	1733.99	-74.9511	-90.0258	4973.3	-0.000298575	180.359
29.1260	-0.0816205	1.06738	-0.285228	-3.20479	-0.0786402	-14.7014	1.9933	-280.562	-6.75689	1733.56	-74.4717	-90.1722	4972.99	-0.000298575	180.662
29.1267	-0.0816205	2.00919	0.022518	-3.20479	0.524268	-12.8571	1.68266	-193.867	-6.74998	1733.24	-74.6315	-90.1722	4973.45	6.59448e-006	181.266
29.1273	-0.391778	0.753445	-0.285228	-2.57286	0.222814	-7.06089	1.68266	-137.108	-6.74998	1734.32	-73.6726	-89.7167	4973.75	0.000311811	182.336
29.1280	-0.391778	-2.26033	-0.893213	-0.135414	-0.0786402	3.00351	2.5887	-77.9274	-6.75689	1734.48	-73.5128	-89.8794	4973.14	0.000159203	183.405
29.1287	-0.0816205	-4.39509	-0.585468	3.20479	0.524268	10.3279	2.5887	48.4523	-6.75689	1733.08	-74.9511	-90.937	4972.53	6.59448e-006	184.335
29.1293	-0.0816205	-4.39509	-0.585468	5.32628	0.524268	10.0381	2.5887	59.4117	-6.74998	1731.56	-75.8301	-92.0108	4971.77	0.000159203	185.707
29.1300	-0.0816205	-4.70903	-0.285228	6.27417	-0.393201	7.58783	2.5887	-77.9274	-6.74998	1731.89	-75.9899	-92.32	4971.16	0.000311811	187.521
29.1307	-0.0816205	-5.65084	0.330264	6.27417	-0.393201	7.58783	1.68266	-140.454	-6.74998	1732.32	-75.9899	-91.5552	4971.92	0.000616981	187.381
29.1313	-0.0816205	-2.57427	0.630503	3.20479	-0.0786402	6.66569	0.776611	-173.102	-6.74407	1732.81	-75.1109	-90.1722	4973.3	0.000616981	186.451
29.1320	0.228537	3.83001	0.330264	-4.10755	-0.0786402	2.7137	-0.155322	-387.042	-6.74407	1734.64	-73.5128	-88.9519	4974.52	0.000159203	187.218
29.1327	-0.0816205	11.1133	0.022518	-10.8331	0.222814	-3.71487	0.155322	-468.834	-6.74407	1735.99	-72.6339	-87.8943	4975.43	0.000159203	188.149
29.1333	-0.99577	17.5176	0.630503	-15.1212	0.222814	-11.6452	0.465967	-196.636	-6.74407	1736.75	-72.3143	-87.1296	4976.2	0.000159203	188.893
29.1340	-0.685612	18.1455	0.330264	-15.708	-0.0786402	-15.5972	1.06137	16.3815	-6.74407	1736.58	-72.6339	-87.1296	4976.2	0.000159203	189.66
29.1347	0.228537	12.683	0.022518	-11.1491	0.222814	-10.7231	0.776611	46.8949	-6.74407	1735.4	-74.3119	-88.2035	4975.28	-0.000298575	190.59
29.1353	-0.391778	5.02297	0.022518	-4.73948	-0.0786402	-0.658665	-0.155322	108.268	-6.74407	1734.91	-75.1908	-88.6591	4974.52	-0.000298575	191.799
29.1360	-1.59976	-1.38132	0.022518	-0.767345	-0.0786402	6.37588	-0.155322	208.979	-6.74407	1735.23	-75.1109	-88.4964	4974.67	0.000311811	192.404
29.1367	-1.30593	-4.14395	0.330264	1.35414	0.222814	2.08138	0.155322	313.325	-6.74407	1735.4	-75.5105	-88.8055	4974.82	0.000311811	193.031
29.1373	0.832529	-3.51608	0.022518	1.08331	0.222814	-9.19497	0.155322	334.667	-6.74407	1734.64	-76.4693	-89.2611	4974.06	-0.000298575	193.775
29.1380	1.43652	-3.51608	-0.893213	1.98607	0.222814	-15.5972	-0.155322	209.556	-6.74407	1734.48	-76.1497	-88.9519	4973.91	-0.000298575	194.24
29.1387	0.228537	-7.15773	-0.585468	4.73948	0.222814	-13.7793	-0.750724	18.2273	-6.74407	1735.83	-74.7913	-88.0408	4975.74	0.000159203	195.008
29.1393	-0.0816205	-11.7412	0.022518	8.07969	-0.0786402	-1.87061	-0.155322	-136.532	-6.74407	1737.23	-73.4329	-86.9832	4977.11	0.000311811	195.775
29.1400	-0.0816205	-16.3246	0.330264	13.2706	-0.0786402	17.0463	-0.155322	-192.656	-6.73815	1737.66	-72.6339	-86.3649	4977.42	-0.000145967	196.379
29.1407	-0.685612	-19.7151	0.330264	17.8746	-0.0786402	27.1107	-0.155322	-154.817	-6.73815	1737.23	-72.9535	-86.674	4976.65	-0.000756307	197.449
29.1413	-1.30593	-18.7733	0.938249	17.8746	-0.0786402	27.4268	0.465967	-62.0651	-6.73223	1735.67	-74.6315	-88.2035	4974.52	-0.000908915	198.658
29.1420	-0.99577	-13.8759	0.938249	12.3678	-0.0786402	26.2149	-0.155322	-19.0348	-6.73815	1733.83	-76.3095	-90.0258	4972.69	-0.000756307	199.286
29.1427	-0.391778	-8.09953	0.022518	6.545	-0.393201	22.8425	-0.465967	-52.6054	-6.73815	1732.81	-77.3483	-91.2461	4972.08	-0.000298575	200.495
29.1433	0.522371	-4.14395	-0.893213	3.52076	-0.0786402	14.596	0.155322	-30.6288	-6.73223	1733.08	-77.0287	-91.2461	4972.08	0.000311811	202.029
29.1440	1.43652	2.88821	-0.893213	-4.10755	0.524268	3.60949	0.776611	49.6636	-6.73223	1733.56	-75.8301	-90.6441	4972.69	0.000616981	202.495
29.1447	1.74668	15.1317	-0.585468	-16.6108	0.524268	-4.92682	1.9933	116.516	-6.73223	1733.08	-75.1908	-90.1722	4973.45	0.000311811	202.029
29.1453	2.36699	22.101	-0.893213	-22.1176	0.524268	-7.37705	2.5887	81.0999	-6.73815	1733.08	-74.7913	-90.0258	4973.6	6.59448e-006	203.099
29.1460	2.36699	20.5942	-0.585468	-19.9961	0.524268	-9.51113	2.30395	-37.3198	-6.73815	1734.16	-73.4329	-90.0258	4973.75	0.000159203	204.61
29.1467	1.74668	14.5038	-0.585468	-12.6838	0.222814	-12.2512	1.06137	11.4786	-6.73815	1734.32	-73.1133	-89.8794	4973.75	6.59448e-006	205.378
29.1473	0.228537	6.27871	-0.585468	-2.88883	0.825722	-10.4069	-0.155322	161.046	-6.73223	1734.64	-72.6339	-89.2611	4973.75	-0.000145967	206.61
29.1480	-1.30593	-0.753445	0.022518	2.88883	0.524268	-4.00469	-1.06137	196.116	-6.73223	1735.4	-71.5951	-88.9519	4973.91	-0.000145967	208.121
29.1487	-1.59976	-4.14395	0.630503	3.20479	-0.393201	-0.0526932	-1.68266	235.801	-6.73223	1733.99	-72.4741	-90.3349	4972.53	6.59448e-006	209.051
29.1493	-0.685612	-2.00919	0.938249	0.767345	-0.0786402	-1.26464	-3.20999	304.788	-6.73223	1731.73	-74.1521	-92.32	4970.86	0.000159203	209.656
29.1500	-0.391778	0.125574	1.24599	1.08331	0.222814	-1.87061	-4.11604	263.604	-6.73223	1730.81	-74.4717	-92.7755	4970.55	-0.000145967	210.423
29.1507	-0.0816205	-3.20214	0.330264	7.17693	0.222814	1.1856	-2.89935	119.516	-6.72632	1731.56	-73.5128	-92.0108	4971.16	6.59448e-006	211.028
29.1513	1.74668	-8.09953	-0.893213	13.5865	0.222814	7.27167	-1.68266	-79.4272	-6.72632	1732.91	-71.8348	-90.6441	4972.69	0.000311811	211.33
29.1520	2.36699	-10.8622	-1.20096	14.8052	0.222814	13.3841	-1.37201	-229.572	-6.73223	1734.32	-70.1568	-89.2611	4974.82	0.000464373	212.097
29.1527	2.05684	-12.683	-1.20096	14.1733	0.524268	16.1241	-1.37201	-175.582	-6.72632	1735.67	-68.6386	-88.3499	4975.59	0.000159203	213.004
29.1533	1.14269	-10.5482	-0.893213	10.8331	0.524268	12.4619	-1.06137	38.9926	-6.72632	1736.75	-67.7597	-87.5852	4975.89	0.000159203	213.771
29.1540	0.832529	-4.14395	0.022518	4.73948	-0.393201	2.7137	-1.06137	202.865	-6.72632	1736.15	-67.9195	-87.7316	4975.59	0.000464373	215.143
29.1547	1.14269	0.43951	-0.285228	-0.767345	-0.393201	-4.32085	-2.89935	271.506	-6.72632	1735.23	-68.6386	-88.3499	4974.98	0.000311811	216.073
29.1553	1.43652	3.51608	-0.285228	-5.05545	-0.0786402	-7.66687	-5.02209	314.536	-6.73223	1735.23	-68.6386	-88.4964	4974.67	6.59448e-006	217.143
29.1560	0.522371	7.15773	-0.285228	-7.76372	0.222814	-13.1733	-6.23878	190.348	-6.72632	1735.56	-68.3989	-88.4964	4974.67	-0.000145967	218.352
29.1567	-0.391778	8.09953	-0.285228	-6.27417	-0.393201	-17.7313	-8.3874	-34.2627	-6.72632	1735.4	-68.4788	-88.8055	4974.52	0.000159203	218.817
29.1573	-0.685612	4.39509	-0.285228	0.451379	-0.0786402	-16.2295	-9.00869	-80.0617	-6.72632	1734.48	-68.7984	-88.9519	4974.06	6.59448e-006	219.259
29.1580	-0.0816205	-0.43951	0.022518	6.27417	0.524268	-13.1733	-6.54942	2.94175	-6.73223	1734.48	-68.4788	-88.8055	4974.37	-0.000298575	220.189
29.1587	0.228537	-1.38132	-0.285228	4.73948	0.222814	-11.6452	-4.42668	167.737	-6.73223	1736.15	-66.5611	-87.7316	4975.89	-0.000145967	221.258
29.1593	0.522371	2.00919	-0.585468	-1.35414	0.222814	-11.935	-2.5887	250.741	-6.72632	1737.23	-64.8831	-86.674	4977.11	6.59448e-006	222.025
29.1600	0.522371	7.47166	-1.20096	-7.17693	0.524268	-15.3074	-0.465967	-46.7795	-6.71941	1737.66	-64.7233	-86.2185	4977.11	6.59448e-006	222.77
29.1607	-0.391778	12.9969	-1.20096	-13.5865	-0.0786402	-18.9696	1.06137	-328.783	-6.72632	1737.23	-64.963	-86.5113	4976.5	6.59448e-006	224.002
29.1613	-0.99577	19.4012	-0.285228	-20.3121	-0.393201	-19.8917	1.68266	-176.793	-6.72632	1735.56	-66.0816	-88.2035	4974.98	-0.000145967	225.374
29.1620	-0.99577	27.9402	0.330264	-27.3084	0.222814	-21.3935	2.5887	-21.7459	-6.72632	1734.16	-67.44	-90.0258	4973.14	-0.000298575	226.583
29.1627	-0.685612	30.075	0.630503	-26.0897	0.524268	-24.1598	2.89935	-61.719	-6.72632	1733.4	-67.5998	-90.4814	4972.53	6.59448e-006	228.117
29.1633	-0.685612	22.101	0.630503	-14.4893	0.524268	-24.7658	2.5887	-38.5311	-6.72632	1733.4	-66.8008	-89.8794	4973.14	0.000464373	229.187
29.1640	0.832529	12.3691	0.330264	-6.545	0.825722	-21.7096	3.20999	-52.2593	-6.72632	1733.72	-66.0816	-90.0258	4973.3	6.59448e-006	229.791
29.1647	2.36699	5.02297	-0.585468	-5.32628	1.14028	-13.7793	3.83128	-158.162	-6.71941	1733.72	-65.6022	-90.3349	4973.14	-0.000145967	230.559
29.1653	2.66083	-2.26033	-1.20096	-2.57286	0.825722	-2.79274	3.20999	-130.417	-6.72632	1734.32	-64.7233	-89.7167	4973.45	0.000159203	231.628
29.1660	1.74668	-8.41347	-1.80894	1.08331	0.524268	8.1938	3.20999	52.7207	-6.73223	1735.07	-63.7644	-89.1146	4974.06	0.000464373	232.535
29.1667	0.522371	-12.683	-0.893213	4.73948	0.524268	20.3923	3.52064	134.167	-6.72632	1734.16	-64.4036	-89.4238	4974.06	0.000159203	233.302
29.1673	0.228537	-16.0107	0.022518	8.07969	0.524268	35.3572	3.20999	43.5494	-6.72632	1733.83	-64.2438	-89.8794	4973.3	-0.000298575	234.535
29.1680	-0.0816205	-18.7733	0.330264	9.29841	0.524268	51.2178	3.20999	-82.4843	-6.71941	1734.64	-63.0452	-89.5702	4972.99	-0.000451137	236.209
29.1687	-1.30593	-19.0873	0.630503	9.29841	0.524268	61.3086	3.52064	-263.142	-6.71941	1733.4	-64.2438	-90.6441	4972.23	-0.000451137	236.813
29.1693	-1.59976	-16.3246	0.630503	8.39565	0.222814	60.9924	3.83128	-420.612	-6.71941	1731.13	-66.2415	-92.6128	4971.01	-0.000145967	237.581
29.1700	-1.90992	-14.1899	1.24599	7.76372	-0.0786402	55.5123	4.42668	-339.166	-6.7135	1730.97	-66.0816	-92.32	4970.86	0.000311811	239.557
29.1707	-2.82407	-14.1899	1.85398	8.39565	-0.0786402	52.4561	5.04797	-104.461	-6.7135	1732.16	-64.7233	-91.2461	4972.08	0.000616981	240.626
29.1713	-1.90992	-13.2481	1.54623	8.71162	-0.0786402	49.3999	5.33273	36.2239	-6.7135	1733.4	-63.4448	-90.3349	4973.3	0.000159203	240.487
29.1720	-0.391778	-10.8622	0.630503	6.86097	0.222814	39.6253	5.33273	53.0091	-6.71941	1734.16	-62.7256	-88.8055	4960.17	-0.000145967	240.185
29.1727	0.228537	-7.47166	-0.285228	4.73948	0.222814	26.5047	4.11604	29.1867	-6.7135	1734.64	-62.406	-88.3499	4999.85	0.000616981	241.091
29.1733	0.832529	-6.59264	-0.893213	5.32628	0.222814	18.5744	2.89935	2.94175	-6.70758	1735.56	-61.7668	-88.0408	4956.82	0.000616981	243.231
29.1740	0.832529	-7.47166	-1.20096	6.545	0.222814	14.3062	1.68266	-25.4375	-6.71941	1736.31	-61.7668	-87.4388	4859.62	0.000311811	245.207
29.1747	-0.0816205	-5.96477	-0.893213	6.27417	0.222814	9.7219	1.68266	-58.3735	-6.71941	1735.67	-63.0452	-88.2035	4999.85	0.000159203	246.114
29.1753	-0.391778	-3.83001	-0.585468	4.73948	0.222814	3.31967	1.9933	-84.3301	-6.7135	1734.64	-64.2438	-88.9519	4055.94	6.59448e-006	247.044
29.1760	-0.0816205	-2.88821	0.022518	3.83672	-0.694655	-3.08255	1.68266	-117.266	-6.7135	1734.64	-64.5634	-88.2035	653.534	-0.000145967	248.416
29.1767	-0.391778	-2.57427	0.330264	4.42352	-1.31067	-6.13876	1.37201	-206.095	-6.71941	1734.91	-64.963	-87.1296	-443.573	6.59448e-006	249.625
29.1773	-0.685612	-3.83001	0.330264	6.86097	-1.61212	-2.47658	1.06137	-331.841	-6.71941	1734.64	-66.4013	-86.674	42.7246	-0.000145967	250.252
29.1780	-0.685612	-6.59264	0.330264	9.93034	-1.91358	1.79157	0.776611	-387.964	-6.7135	1734.91	-67.44	-85.9093	-81.6345	-0.000298575	250.694
29.1787	-0.391778	-7.7856	0.630503	11.1491	-1.31067	-0.342506	-0.155322	-344.934	-6.7135	1735.99	-66.8008	-84.3799	-116.272	0.000311811	252.066
29.1793	-0.391778	-7.7856	0.330264	10.5171	-1.61212	-7.37705	-1.37201	-189.31	-6.7135	1737.34	-65.9218	-82.704	-69.4275	0.000311811	253.438
29.1800	-0.685612	-6.84379	0.022518	8.98245	-1.61212	-12.2512	-1.37201	86.2912	-6.7135	1737.66	-66.0816	-81.6301	-84.2285	-0.000298575	254.066
29.1807	-0.685612	-1.38132	0.330264	3.52076	-0.694655	-14.7014	-1.06137	255.009	-6.7135	1736.91	-67.44	-81.7928	-84.8389	-0.000145967	255.577
29.1813	-0.391778	5.3369	0.022518	-2.88883	-0.393201	-17.4415	-0.750724	174.486	-6.7135	1735.83	-69.2779	-82.8504	-86.3647	6.59448e-006	256.949
29.1820	0.228537	5.96477	0.022518	-2.30203	-0.694655	-19.8917	-1.06137	15.8047	-6.7135	1734.32	-71.1157	-84.0707	-87.8906	-0.000298575	257.879
29.1827	0.522371	1.38132	0.330264	2.88883	-0.694655	-21.1036	-1.06137	-44.0108	-6.7135	1732.91	-73.1133	-84.8354	-88.6536	-0.000298575	259.251
29.1833	1.43652	0.125574	-0.285228	4.42352	-0.393201	-22.0258	-0.465967	28.8983	-6.70758	1732.91	-73.8325	-84.0707	-88.6536	-0.000145967	261.087
29.1840	2.36699	2.26033	-1.5012	2.30203	0.222814	-22.0258	0.465967	161.046	-6.7135	1733.99	-72.9535	-82.704	-87.738	-0.000298575	262.157
29.1847	2.97098	2.57427	-1.5012	2.30203	0.222814	-22.6317	-0.155322	298.385	-6.7135	1734.16	-72.9535	-82.8504	-87.738	-0.000145967	262.762
29.1853	3.57498	4.70903	-1.20096	0.135414	-0.393201	-25.3718	-0.750724	388.426	-6.7135	1733.83	-73.4329	-83.0131	-88.0432	0.000159203	263.529
29.1860	2.97098	10.8622	-0.585468	-6.27417	-0.0786402	-29.034	0.465967	341.07	-6.7135	1734.64	-72.7937	-81.6301	-87.2803	6.59448e-006	264.901
29.1867	1.74668	15.1317	0.330264	-9.93034	0.524268	-32.0902	1.06137	62.4689	-6.7135	1734.75	-72.1544	-80.8654	-87.1277	-0.000145967	265.97
29.1873	1.43652	20.2802	0.330264	-14.8052	0.222814	-36.9643	-1.37201	-275.659	-6.71941	1734.32	-72.6339	-81.3372	-87.4329	-0.000298575	267.179
29.1880	0.228537	28.5053	0.630503	-22.1176	0.524268	-43.0767	-1.96742	-331.206	-6.71941	1733.99	-72.9535	-81.6301	-87.5854	6.59448e-006	268.249
29.1887	-0.99577	29.1332	0.938249	-21.5308	1.14028	-44.6048	0.155322	-196.924	-6.7135	1733.08	-73.6726	-82.5575	-88.6536	-0.000145967	269.481
29.1893	-0.99577	20.5942	0.630503	-14.1733	0.825722	-37.8864	-0.155322	11.8247	-6.7135	1731.89	-74.3119	-83.1596	-89.7217	6.59448e-006	271.457
29.1900	-0.99577	11.7412	0.630503	-8.39565	0.222814	-24.4497	-1.96742	368.584	-6.7135	1731.56	-73.6726	-83.4687	-89.8743	0.000311811	272.667
29.1907	-0.0816205	7.47166	-0.285228	-5.95821	0.524268	-12.2512	-2.27806	562.681	-6.7135	1732.32	-72.4741	-83.0131	-89.4165	0.000159203	273.294
29.1913	0.832529	5.96477	-0.893213	-5.64224	0.825722	-4.00469	-2.5887	380.177	-6.7135	1733.99	-70.3166	-81.1745	-87.738	0.000159203	273.899
29.1920	0.228537	3.20214	0.022518	-3.52076	0.524268	3.92565	-2.5887	196.751	-6.7135	1734.91	-68.3989	-79.8078	-86.2122	0.000616981	273.899
29.1927	-0.685612	0.43951	0.022518	-1.35414	-0.0786402	10.0381	-1.96742	233.955	-6.7135	1735.67	-66.641	-79.1895	-86.0596	0.000159203	274.806
29.1933	-0.391778	-1.69525	-0.285228	-1.35414	0.222814	12.4619	-1.96742	263.604	-6.7135	1736.31	-65.4424	-78.8804	-86.0596	-0.000451137	276.643
29.1940	-0.391778	-5.65084	0.022518	1.08331	0.524268	15.8343	-1.06137	159.835	-6.71941	1735.67	-65.6022	-79.0431	-86.0596	0.000159203	277.852
29.1947	-0.0816205	-10.8622	0.022518	6.27417	0.524268	25.5826	0.465967	20.996	-6.71941	1735.4	-65.6022	-79.8078	-86.5173	0.000464373	279.386
29.1953	0.228537	-17.5804	0.330264	11.7359	0.524268	39.3355	1.06137	-47.7024	-6.70758	1734.91	-65.4424	-80.5725	-87.1277	6.59448e-006	280.293
29.1960	-0.0816205	-22.7289	0.630503	16.9267	0.524268	44.8156	2.30395	-68.7561	-6.70166	1734.48	-65.4424	-80.719	-87.4329	0.000159203	281.06
29.1967	0.228537	-21.8499	0.938249	17.5587	0.524268	39.0193	2.5887	-95.0011	-6.70758	1734.64	-64.8831	-80.719	-87.5854	0.000311811	282.595
29.1973	0.522371	-18.4594	0.938249	14.8052	0.524268	28.6388	0.776611	-115.42	-6.70758	1734.32	-64.4036	-81.1745	-87.8906	-0.000298575	283.967
29.1980	0.228537	-16.0107	0.938249	12.0518	0.222814	20.1025	-1.68266	-88.8869	-6.70166	1734.16	-64.2438	-81.0281	-87.4329	6.59448e-006	284.432
29.1987	-0.0816205	-13.8759	-0.285228	9.29841	-0.393201	14.9122	-3.49475	-26.3604	-6.70166	1735.4	-63.0452	-80.1007	-86.5173	0.000464373	285.501
29.1993	-0.685612	-12.0551	-0.585468	8.39565	-0.393201	10.0381	-4.11604	-22.9572	-6.70166	1737.07	-61.2074	-79.0431	-85.4492	6.59448e-006	287.175
29.2000	-0.391778	-10.2343	0.330264	8.07969	-0.0786402	5.13759	-3.8054	-15.6316	-6.70166	1737.83	-60.0888	-78.1319	-84.9915	-0.000756307	288.082
29.2007	-0.685612	-9.92036	0.630503	8.98245	0.222814	2.39754	-3.20999	110.979	-6.70758	1736.75	-60.5682	-78.5875	-85.7544	-0.000603745	288.849
29.2013	-0.685612	-12.3691	0.630503	13.2706	0.222814	2.08138	-2.5887	190.348	-6.70758	1734.91	-62.5658	-80.1007	-86.9751	-0.000451137	290.826
29.2020	-0.391778	-8.97855	0.630503	11.1491	0.825722	-2.79274	-1.96742	169.295	-6.69575	1733.56	-63.7644	-81.4837	-88.1958	-0.000603745	292.5
29.2027	-0.685612	3.20214	0.330264	-0.135414	0.524268	-14.9912	-2.27806	226.053	-6.69575	1732.64	-64.2438	-81.7928	-88.6536	6.59448e-006	293.895
29.2033	-0.99577	10.8622	0.330264	-6.545	0.222814	-28.7178	-2.89935	284.023	-6.69575	1732.81	-64.4036	-81.3372	-88.1958	0.000464373	295.569
29.2040	-0.0816205	15.1317	0.022518	-10.5171	0.222814	-40.6265	-2.89935	272.717	-6.69575	1733.56	-64.084	-80.2634	-87.8906	-0.000451137	296.336
29.2047	0.522371	26.9984	-0.285228	-21.2148	-0.0786402	-52.5352	-1.06137	132.033	-6.69575	1733.72	-63.9242	-79.9542	-87.8906	-0.000451137	297.243
29.2053	0.522371	36.4793	0.022518	-28.5272	0.524268	-58.9374	1.37201	-311.998	-6.69575	1733.72	-64.7233	-79.9542	-87.738	6.59448e-006	298.615
29.2060	0.832529	35.5375	0.022518	-26.4057	0.524268	-59.5434	3.52064	-726.381	-6.69575	1733.83	-64.8831	-79.4987	-88.0432	-0.000298575	299.522
29.2067	0.832529	37.1072	-0.285228	-28.2112	0.222814	-62.9157	3.83128	-714.498	-6.69575	1733.99	-64.7233	-79.3522	-88.0432	-0.000298575	300.591
29.2073	0.228537	41.0627	-0.285228	-34.35	0.524268	-64.1277	2.89935	-518.267	-6.68884	1734.32	-64.7233	-79.1895	-88.0432	-0.000451137	302.126
29.2080	-0.0816205	37.6722	-0.285228	-33.4021	0.524268	-54.9854	3.20999	-316.843	-6.68884	1734.48	-64.963	-78.4248	-88.0432	-0.000298575	303.8
29.2087	-0.99577	26.6845	0.330264	-25.187	0.222814	-41.5486	2.89935	-67.8332	-6.68884	1733.08	-66.5611	-79.0431	-88.9587	-0.000451137	305.032
29.2093	-2.22008	13.2481	0.630503	-12.6838	0.222814	-26.8999	1.9933	70.4289	-6.68884	1730.97	-68.6386	-80.5725	-90.7898	-0.000756307	305.939
29.2100	-2.22008	2.57427	0.938249	-3.52076	-0.0786402	-10.7231	2.5887	178.754	-6.68884	1730.21	-69.4377	-81.0281	-91.095	-0.000298575	307.613
29.2107	-0.99577	-3.20214	0.938249	0.135414	-0.393201	4.24181	3.52064	305.076	-6.68884	1731.4	-68.4788	-79.3522	-89.5691	0.000311811	308.985
29.2113	-0.685612	-9.29249	0.630503	3.83672	-0.694655	19.4965	3.52064	262.681	-6.68293	1733.56	-66.641	-76.9116	-87.738	0.000159203	309.589
29.2120	-0.0816205	-16.3246	0.630503	8.71162	-0.393201	37.8074	3.83128	99.0965	-6.67701	1735.07	-65.4424	-75.3822	-86.5173	6.59448e-006	310.519
29.2127	1.14269	-21.536	0.630503	12.0518	-0.0786402	52.14	4.42668	-35.1856	-6.67701	1735.67	-64.5634	-74.3083	-85.7544	6.59448e-006	311.729
29.2133	1.74668	-22.7289	0.022518	12.6838	-0.393201	57.9362	3.52064	-54.1051	-6.67701	1735.67	-64.2438	-73.5436	-85.2966	6.59448e-006	312.961
29.2140	1.74668	-22.7289	-0.285228	11.465	-0.393201	61.3086	1.68266	-11.9977	-6.67701	1735.23	-65.2826	-73.8527	-85.7544	6.59448e-006	314.333
29.2147	1.74668	-23.9847	-0.893213	12.0518	-0.0786402	68.3168	0.155322	29.5328	-6.67701	1734.91	-66.2415	-74.1619	-86.6699	-0.000145967	315.704
29.2153	0.832529	-25.1776	-0.285228	13.2706	0.222814	80.8314	-0.465967	44.7607	-6.67701	1734.75	-66.5611	-73.8527	-86.9751	-0.000298575	317.076
29.2160	-0.391778	-24.8637	0.630503	12.3678	-0.0786402	87.2337	0.776611	-4.03769	-6.67701	1734.64	-66.5611	-73.7063	-86.9751	-0.000145967	318.75
29.2167	-0.99577	-20.5942	0.630503	8.98245	-0.393201	78.9872	1.37201	-49.5482	-6.67701	1734.32	-66.641	-73.088	-86.9751	-0.000145967	319.68
29.2173	-0.391778	-16.0107	0.630503	5.95821	0.222814	63.7325	-0.155322	-50.4711	-6.67109	1733.99	-67.5998	-72.9416	-86.9751	-0.000298575	320.424
29.2180	0.228537	-14.1899	0.022518	6.27417	0.222814	50.0059	-2.5887	-46.145	-6.67109	1733.56	-68.4788	-73.088	-86.9751	0.000159203	321.192
29.2187	-0.391778	-12.683	-0.585468	6.27417	-0.0786402	38.4134	-3.8054	-46.145	-6.67109	1734.64	-67.9195	-71.8677	-86.3647	0.000464373	321.959
29.2193	-1.59976	-9.29249	0.330264	5.32628	0.222814	30.483	-4.11604	-45.2798	-6.67109	1736.31	-66.9606	-70.501	-85.2966	0.000616981	323.331
29.2200	-1.30593	-5.96477	0.022518	4.73948	-0.0786402	24.6868	-4.42668	-44.3569	-6.66518	1736.31	-67.2802	-69.7362	-84.5337	0.000159203	324.563
29.2207	-0.99577	-4.14395	-0.285228	5.05545	0.222814	18.5744	-4.73733	-50.7596	-6.65926	1734.91	-68.7984	-70.0454	-85.144	0.000311811	325.772
29.2213	-0.685612	-3.83001	0.938249	5.64224	0.222814	13.7002	-2.5887	-60.2193	-6.65926	1733.4	-70.4764	-71.2657	-86.8225	0.000464373	327.609
29.2220	0.228537	-3.83001	1.54623	4.73948	-0.393201	10.3279	-0.155322	-64.4877	-6.66518	1732.16	-71.7549	-71.8677	-88.0432	-0.000603745	328.981
29.2227	-0.0816205	-3.83001	0.630503	2.88883	0.222814	6.66569	-0.155322	-76.0816	-6.65926	1731.24	-72.9535	-72.1768	-88.6536	-0.000451137	330.05
29.2233	-0.685612	-2.26033	0.022518	1.35414	0.222814	1.79157	-0.750724	-77.293	-6.65926	1731.56	-73.4329	-71.8677	-88.6536	0.000616981	332.329
29.2240	0.228537	0.125574	0.022518	-0.135414	0.222814	-3.39871	2.5887	-50.4711	-6.65926	1732.81	-73.1133	-71.103	-88.501	6.59448e-006	333.864
29.2247	1.14269	0.43951	-0.585468	-0.135414	0.222814	-6.74473	6.57531	-28.1485	-6.65926	1732.64	-73.6726	-70.9565	-88.0432	-0.000298575	334.026
29.2253	0.832529	-2.00919	-1.20096	2.88883	0.222814	-7.37705	6.86007	-23.3032	-6.65236	1732.48	-73.9923	-70.1918	-87.2803	0.000159203	335.398
29.2260	0.228537	-2.00919	-0.585468	4.42352	0.524268	-8.90516	5.95402	-13.4974	-6.65926	1733.08	-74.1521	-69.5735	-87.4329	0.000159203	337.375
29.2267	0.522371	-0.753445	-0.285228	2.57286	-0.0786402	-13.4631	5.95402	-3.46088	-6.65236	1733.4	-74.6315	-69.1179	-87.8906	6.59448e-006	338.746
29.2273	0.832529	0.43951	0.022518	0.135414	-0.393201	-16.5193	5.95402	6.92176	-6.65236	1733.56	-75.1109	-68.8251	-87.738	6.59448e-006	339.955
29.2280	0.832529	0.753445	0.022518	0.135414	-0.0786402	-17.4415	5.95402	25.8412	-6.65236	1732.91	-75.8301	-69.2807	-87.5854	0.000311811	341.653
29.2287	1.14269	-1.06738	-0.285228	1.6701	0.524268	-17.4415	5.95402	17.016	-6.64644	1731.73	-77.5081	-70.6474	-88.9587	0.000159203	343.629
29.2293	0.522371	-2.26033	-0.585468	4.42352	0.825722	-16.8355	4.42668	-32.4169	-6.64644	1730.81	-79.3459	-72.0141	-90.7898	-0.000451137	344.838
29.2300	-0.99577	-3.20214	-0.585468	6.86097	0.524268	-17.4415	3.20999	-47.414	-6.65236	1730.65	-79.8253	-72.3233	-91.2476	-0.000298575	345.303
29.2307	-1.59976	-3.83001	-0.285228	7.17693	-0.0786402	-18.3636	4.42668	25.2644	-6.64644	1731.13	-79.0263	-70.6474	-89.7217	6.59448e-006	345.768
29.2313	-1.59976	-0.753445	0.630503	4.10755	-0.393201	-19.5755	6.86007	104.576	-6.64052	1732.32	-77.8277	-68.9715	-88.0432	0.000159203	346.838
29.2320	-1.59976	2.88821	1.24599	0.767345	-0.0786402	-21.1036	9.62998	158.624	-6.63461	1733.99	-76.4693	-67.8976	-86.9751	0.000311811	348.814
29.2327	-1.90992	7.15773	1.24599	-3.52076	0.222814	-21.7096	12.6588	228.476	-6.64052	1735.67	-74.9511	-66.6773	-85.6018	6.59448e-006	350.046
29.2333	-1.90992	14.5038	0.938249	-11.465	0.222814	-24.7658	15.7134	169.006	-6.64052	1735.23	-74.7913	-66.3682	-85.4492	6.59448e-006	350.488
29.2340	-1.30593	18.4594	0.330264	-15.392	0.222814	-27.822	16.3347	-54.1051	-6.63461	1734.48	-75.6703	-66.84	-86.0596	0.000311811	352.162
29.2347	-0.99577	13.2481	0.330264	-9.29841	0.825722	-26.5837	13.5907	-193.578	-6.63461	1734.64	-75.8301	-66.9865	-86.2122	6.59448e-006	353.999
29.2353	-0.99577	4.14395	0.938249	1.6701	0.524268	-23.5539	8.69805	-142.011	-6.62869	1733.83	-76.1497	-67.1329	-86.8225	-0.000145967	355.069
29.2360	-0.685612	-4.39509	0.630503	10.8331	0.524268	-20.1815	-1.68266	84.4454	-6.62869	1733.72	-76.1497	-67.2956	-87.2803	6.59448e-006	356.603
29.2367	-0.0816205	-12.3691	-0.285228	16.9267	0.825722	-15.5972	-13.5648	354.855	-6.62869	1733.72	-75.6703	-66.9865	-87.2803	-0.000298575	357.51
29.2373	-0.0816205	-15.3828	-0.893213	19.9961	0.825722	-12.8571	-16.3347	450.376	-6.62179	1733.24	-75.5105	-67.1329	-87.4329	-0.000145967	358.58
29.2380	-0.391778	-9.60642	-0.585468	13.5865	0.524268	-14.0691	-14.1861	406.711	-6.60995	1733.83	-74.9511	-67.1329	-87.2803	6.59448e-006	360.254
29.2387	-0.391778	2.00919	-0.285228	1.08331	0.222814	-22.0258	-12.3481	255.932	-6.60995	1735.23	-73.2731	-65.3106	-85.907	-0.000451137	361.184
29.2393	-0.0816205	12.683	-0.285228	-6.545	-0.0786402	-32.0902	-9.29345	-40.0885	-6.61587	1735.67	-71.9946	-63.7812	-84.6863	-0.000298575	361.928
29.2400	0.228537	18.4594	-0.285228	-8.98245	-0.0786402	-36.6745	-5.02209	-215.555	-6.60995	1735.83	-71.2755	-63.7812	-84.6863	-0.000298575	363.323
29.2407	0.228537	17.8315	-0.285228	-9.29841	0.222814	-33.9081	-2.5887	-117.901	-6.60995	1734.75	-71.8348	-64.855	-85.6018	-0.000451137	364.369
29.2413	-0.0816205	13.8759	-0.585468	-8.98245	0.222814	-28.428	-1.96742	-12.5745	-6.60404	1733.08	-73.4329	-66.6773	-87.1277	-0.000603745	366.369
29.2420	0.522371	12.3691	-0.585468	-8.07969	-0.0786402	-24.7658	-1.96742	-128.283	-6.59812	1731.89	-74.6315	-67.7512	-88.1958	-0.000298575	367.741
29.2427	0.832529	9.60642	-0.285228	-5.05545	-0.0786402	-21.3935	-2.27806	-323.592	-6.60404	1730.81	-75.6703	-68.6624	-88.9587	-0.000298575	368.95
29.2433	-0.391778	8.09953	0.330264	-3.83672	-0.0786402	-19.5755	-2.27806	-374.236	-6.59812	1730.97	-75.5105	-68.6624	-88.6536	-0.000145967	371.252
29.2440	-1.59976	10.8622	0.330264	-4.73948	-0.694655	-20.4977	-2.5887	-315.344	-6.59812	1732.16	-74.4717	-67.5885	-87.5854	0.000311811	373.088
29.2447	-0.99577	12.9969	0.330264	-6.86097	-0.996109	-23.2377	-3.49475	-242.723	-6.59812	1732.48	-74.1521	-67.1329	-87.4329	6.59448e-006	373.228
29.2453	0.522371	15.3828	-0.285228	-12.3678	-0.996109	-26.2939	-3.49475	-233.552	-6.59122	1731.73	-74.7913	-67.1329	-87.4329	0.000159203	373.228
29.2460	0.832529	18.4594	-1.5012	-19.0933	-0.996109	-24.7658	-2.89935	-381.85	-6.5853	1731.13	-75.1908	-67.1329	-87.5854	0.000464373	374.46
29.2467	1.43652	16.6386	-1.20096	-18.7774	-0.393201	-15.9134	-3.20999	-447.146	-6.5853	1731.4	-75.1908	-67.1329	-88.0432	0.000616981	376.902
29.2473	2.05684	8.97855	-0.285228	-12.3678	-0.393201	-4.61066	-3.20999	-266.488	-6.5853	1732.64	-74.1521	-67.1329	-88.1958	6.59448e-006	378.576
29.2480	0.832529	-0.43951	0.330264	-4.10755	-0.694655	9.40574	-2.5887	-81.8498	-6.57938	1732.32	-74.1521	-67.5885	-89.1113	-0.00106152	379.343
29.2487	-0.391778	-8.97855	0.938249	2.88883	-0.0786402	27.4268	-2.27806	91.1365	-6.57938	1730.97	-75.8301	-68.6624	-90.0269	-0.000756307	381.784
29.2493	0.228537	-13.8759	0.630503	7.4929	0.825722	41.1534	-2.27806	280.389	-6.57938	1729.73	-77.1885	-69.5735	-90.7898	0.000159203	382.993
29.2500	0.522371	-17.5804	0.022518	11.465	0.524268	43.8935	-1.68266	289.214	-6.57347	1728.81	-77.8277	-69.5735	-90.6372	0.000159203	383.458
29.2507	0.832529	-20.2802	0.022518	14.1733	-0.0786402	43.6036	-1.37201	157.066	-6.57347	1730.21	-76.8689	-68.3532	-89.1113	0.000311811	385.435
29.2513	1.14269	-20.9081	0.022518	14.8052	0.222814	47.5556	-1.06137	106.999	-6.56755	1732.16	-74.7913	-66.2218	-87.5854	0.000464373	387.109
29.2520	0.522371	-20.5942	0.330264	14.4893	0.222814	50.322	-0.750724	103.365	-6.56065	1733.4	-73.6726	-64.855	-86.3647	0.000311811	387.737
29.2527	-0.0816205	-20.9081	0.022518	14.4893	0.222814	46.3437	-0.750724	120.15	-6.56065	1733.99	-73.2731	-64.2367	-85.4492	6.59448e-006	388.783
29.2533	-0.391778	-20.5942	-0.585468	16.024	0.524268	40.5474	-0.750724	236.724	-6.56065	1733.99	-73.5128	-63.9276	-85.4492	6.59448e-006	390.178
29.2540	0.522371	-19.7151	-0.585468	16.9267	0.825722	39.3355	-0.750724	284.946	-6.56065	1733.56	-74.1521	-64.5459	-85.907	0.000464373	391.689
29.2547	1.74668	-16.6386	-1.20096	13.5865	0.825722	37.2014	-1.96742	206.499	-6.54881	1732.91	-74.6315	-65.1479	-86.8225	-0.000145967	392.619
29.2553	2.36699	-7.15773	-1.80894	4.10755	1.14028	27.7166	-1.96742	255.932	-6.54881	1731.89	-75.6703	-65.6197	-87.1277	-0.000451137	393.828
29.2560	2.36699	8.41347	-0.893213	-7.76372	1.14028	10.644	-0.750724	352.375	-6.55473	1732.05	-76.1497	-65.9126	-87.5854	6.59448e-006	395.968
29.2567	2.05684	20.5942	-0.893213	-16.024	0.825722	-4.92682	-0.465967	143.626	-6.55473	1732.91	-75.6703	-65.6197	-87.5854	-0.000298575	397.177
29.2573	0.522371	22.415	-0.893213	-15.392	0.524268	-13.4631	-0.155322	-174.659	-6.54881	1732.05	-76.3095	-65.457	-86.9751	-0.000145967	397.642
29.2580	-1.59976	16.9525	0.330264	-7.17693	-0.0786402	-19.2594	0.155322	-213.709	-6.5429	1732.05	-76.4693	-65.3106	-86.5173	0.000159203	399.176
29.2587	-3.13423	14.8177	1.54623	-3.20479	-0.996109	-28.1118	-1.37201	-36.3969	-6.53698	1734.32	-75.1109	-63.7812	-85.6018	-0.000145967	400.688
29.2593	-2.53023	18.1455	2.46197	-7.4929	-1.61212	-40.0205	-4.11604	169.871	-6.53698	1735.23	-73.8325	-62.5609	-84.5337	-0.000145967	401.757
29.2600	-0.685612	19.4012	2.46197	-10.5171	-1.31067	-48.873	-6.23878	297.462	-6.53698	1735.23	-73.8325	-62.7073	-84.6863	-0.000145967	404.059
29.2607	-0.685612	17.2664	1.24599	-10.8331	-0.694655	-51.3232	-7.76611	246.818	-6.53106	1734.48	-75.1908	-63.7812	-85.7544	-0.000603745	405.57
29.2613	-0.685612	17.8315	0.938249	-12.9546	-0.393201	-47.9508	-7.76611	69.7944	-6.53106	1732.32	-77.5081	-65.0015	-86.8225	-0.000298575	406.64
29.2620	0.832529	20.9081	0.630503	-16.3399	-0.0786402	-40.6265	-6.86007	-216.766	-6.53106	1730.65	-78.8665	-66.5309	-88.3484	-0.000145967	408.174
29.2627	1.43652	18.4594	0.330264	-16.9267	0.524268	-29.3501	-5.33273	-460.297	-6.53106	1730.21	-79.6655	-67.1329	-89.4165	-0.000603745	409.709
29.2633	1.14269	10.8622	0.022518	-12.3678	0.524268	-9.51113	-3.8054	-406.307	-6.52416	1730.48	-79.5057	-66.5309	-88.8062	6.59448e-006	411.523
29.2640	0.228537	1.69525	-0.585468	-5.05545	0.524268	14.3062	-1.06137	-197.212	-6.52416	1731.13	-78.7067	-65.6197	-87.4329	0.000616981	413.197
29.2647	-0.685612	-7.47166	-0.585468	1.98607	0.222814	35.041	1.06137	44.7607	-6.51825	1731.73	-78.3072	-65.0015	-87.4329	-0.000145967	414.127
29.2653	-0.685612	-14.1899	-0.285228	8.39565	0.222814	50.0059	1.68266	232.456	-6.51825	1732.05	-77.9875	-65.0015	-87.738	-0.000908915	415.034
29.2660	-0.99577	-19.0873	0.022518	12.3678	0.222814	58.2524	2.89935	239.493	-6.51825	1731.4	-78.3072	-65.1479	-87.5854	-0.000298575	415.964
29.2667	-0.99577	-22.415	-0.285228	12.6838	0.222814	59.1745	3.20999	139.704	-6.51233	1731.4	-78.7067	-65.0015	-87.5854	0.000159203	417.475
29.2673	-0.391778	-21.8499	0.022518	11.7359	0.222814	55.5123	3.20999	-44.6453	-6.50641	1731.73	-78.467	-64.855	-87.5854	6.59448e-006	419.474
29.2680	0.522371	-20.2802	-0.285228	12.0518	-0.393201	52.4561	3.83128	-205.172	-6.50641	1731.24	-79.0263	-65.6197	-87.8906	-0.000298575	421.149
29.2687	-0.391778	-19.7151	-0.285228	12.0518	-0.694655	48.4778	3.83128	-184.407	-6.50641	1730.05	-80.3847	-66.5309	-89.1113	-0.000451137	422.52
29.2693	-1.90992	-15.3828	0.330264	8.71162	-0.694655	40.2313	3.52064	-82.4843	-6.50049	1728.97	-81.0239	-67.2956	-89.8743	-0.000451137	423.892
29.2700	-1.90992	-8.41347	1.24599	3.83672	-0.694655	29.5609	3.52064	-19.0348	-6.49359	1728.65	-81.5034	-67.8976	-90.0269	0.000311811	425.566
29.2707	-1.30593	-3.20214	0.938249	-0.451379	-0.996109	21.0246	3.52064	26.7641	-6.49359	1729.57	-81.1837	-67.2956	-89.5691	0.000464373	426.334
29.2713	-0.685612	-0.125574	0.630503	-1.6701	-0.694655	17.3624	4.42668	66.1605	-6.48768	1731.4	-79.6655	-65.3106	-88.0432	-0.000145967	426.938
29.2720	-0.685612	0.43951	0.630503	1.08331	-0.393201	15.5182	5.64338	37.4352	-6.48768	1732.16	-78.467	-63.9276	-86.8225	6.59448e-006	428.008
29.2727	0.832529	-0.43951	0.630503	4.42352	-0.393201	10.9338	6.26466	-64.7761	-6.49359	1732.81	-78.467	-63.472	-86.3647	0.000311811	429.077
29.2733	2.36699	-1.06738	1.24599	5.32628	-0.393201	4.84778	6.26466	-145.991	-6.48768	1733.24	-78.467	-63.472	-86.2122	0.000159203	430.612
29.2740	1.74668	-2.26033	0.938249	3.83672	-0.0786402	-0.342506	5.95402	-109.652	-6.48176	1732.81	-78.8665	-63.9276	-86.6699	-0.000145967	432.588
29.2747	1.74668	-3.51608	0.022518	2.30203	0.222814	-2.47658	4.11604	7.21016	-6.48176	1732.48	-79.8253	-64.2367	-86.9751	0.000159203	434.123
29.2753	0.832529	-3.51608	-0.893213	1.08331	0.222814	-1.26464	1.9933	50.8749	-6.48176	1732.05	-80.5445	-64.3994	-87.2803	6.59448e-006	435.332
29.2760	-0.391778	-2.57427	-0.893213	-0.767345	-0.0786402	0.579626	0.465967	2.94175	-6.47584	1731.56	-80.7043	-64.3994	-87.2803	-0.000451137	437.006
29.2767	-0.685612	-3.83001	-0.585468	0.451379	-0.0786402	3.31967	0.155322	-8.0177	-6.47584	1731.4	-81.0239	-63.7812	-86.9751	-0.000145967	438.238
29.2773	-0.99577	-6.59264	0.022518	4.73948	-0.0786402	6.37588	-0.465967	20.3615	-6.47584	1731.24	-81.823	-63.9276	-86.8225	-0.000145967	439.447
29.2780	-1.30593	-9.29249	0.630503	8.39565	-0.694655	6.37588	-0.155322	18.2273	-6.46993	1731.73	-81.3436	-63.6347	-86.6699	-0.000145967	440.982
29.2787	-1.30593	-10.5482	0.938249	10.8331	-1.31067	4.84778	1.06137	33.8012	-6.46302	1733.4	-80.145	-61.9426	-85.2966	6.59448e-006	442.354
29.2793	-0.685612	-11.1133	0.022518	11.465	-0.996109	3.60949	0.776611	73.1399	-6.46302	1734.48	-79.8253	-61.0314	-84.2285	-0.000145967	443.423
29.2800	-0.0816205	-10.5482	-0.585468	11.1491	-0.0786402	0.869438	-0.155322	59.4117	-6.45711	1734.16	-80.2249	-61.3405	-84.5337	-0.000145967	444.493
29.2807	0.832529	-9.29249	-0.893213	10.5171	0.524268	-2.47658	-1.06137	-14.7664	-6.45711	1732.48	-81.5034	-62.87	-85.907	-0.000298575	445.702
29.2813	1.43652	-8.09953	-1.80894	9.93034	1.14028	-4.92682	-2.5887	-188.099	-6.45711	1730.65	-83.501	-64.5459	-87.4329	-0.000451137	447.701
29.2820	1.43652	-7.15773	-1.80894	9.29841	1.14028	-7.66687	-4.11604	-494.502	-6.45711	1729.89	-85.179	-65.6197	-88.3484	-0.000451137	449.678
29.2827	1.14269	-7.15773	-0.585468	10.2012	1.14028	-11.329	-3.49475	-645.858	-6.45119	1729.57	-86.058	-66.0753	-89.1113	-0.000298575	450.887
29.2833	0.228537	-7.47166	0.330264	11.465	1.14028	-16.2295	-2.5887	-421.535	-6.44527	1729.57	-85.8981	-65.7662	-88.9587	-0.000298575	452.282
29.2840	0.228537	-2.57427	0.330264	7.4929	0.825722	-22.3156	-2.5887	-49.5482	-6.44527	1730.32	-85.0192	-65.1479	-88.1958	-0.000145967	453.793
29.2847	1.43652	5.96477	0.630503	0.451379	0.825722	-29.3501	-2.5887	320.016	-6.44527	1730.65	-85.179	-64.6923	-87.738	-0.000145967	454.863
29.2853	1.14269	7.7856	0.330264	-1.08331	1.14028	-31.774	-3.20999	569.084	-6.43344	1730.65	-85.2589	-64.5459	-87.4329	6.59448e-006	456.095
29.2860	0.832529	8.97855	-0.285228	-4.10755	1.74319	-34.2243	-4.11604	586.792	-6.43344	1731.24	-84.2201	-63.7812	-87.2803	6.59448e-006	457.909
29.2867	1.14269	23.9847	0.022518	-18.4614	1.44174	-48.5568	-4.73733	461.047	-6.43936	1731.4	-84.2201	-63.3256	-86.9751	-0.000298575	459.281
29.2873	-0.0816205	39.807	0.022518	-33.1312	0.825722	-62.5996	-5.95402	138.781	-6.43344	1730.97	-85.2589	-64.0903	-86.8225	-0.000298575	459.908
29.2880	-0.0816205	42.2557	-0.285228	-34.6208	0.524268	-64.4438	-6.54942	-284.83	-6.43344	1729.41	-86.2178	-65.6197	-88.3484	6.59448e-006	460.978
29.2887	0.228537	38.614	0.022518	-29.4299	0.825722	-61.6774	-5.33273	-459.374	-6.43344	1727.73	-87.5762	-67.1329	-90.332	-0.000145967	462.954
29.2893	-0.391778	35.2235	0.022518	-26.9925	1.14028	-58.9374	-4.11604	-278.428	-6.43344	1727.46	-88.6149	-67.4421	-90.332	0.000159203	464.791
29.2900	-0.685612	32.2098	0.330264	-24.871	1.44174	-53.4573	-2.89935	-76.37	-6.42654	1727.89	-88.535	-67.5885	-89.8743	0.000616981	466.302
29.2907	-0.391778	26.6845	0.330264	-19.3642	1.14028	-46.1329	-1.96742	-154.528	-6.42654	1729.14	-87.736	-66.2218	-88.9587	6.59448e-006	467.372
29.2913	0.228537	18.1455	-0.285228	-11.1491	0.825722	-36.3583	-1.06137	-177.37	-6.42654	1730.81	-85.7383	-63.9276	-86.8225	-0.000451137	468.139
29.2920	1.14269	8.09953	-0.585468	-3.52076	0.524268	-21.3935	-0.155322	-8.9406	-6.42062	1731.89	-84.8594	-63.7812	-86.2122	-0.000298575	469.372
29.2927	2.05684	0.753445	-0.285228	0.767345	-0.0786402	-8.90516	0.465967	69.7944	-6.42062	1731.89	-85.179	-64.0903	-86.3647	-0.000145967	470.418
29.2933	2.66083	-3.51608	0.330264	2.57286	-0.393201	-1.87061	0.155322	139.704	-6.42062	1731.73	-85.5785	-63.7812	-86.2122	-0.000298575	471.046
29.2940	2.36699	-7.7856	0.330264	4.73948	-0.393201	4.84778	-0.750724	285.234	-6.42062	1731.4	-85.8981	-64.5459	-86.3647	-0.000145967	472.557
29.2947	1.43652	-13.2481	-0.285228	7.76372	-0.393201	14.9122	-1.37201	401.231	-6.4147	1731.13	-86.3776	-65.1479	-86.6699	6.59448e-006	474.696
29.2953	1.43652	-17.8315	-1.20096	10.2012	0.222814	26.8209	0.155322	392.348	-6.40879	1730.81	-87.0967	-65.457	-87.1277	-0.000145967	476.533
29.2960	1.74668	-19.4012	-1.20096	10.2012	0.825722	34.7512	2.30395	276.12	-6.40879	1730.48	-87.5762	-65.9126	-87.5854	-0.000145967	477.602
29.2967	0.832529	-18.4594	-0.585468	9.61438	0.524268	36.8853	3.52064	173.851	-6.40879	1729.89	-87.8958	-66.2218	-87.5854	-0.000145967	478.37
29.2973	0.228537	-19.0873	-0.285228	10.5171	0.222814	40.5474	4.73733	138.147	-6.40287	1730.21	-88.0556	-66.5309	-87.4329	-0.000298575	479.579
29.2980	1.14269	-19.9663	-0.585468	11.7359	0.222814	51.534	6.26466	164.392	-6.40287	1731.13	-87.0967	-66.2218	-86.8225	6.59448e-006	480.648
29.2987	1.74668	-18.7733	-0.585468	9.61438	0.524268	63.4427	6.57531	130.821	-6.39597	1732.16	-86.3776	-65.0015	-85.2966	6.59448e-006	481.578
29.2993	2.05684	-15.6968	-0.285228	6.545	0.222814	63.4427	7.48136	-41.0114	-6.39005	1732.91	-85.5785	-64.2367	-84.2285	-0.000145967	483.09
29.3000	1.14269	-11.4272	0.330264	4.10755	-0.393201	50.0059	8.3874	-172.813	-6.39005	1732.81	-85.8981	-64.5459	-84.3811	-0.000298575	484.462
29.3007	-0.99577	-6.59264	0.938249	0.767345	-0.694655	34.435	5.64338	-163.988	-6.39005	1731.73	-87.736	-66.2218	-86.0596	-0.000451137	485.996
29.3013	-2.53023	-4.14395	0.938249	-1.08331	-0.694655	24.6868	1.68266	-136.186	-6.38413	1730.05	-89.2542	-68.3532	-87.8906	-0.000298575	487.972
29.3020	-3.13423	-3.83001	0.330264	-1.08331	-0.996109	19.7863	-1.37201	-142.011	-6.37822	1728.54	-89.8934	-69.5735	-89.1113	-0.000451137	489.507
29.3027	-2.53023	-4.39509	0.022518	0.135414	-1.31067	17.3624	-2.27806	-137.397	-6.37822	1727.46	-90.9322	-70.501	-89.5691	-0.000298575	490.112
29.3033	-0.99577	-5.96477	0.330264	3.20479	-1.61212	16.7301	-0.750724	-115.42	-6.37822	1727.46	-91.2518	-71.2657	-90.0269	-0.000145967	491.646
29.3040	-0.391778	-7.7856	0.330264	5.95821	-0.996109	18.5744	0.465967	-78.8503	-6.3723	1728.65	-90.0532	-70.501	-89.2639	-0.000603745	492.855
29.3047	0.832529	-6.27871	-0.285228	5.64224	-0.0786402	16.1241	0.465967	-59.2964	-6.3723	1728.97	-89.8934	-69.8827	-87.8906	-0.000145967	493.46
29.3053	1.43652	-3.83001	0.022518	5.64224	-0.393201	9.7219	-0.155322	-65.4106	-6.3723	1728.81	-90.213	-70.1918	-87.738	0.000311811	494.994
29.3060	1.14269	-3.51608	0.022518	6.27417	-0.393201	4.24181	-0.465967	-92.2324	-6.3654	1729.14	-89.414	-70.3382	-88.0432	0.000311811	496.668
29.3067	0.832529	-1.06738	-0.285228	2.88883	-0.0786402	-3.39871	-1.06137	-130.071	-6.35948	1729.3	-89.0944	-70.501	-87.8906	-0.000145967	497.901
29.3073	0.228537	3.20214	0.022518	-0.767345	-0.393201	-12.5673	-1.68266	-77.5814	-6.3654	1729.41	-89.0944	-70.7938	-87.738	-0.000298575	499.575
29.3080	-0.685612	4.39509	0.630503	-1.35414	-0.393201	-17.4415	-1.68266	41.1268	-6.3654	1728.97	-89.414	-71.2657	-88.0432	6.59448e-006	501.714
29.3087	-2.53023	3.83001	0.938249	-1.35414	-0.0786402	-16.8355	-1.96742	119.516	-6.35948	1727.62	-91.092	-72.6324	-88.9587	6.59448e-006	502.783
29.3093	-4.04838	4.70903	1.24599	-4.42352	-0.0786402	-13.7793	-2.27806	195.828	-6.35356	1725.9	-92.9298	-74.6174	-90.6372	-0.000145967	503.225
29.3100	-3.73822	6.52986	1.54623	-7.4929	0.524268	-10.7231	-2.5887	249.241	-6.35356	1725.79	-93.0896	-74.9266	-91.2476	6.59448e-006	504.597
29.3107	-1.90992	6.27871	0.630503	-7.17693	0.222814	-7.98302	-1.96742	245.549	-6.35948	1727.62	-91.2518	-73.2344	-89.7217	0.000464373	505.667
29.3113	-0.99577	5.02297	0.630503	-5.32628	0.222814	-7.06089	0.465967	187.58	-6.35948	1729.89	-89.0944	-71.7213	-87.2803	0.000311811	506.736
29.3120	-0.685612	4.14395	0.938249	-4.10755	-0.0786402	-5.84895	1.68266	35.0126	-6.35356	1730.97	-88.2154	-70.501	-85.907	0.000311811	507.806
29.3127	-0.0816205	3.20214	0.630503	-2.57286	-0.393201	-2.47658	1.68266	-67.8332	-6.34765	1730.97	-87.736	-70.1918	-85.907	0.000311811	509.178
29.3133	-0.685612	1.06738	0.330264	-0.767345	-0.0786402	-0.658665	1.37201	-34.8972	-6.34173	1730.97	-87.5762	-70.501	-86.0596	6.59448e-006	510.712
29.3140	-0.99577	-2.00919	0.630503	2.57286	0.222814	-1.87061	1.68266	-34.5511	-6.34173	1730.65	-88.2154	-71.2657	-86.2122	6.59448e-006	512.084
29.3147	-0.685612	-5.96477	0.630503	6.27417	0.222814	-1.5808	0.776611	-106.595	-6.33483	1730.21	-88.535	-72.3233	-86.9751	6.59448e-006	513.619
29.3153	-0.685612	-10.5482	0.938249	10.8331	0.222814	3.60949	-0.155322	-150.548	-6.33483	1729.89	-88.7747	-72.6324	-87.4329	-0.000298575	514.688
29.3160	-0.685612	-14.5038	1.54623	14.8052	-0.0786402	7.90399	0.465967	-123.38	-6.34173	1729.73	-88.9345	-72.1768	-87.1277	-0.000298575	515.595
29.3167	-0.99577	-16.9525	1.54623	18.1454	-0.393201	7.58783	1.37201	-97.7698	-6.33483	1729.57	-88.9345	-72.9416	-87.2803	-0.000298575	517.432
29.3173	-1.30593	-19.7151	0.938249	19.9961	-0.393201	6.05972	0.776611	-80.9846	-6.32891	1729.41	-88.7747	-73.7063	-87.738	-0.000603745	518.501
29.3180	-0.685612	-20.5942	-0.285228	19.0933	-0.393201	3.00351	0.155322	136.301	-6.32891	1730.32	-87.8958	-72.7789	-86.5173	-0.000145967	519.106
29.3187	1.43652	-16.9525	-0.585468	17.2427	0.524268	-2.79274	0.155322	463.469	-6.32891	1731.73	-86.857	-71.2657	-85.144	0.000159203	520.315
29.3193	1.74668	-13.562	-0.585468	15.1212	1.14028	-10.1171	-0.465967	597.463	-6.32299	1732.81	-85.8981	-70.3382	-84.3811	-0.000298575	521.849
29.3200	0.832529	-9.29249	-0.893213	10.5171	1.14028	-20.1815	0.155322	551.952	-6.32299	1732.81	-85.7383	-70.501	-84.2285	-0.000298575	523.221
29.3207	0.832529	2.57427	-0.585468	-0.135414	1.44174	-33.6183	1.06137	295.328	-6.31708	1730.97	-87.736	-72.1768	-85.7544	6.59448e-006	524.756
29.3213	0.832529	21.536	0.330264	-16.6108	0.524268	-47.9508	1.06137	-198.77	-6.31708	1728.97	-89.8934	-73.9992	-87.8906	-0.000298575	526.43
29.3220	-0.0816205	38.928	0.938249	-30.9646	0.524268	-59.5434	0.776611	-719.69	-6.31708	1728.06	-90.6126	-75.3822	-89.1113	-0.000298575	527.639
29.3227	-0.99577	45.8974	0.630503	-35.8395	0.524268	-67.4737	-1.06137	-1061.51	-6.31708	1727.46	-91.2518	-76.4398	-89.1113	-0.000145967	528.871
29.3233	-1.59976	43.5114	0.330264	-31.5966	0.524268	-70.8461	-3.20999	-980.64	-6.31708	1728.65	-90.4528	-76.1469	-88.501	-0.000145967	531.15
29.3240	-1.59976	40.1209	0.022518	-26.4057	0.524268	-69.3179	-3.20999	-443.512	-6.31116	1729.57	-89.7336	-75.073	-87.5854	-0.000298575	532.219
29.3247	-0.99577	38.614	0.330264	-23.3363	0.222814	-67.4737	-2.5887	124.707	-6.31116	1728.06	-90.6126	-75.3822	-87.5854	-0.000298575	531.452
29.3253	-1.30593	33.4027	0.630503	-18.4614	0.222814	-67.4737	-1.68266	396.328	-6.31116	1727.73	-90.9322	-76.1469	-88.1958	-0.000145967	532.522
29.3260	-0.99577	24.5497	0.630503	-12.9546	0.222814	-62.5996	-0.750724	398.462	-6.31116	1728.38	-90.2929	-76.1469	-88.3484	6.59448e-006	534.521
29.3267	-0.391778	19.0873	0.022518	-12.6838	-0.0786402	-45.527	-0.750724	267.526	-6.29834	1728.38	-90.0532	-75.9842	-88.0432	6.59448e-006	536.033
29.3273	-0.0816205	16.9525	0.022518	-16.024	-0.0786402	-20.1815	-0.465967	159.2	-6.29834	1728.54	-90.2929	-76.4398	-88.1958	6.59448e-006	537.102
29.3280	-0.391778	12.9969	0.022518	-15.708	-0.0786402	1.47541	-0.155322	72.8515	-6.30524	1727.89	-90.6126	-77.2045	-88.501	6.59448e-006	538.637
29.3287	-0.685612	4.39509	-0.285228	-9.61438	0.222814	14.9122	-0.155322	-26.6488	-6.29834	1727.14	-91.4116	-78.2784	-89.2639	-0.000298575	541.218
29.3293	-0.391778	-6.84379	-0.285228	0.451379	0.825722	26.2149	-0.155322	-43.434	-6.29834	1726.38	-92.2906	-79.8078	-90.6372	-0.000145967	542.613
29.3300	0.522371	-16.3246	-0.585468	9.61438	0.825722	38.0972	-0.155322	44.7607	-6.29834	1726.22	-92.2906	-79.9542	-90.6372	6.59448e-006	542.752
29.3307	1.14269	-21.8499	-1.5012	15.392	0.825722	49.0837	0.155322	108.268	-6.29834	1727.73	-90.7724	-78.2784	-88.9587	0.000159203	543.822
29.3313	1.74668	-23.9847	-1.20096	16.024	0.825722	54.5902	1.06137	98.1736	-6.29834	1729.41	-88.9345	-76.9116	-86.9751	0.000159203	545.194
29.3320	1.43652	-25.4916	0.022518	14.8052	0.222814	60.0703	1.37201	64.3147	-6.29242	1730.48	-87.5762	-75.9842	-85.907	0.000159203	546.124
29.3327	0.522371	-26.3706	0.630503	13.9025	-0.393201	68.6329	0.776611	15.1702	-6.29242	1731.13	-86.857	-75.6913	-85.6018	0.000159203	547.495
29.3333	-0.0816205	-26.1194	0.630503	12.9546	0.222814	77.1692	1.06137	-47.9908	-6.29242	1730.81	-87.4164	-76.1469	-85.7544	6.59448e-006	548.705
29.3340	-0.685612	-24.5497	0.330264	12.6838	0.524268	80.8314	1.06137	-94.7127	-6.29242	1730.05	-88.3752	-76.9116	-86.2122	6.59448e-006	549.611
29.3347	-0.685612	-22.415	-0.585468	12.3678	-0.393201	76.2471	0.776611	-103.25	-6.29242	1729.73	-88.7747	-77.8228	-86.9751	-0.000298575	550.844
29.3353	0.522371	-19.4012	-0.285228	11.465	-0.0786402	64.0486	1.37201	-95.0011	-6.28651	1729.3	-89.2542	-78.5875	-87.738	-0.000298575	552.053
29.3360	0.522371	-16.6386	0.330264	11.465	0.524268	51.2178	2.30395	-96.8469	-6.28651	1729.3	-89.2542	-78.7339	-87.5854	6.59448e-006	553.587
29.3367	0.228537	-16.0107	0.938249	11.465	0.222814	42.0755	1.9933	-99.904	-6.29242	1728.97	-88.9345	-79.0431	-87.4329	6.59448e-006	554.82
29.3373	0.832529	-15.1317	0.938249	11.7359	0.222814	32.301	1.37201	-98.0582	-6.28651	1728.54	-89.2542	-79.3522	-87.4329	0.000159203	555.889
29.3380	0.522371	-13.2481	0.938249	12.0518	0.524268	21.6306	1.37201	-80.0617	-6.28651	1729.3	-89.0944	-79.0431	-86.6699	0.000922151	556.796
29.3387	-0.391778	-12.9969	0.630503	12.3678	0.524268	14.3062	1.37201	-90.7327	-6.29242	1730.81	-87.736	-78.1319	-85.7544	0.000616981	557.865
29.3393	-0.685612	-12.683	0.022518	12.6838	0.825722	9.40574	-0.155322	-152.971	-6.28651	1731.89	-86.2178	-77.058	-84.6863	-0.000298575	559.237
29.3400	-0.99577	-10.2343	-0.285228	10.8331	0.222814	3.92565	-1.06137	-118.477	-6.29242	1731.89	-86.2178	-77.058	-84.2285	-0.000451137	560.307
29.3407	-1.30593	-7.7856	-0.585468	8.39565	-0.393201	-0.658665	-0.750724	-19.6116	-6.29242	1730.48	-87.8958	-78.5875	-85.6018	-0.000145967	561.818
29.3413	-0.685612	-4.39509	-0.893213	5.64224	-0.0786402	-4.61066	-0.465967	-23.5917	-6.29242	1728.54	-89.8934	-80.8654	-87.738	6.59448e-006	563.655
29.3420	-0.99577	3.51608	-0.893213	-0.767345	0.222814	-9.51113	-1.06137	-39.7424	-6.29242	1727.73	-90.2929	-82.0857	-88.9587	-0.000298575	565.027
29.3427	-2.22008	10.8622	-1.20096	-8.39565	-0.393201	-14.9912	-1.68266	10.2673	-6.28651	1727.89	-89.7336	-82.0857	-88.3484	-0.000451137	566.259
29.3433	-1.90992	13.2481	-0.893213	-11.1491	-0.393201	-18.9696	-1.37201	74.0628	-6.28651	1728.06	-90.0532	-82.2484	-88.0432	-0.000145967	567.468
29.3440	-0.685612	15.3828	-0.285228	-12.6838	0.524268	-23.8437	-0.750724	140.569	-6.28651	1727.89	-90.6126	-83.0131	-88.501	6.59448e-006	568.398
29.3447	-0.391778	19.9663	0.022518	-17.2427	0.524268	-31.774	-0.155322	112.19	-6.28651	1728.22	-90.213	-82.8504	-88.1958	-0.000145967	569.305
29.3453	-0.0816205	24.5497	0.330264	-20.8989	0.222814	-38.4924	-0.155322	27.0525	-6.28651	1728.97	-89.2542	-82.3948	-87.1277	6.59448e-006	570.677
29.3460	0.228537	23.6707	0.330264	-19.0933	0.524268	-37.2805	0.155322	123.496	-6.28651	1729.14	-88.6149	-82.0857	-86.9751	0.000159203	572.049
29.3467	0.228537	17.5176	0.022518	-14.4893	0.524268	-29.3501	0.465967	267.872	-6.28651	1728.81	-88.9345	-82.5575	-87.5854	-0.000145967	572.816
29.3473	1.14269	13.562	0.330264	-10.8331	0.222814	-22.3156	1.06137	172.352	-6.28651	1728.54	-89.7336	-82.8504	-87.2803	6.59448e-006	574.188
29.3480	2.36699	10.8622	0.022518	-7.17693	0.524268	-17.1253	1.06137	8.47915	-6.29242	1728.06	-90.2929	-83.6151	-87.4329	0.000159203	576.164
29.3487	2.36699	7.47166	-1.20096	-5.32628	0.524268	-10.4069	0.776611	34.3781	-6.29242	1726.38	-91.9709	-85.9093	-89.5691	0.000159203	576.792
29.3493	1.74668	2.88821	-0.585468	-2.30203	0.222814	-0.658665	1.37201	94.5397	-6.29242	1724.39	-93.8088	-87.7316	-91.095	0.000616981	577.396
29.3500	0.832529	-2.57427	0.330264	1.35414	0.524268	6.05972	0.776611	-22.6688	-6.28651	1725.14	-93.0896	-87.4388	-90.9424	0.000616981	578.768
29.3507	-0.391778	-2.88821	0.630503	0.451379	0.222814	4.53162	-0.750724	-181.696	-6.28651	1727.14	-90.2929	-85.4537	-89.2639	6.59448e-006	579.233
29.3513	-0.685612	-1.38132	0.630503	-0.451379	0.222814	9.40574	-1.68266	-43.1456	-6.28651	1728.06	-89.2542	-84.0707	-87.2803	0.000159203	579.977
29.3520	-0.0816205	-5.96477	-0.285228	4.10755	0.524268	23.1587	-2.89935	306.288	-6.28651	1729.14	-88.9345	-83.6151	-86.6699	0.000464373	581.675
29.3527	-0.0816205	-13.562	-0.893213	10.5171	-0.694655	29.8771	-4.11604	416.459	-6.28651	1730.81	-87.5762	-83.4687	-86.6699	6.59448e-006	583.047
29.3533	-0.685612	-16.3246	0.022518	12.9546	-0.0786402	25.5826	-3.8054	320.65	-6.28651	1730.65	-87.4164	-83.6151	-86.6699	-0.000298575	583.953
29.3540	-0.391778	-16.3246	0.330264	13.9025	0.524268	20.1025	-2.5887	319.151	-6.28651	1729.14	-88.6149	-84.0707	-86.5173	-0.000145967	584.418
29.3547	0.228537	-15.1317	-0.285228	12.3678	0.222814	16.4403	-1.96742	220.573	-6.28651	1728.38	-89.2542	-84.689	-86.5173	6.59448e-006	585.627
29.3553	-0.0816205	-7.7856	-0.285228	5.95821	0.222814	10.644	-1.37201	-232.052	-6.28651	1728.81	-88.7747	-84.8354	-86.9751	-0.000145967	587.464
29.3560	0.522371	-0.43951	-0.285228	0.451379	0.222814	3.92565	-1.06137	-501.827	-6.28059	1729.14	-88.6149	-84.8354	-86.9751	6.59448e-006	588.836
29.3567	0.832529	2.26033	-0.893213	-2.30203	-0.0786402	-1.87061	-1.37201	-244.223	-6.28651	1728.54	-89.414	-85.6002	-87.4329	6.59448e-006	590.068
29.3573	-0.0816205	5.02297	-0.585468	-5.32628	-0.0786402	-7.66687	-1.68266	-52.6054	-6.28651	1728.81	-89.5738	-85.9093	-87.4329	-0.000298575	591.277
29.3580	-0.99577	5.65084	-0.285228	-4.73948	0.222814	-11.6452	0.155322	-117.555	-6.28651	1730.21	-87.8958	-84.5263	-86.0596	-0.000298575	591.742
29.3587	-0.99577	0.753445	0.022518	1.35414	0.222814	-11.935	2.5887	-65.699	-6.28059	1730.65	-86.857	-83.1596	-84.5337	-0.000145967	591.58
29.3593	-0.391778	-3.20214	0.022518	5.05545	0.222814	-12.5673	2.89935	64.8915	-6.28059	1730.81	-87.0967	-83.4687	-84.3811	0.000159203	592.649
29.3600	-0.391778	-2.26033	-0.585468	4.10755	0.222814	-14.7014	3.20999	55.1433	-6.28059	1730.97	-87.4164	-84.689	-85.6018	0.000159203	594.951
29.3607	-1.30593	2.00919	0.022518	1.35414	0.222814	-18.0474	3.20999	-31.2056	-6.27467	1729.73	-88.0556	-86.2185	-87.1277	-0.000451137	596.16
29.3613	-0.685612	6.27871	0.630503	-2.30203	0.222814	-19.8917	3.52064	-35.8201	-6.28059	1727.62	-89.7336	-87.7316	-88.3484	-0.000603745	596.765
29.3620	0.522371	8.97855	0.330264	-5.64224	0.222814	-19.5755	3.20999	79.5425	-6.28059	1726.71	-91.2518	-88.4964	-88.9587	-0.000145967	598.602
29.3627	1.14269	9.60642	0.022518	-7.76372	0.222814	-19.8917	1.9933	133.59	-6.27467	1726.54	-91.4116	-88.4964	-89.1113	-0.000145967	599.973
29.3633	3.28114	8.41347	-0.585468	-7.17693	0.524268	-18.3636	1.06137	20.996	-6.28059	1727.14	-90.9322	-88.2035	-88.3484	6.59448e-006	601.043
29.3640	3.57498	5.96477	-1.20096	-5.32628	1.14028	-16.2295	3.20999	-111.786	-6.27467	1728.06	-90.0532	-88.0408	-87.5854	0.000311811	602.717
29.3647	2.66083	3.51608	-0.893213	-2.88883	0.524268	-14.3853	6.86007	-142.934	-6.27467	1728.06	-89.7336	-88.0408	-87.4329	-0.000145967	603.322
29.3653	2.36699	-2.00919	-1.20096	1.98607	0.222814	-6.45492	8.3874	-86.1759	-6.28059	1727.62	-89.5738	-87.8943	-87.2803	-0.000603745	603.484
29.3660	2.36699	-8.41347	-1.20096	7.76372	0.825722	2.7137	7.48136	-23.8801	-6.28651	1727.89	-89.7336	-88.0408	-87.4329	-0.000145967	604.717
29.3667	1.14269	-11.1133	0.022518	10.5171	0.222814	6.37588	5.04797	-56.2393	-6.28059	1728.22	-89.8934	-87.8943	-87.2803	0.000159203	606.228
29.3673	-0.99577	-9.60642	0.630503	8.98245	-0.393201	6.37588	2.89935	-171.313	-6.27467	1728.06	-89.7336	-88.3499	-87.5854	0.000159203	607.902
29.3680	-1.59976	-7.7856	0.938249	6.86097	-0.694655	7.90399	1.37201	-196.001	-6.28059	1726.98	-90.213	-89.4238	-88.6536	6.59448e-006	609.134
29.3687	-0.391778	-9.29249	0.330264	8.07969	-0.393201	9.7219	-0.155322	-90.7327	-6.28059	1725.79	-91.4116	-90.3349	-89.1113	0.000159203	610.343
29.3693	0.228537	-12.3691	0.330264	11.7359	-0.393201	9.11593	-1.68266	63.6802	-6.28059	1725.79	-91.891	-91.3925	-90.1794	0.000311811	612.18
29.3700	-0.391778	-14.5038	0.022518	15.392	0.222814	5.45375	-4.42668	174.486	-6.28059	1726.22	-91.4116	-91.3925	-90.6372	-0.000145967	612.483
29.3707	0.522371	-17.8315	-1.80894	18.1454	0.524268	3.31967	-6.54942	88.4254	-6.27467	1727.3	-90.213	-89.7167	-88.3484	-0.000298575	612.483
29.3713	2.05684	-19.9663	-1.80894	20.8989	0.524268	0.579626	-5.64338	-78.5043	-6.27467	1728.65	-88.3752	-87.8943	-86.6699	6.59448e-006	613.552
29.3720	2.05684	-19.0873	-0.893213	23.0203	0.825722	-8.27284	-3.20999	-119.112	-6.28059	1729.89	-87.2565	-86.9832	-85.907	0.000311811	614.784
29.3727	0.522371	-16.6386	-0.893213	20.5829	0.524268	-18.6534	-0.155322	2.01885	-6.28651	1730.65	-86.6972	-86.8205	-85.6018	0.000311811	615.854
29.3733	-0.685612	-8.7274	-0.893213	13.9025	-0.0786402	-26.2939	2.30395	280.966	-6.28059	1730.48	-87.0967	-87.276	-86.0596	-0.000145967	617.063
29.3740	-0.685612	8.7274	0.022518	0.135414	-0.393201	-35.7524	3.52064	409.768	-6.28059	1729.57	-88.0556	-87.7316	-86.6699	-0.000451137	618.435
29.3747	-0.391778	35.8514	0.938249	-26.0897	-0.393201	-52.219	4.42668	243.415	-6.28651	1728.81	-88.6149	-88.2035	-86.9751	6.59448e-006	619.202
29.3753	-1.30593	59.9617	1.24599	-49.8774	-0.0786402	-66.8677	5.33273	-6.80639	-6.28651	1728.65	-88.7747	-88.8055	-88.6536	6.59448e-006	619.667
29.3760	-2.22008	67.6217	1.24599	-56.603	0.222814	-68.106	6.57531	-539.032	-6.28651	1728.54	-88.7747	-88.9519	-80.8716	-0.000298575	620.574
29.3767	-2.53023	66.052	0.938249	-56.603	-0.0786402	-63.8115	7.17071	-1066.07	-6.28651	1728.22	-89.2542	-88.8055	-83.1604	-0.000298575	621.806
29.3773	-2.53023	60.5895	0.630503	-50.1934	-0.0786402	-60.4655	6.57531	-628.438	-6.28651	1728.54	-88.7747	-88.8055	-138.702	-0.000145967	623.015
29.3780	-2.22008	43.7626	0.938249	-33.1312	-0.0786402	-52.219	6.26466	393.271	-6.28651	1729.89	-87.2565	-87.8943	31.5857	-0.000145967	623.922
29.3787	-1.90992	23.3568	0.330264	-18.1454	-0.694655	-37.5703	4.73733	891.003	-6.28651	1731.24	-86.2178	-86.3649	-170.441	6.59448e-006	624.852
29.3793	-1.30593	9.29249	0.630503	-8.71162	-0.393201	-18.9696	2.89935	789.426	-6.28059	1732.05	-85.5785	-85.6002	-305.176	0.000464373	626.224
29.3800	-0.391778	-0.753445	1.24599	-1.6701	-0.393201	-1.5808	1.9933	456.144	-6.28059	1732.05	-85.2589	-86.2185	2344.06	0.000159203	627.433
29.3807	0.228537	-10.8622	0.330264	3.83672	-0.393201	15.5182	0.155322	119.862	-6.28651	1730.05	-86.857	-87.8943	4999.85	-0.000603745	627.898
29.3813	-0.685612	-21.222	-0.585468	9.29841	0.222814	34.1452	-2.27806	-161.219	-6.28651	1727.73	-88.7747	-89.5702	4999.85	-0.000603745	629.27
29.3820	-1.30593	-28.5053	-0.285228	15.392	0.222814	54.274	-2.5887	-307.73	-6.28651	1726.98	-89.5738	-90.1722	4845.89	-0.000145967	630.804
29.3827	-0.685612	-30.954	0.630503	17.2427	0.524268	73.1909	-0.750724	-221.035	-6.28651	1726.98	-89.8934	-90.4814	4999.85	-0.000145967	631.409
29.3833	1.14269	-28.2542	0.330264	13.5865	0.524268	80.8314	1.06137	-93.5014	-6.28651	1726.98	-89.8934	-90.3349	4970.25	-0.000145967	631.874
29.3840	2.97098	-23.9847	-0.285228	11.1491	0.524268	79.3033	1.06137	-88.3101	-6.28651	1727.46	-88.9345	-90.1722	4965.21	0.000159203	632.944
29.3847	3.28114	-23.0429	-0.585468	12.0518	0.222814	77.7752	-0.750724	-110.287	-6.28651	1728.38	-88.2154	-89.4238	4974.98	-0.000145967	634.455
29.3853	2.66083	-23.6707	-0.893213	13.2706	0.222814	75.0352	-1.68266	-73.9474	-6.28651	1728.06	-88.6149	-88.9519	4973.45	-0.000451137	634.92
29.3860	2.66083	-21.536	-0.285228	13.5865	0.524268	67.1048	-2.89935	-7.44089	-6.28651	1727.14	-89.0944	-89.7167	4973.3	0.000159203	634.92
29.3867	0.522371	-18.4594	-0.285228	12.0518	0.222814	54.274	-4.73733	91.1365	-6.28651	1727.46	-88.7747	-89.7167	4973.3	0.000311811	636.129
29.3873	-2.22008	-16.9525	0.022518	11.7359	-0.0786402	40.8636	-5.33273	124.13	-6.28059	1728.22	-88.9345	-90.0258	4972.99	-0.000145967	637.966
29.3880	-1.90992	-14.5038	0.938249	10.2012	0.524268	28.0328	-4.11604	-73.9474	-6.28651	1727.14	-89.7336	-91.0997	4972.23	0.000159203	639.035
29.3887	-0.391778	-10.5482	1.24599	6.27417	0.825722	17.6522	-2.27806	-268.968	-6.28651	1725.79	-90.7724	-91.8644	4970.86	0.000159203	640.105
29.3893	-0.391778	-9.60642	0.630503	5.95821	0.825722	13.0679	-0.750724	-170.391	-6.28651	1725.3	-91.092	-92.32	4970.25	-0.000145967	641.174
29.3900	-0.0816205	-11.4272	-0.585468	8.39565	0.825722	10.644	0.465967	16.3815	-6.28651	1725.63	-90.4528	-91.7017	4971.77	0.000311811	642.081
29.3907	0.228537	-10.5482	-1.20096	8.39565	0.524268	7.27167	-1.37201	94.5397	-6.28651	1727.62	-88.6149	-90.0258	4973.91	0.000311811	643.151
29.3913	-0.391778	-7.15773	-1.20096	5.64224	0.524268	3.60949	-3.20999	157.355	-6.28651	1729.89	-86.6972	-88.2035	4975.28	-0.000145967	644.081
29.3920	0.228537	-5.96477	-0.285228	5.05545	1.14028	-0.0526932	-1.68266	168.083	-6.28059	1730.65	-86.2178	-87.276	4975.59	6.59448e-006	644.22
29.3927	0.522371	-2.88821	0.022518	3.20479	0.825722	-7.06089	0.776611	8.76756	-6.28059	1729.73	-86.857	-87.5852	4975.59	0.000616981	644.383
29.3933	0.228537	8.09953	-1.20096	-6.27417	0.222814	-18.6534	1.06137	-185.965	-6.28651	1729.57	-86.9369	-88.3499	4974.82	0.000616981	645.592
29.3940	1.74668	23.3568	-1.80894	-18.1454	0.825722	-31.168	1.37201	-295.79	-6.29242	1729.14	-87.2565	-88.6591	4974.06	6.59448e-006	646.662
29.3947	3.28114	31.5819	-0.893213	-23.3363	1.44174	-38.8086	1.9933	-306.807	-6.28651	1728.22	-88.0556	-89.1146	4973.91	0.000616981	647.429
29.3953	3.57498	29.4471	0.330264	-20.5829	0.524268	-41.5486	1.9933	-97.4237	-6.28651	1728.65	-88.0556	-89.1146	4973.91	0.000922151	648.964
29.3960	2.36699	20.9081	0.330264	-14.1733	-0.0786402	-42.1546	0.776611	200.731	-6.28651	1728.81	-87.8958	-88.9519	4974.21	-0.000145967	649.405
29.3967	0.832529	10.5482	-0.585468	-7.17693	0.222814	-37.5703	-0.465967	282.523	-6.28651	1728.22	-88.3752	-89.4238	4974.06	-0.000451137	649.708
29.3973	-0.685612	1.69525	-0.285228	-1.6701	0.222814	-25.9778	0.465967	185.445	-6.28059	1728.81	-87.736	-89.1146	4973.91	-0.000756307	650.777
29.3980	-2.53023	-3.51608	1.24599	0.451379	-0.393201	-11.6452	4.11604	83.5225	-6.28651	1729.89	-86.6972	-87.4388	4975.74	-0.000603745	651.405
29.3987	-2.82407	-6.27871	0.938249	0.135414	-0.694655	3.92565	9.31934	0.519132	-6.28651	1731.13	-85.4187	-86.2185	4977.42	0.000159203	652.475
29.3993	-0.685612	-8.09953	0.330264	1.98607	0.222814	18.8905	12.9694	-35.1856	-6.28651	1732.16	-85.179	-86.0557	4977.26	-0.000145967	653.846
29.4000	0.522371	-9.60642	0.330264	5.95821	0.825722	25.2928	12.374	12.4015	-6.28651	1731.89	-86.058	-86.5113	4976.35	-0.000298575	654.916
29.4007	0.522371	-10.8622	0.330264	7.4929	0.825722	25.5826	7.48136	47.8178	-6.28651	1729.57	-87.5762	-87.8943	4974.67	-0.000451137	655.52
29.4013	1.14269	-9.60642	-0.285228	6.86097	0.524268	25.2928	-4.42668	14.5357	-6.28651	1727.3	-89.5738	-89.8794	4972.99	6.59448e-006	656.729
29.4020	1.74668	-6.84379	-0.585468	5.64224	0.825722	23.1587	-13.2801	-47.414	-6.29242	1726.98	-90.7724	-91.2461	4971.92	6.59448e-006	658.264
29.4027	1.43652	-2.88821	-0.585468	3.20479	0.825722	18.8905	-12.0375	-160.931	-6.28651	1726.98	-90.9322	-91.2461	4971.47	-0.000451137	658.427
29.4033	-0.391778	2.26033	-0.285228	-1.98607	-0.393201	13.0679	-10.536	-280.562	-6.28651	1726.81	-90.4528	-90.3349	4972.53	6.59448e-006	658.869
29.4040	-1.90992	5.65084	0.938249	-4.42352	-2.21503	7.58783	-9.60409	-213.709	-6.28651	1727.62	-89.7336	-89.4238	4973.6	0.000159203	660.101
29.4047	-1.90992	4.70903	1.85398	-3.20479	-2.83105	4.84778	-7.17071	2.65334	-6.28651	1727.89	-89.8934	-89.8794	4973.6	6.59448e-006	661.31
29.4053	-1.90992	1.69525	0.938249	-1.6701	-2.21503	3.00351	-4.73733	98.462	-6.29242	1728.54	-90.213	-90.3349	4972.84	-0.000145967	662.38
29.4060	-1.90992	0.43951	0.330264	-1.98607	-2.21503	1.1856	-1.96742	48.1062	-6.29242	1728.81	-89.7336	-90.1722	4972.38	-0.000451137	662.682
29.4067	-1.90992	-0.43951	0.938249	-1.08331	-2.21503	2.7137	-1.06137	46.6065	-6.28651	1728.81	-89.414	-90.0258	4972.99	6.59448e-006	663.147
29.4073	-1.59976	-3.20214	0.630503	2.30203	-2.21503	6.05972	-1.96742	125.053	-6.28651	1728.38	-89.2542	-90.0258	4973.45	-0.000145967	664.054
29.4080	-0.391778	-4.14395	-0.285228	4.10755	-1.61212	6.37588	-2.27806	169.295	-6.28651	1726.81	-90.6126	-90.937	4972.23	-0.000451137	664.821
29.4087	-0.0816205	-3.20214	-0.893213	3.20479	-1.91358	4.84778	-1.96742	157.066	-6.28651	1725.9	-91.891	-91.8644	4970.86	-0.000145967	665.891
29.4093	-0.0816205	-3.20214	-0.585468	3.20479	-1.91358	5.13759	-1.96742	114.959	-6.28651	1725.47	-91.891	-91.8644	4971.01	6.59448e-006	666.96
29.4100	0.522371	-4.70903	0.022518	5.05545	-0.694655	4.53162	-1.96742	55.1433	-6.29242	1725.63	-91.9709	-91.8644	4971.77	0.000159203	667.425
29.4107	0.228537	-6.59264	0.630503	7.76372	-0.0786402	2.7137	-1.96742	0.807538	-6.28651	1727.62	-91.092	-90.7905	4972.08	-0.000145967	667.425
29.4113	-0.685612	-9.92036	0.630503	11.465	-0.393201	3.00351	-2.27806	-59.2964	-6.28651	1728.97	-89.0944	-88.8055	4973.91	-0.000603745	667.565
29.4120	-0.99577	-14.1899	-0.285228	15.392	-0.0786402	3.92565	-1.96742	-150.26	-6.29242	1729.3	-88.2154	-87.7316	4975.74	0.000311811	667.867
29.4127	-0.99577	-17.8315	0.022518	19.6801	0.222814	4.53162	-1.06137	-195.078	-6.29242	1729.57	-88.3752	-87.5852	4975.74	0.00107471	668.634
29.4133	-0.0816205	-20.9081	0.938249	24.555	0.222814	4.84778	-0.750724	-129.495	-6.28651	1729.41	-88.7747	-88.4964	4974.52	0.000311811	670.471
29.4140	0.522371	-21.536	0.630503	26.4057	1.14028	1.79157	-0.155322	-33.0514	-6.29242	1728.65	-89.2542	-89.4238	4973.75	0.000159203	671.703
29.4147	0.228537	-19.0873	0.022518	24.2842	0.825722	-6.13876	0.155322	-11.7093	-6.29242	1727.89	-89.5738	-89.1146	4973.91	0.000616981	671.238
29.4153	-0.0816205	-13.562	0.022518	20.8989	0.222814	-18.0474	0.155322	-72.7361	-6.29242	1728.54	-88.7747	-88.3499	4974.82	0.000464373	672.145
29.4160	0.522371	-3.83001	0.022518	13.9025	0.524268	-31.168	-0.750724	-200.904	-6.28651	1729.3	-88.7747	-88.6591	4974.52	-0.000145967	673.517
29.4167	1.14269	11.7412	0.022518	-0.451379	0.524268	-43.0767	-1.37201	-208.518	-6.28651	1728.38	-89.7336	-89.7167	4973.14	-0.000603745	673.819
29.4173	1.14269	22.7289	0.330264	-11.1491	0.222814	-51.3232	-0.750724	164.68	-6.29242	1728.38	-88.9345	-89.1146	4974.06	-0.000603745	674.586
29.4180	0.228537	23.9847	0.330264	-12.6838	-0.0786402	-56.8033	-0.465967	557.49	-6.28651	1730.05	-86.9369	-87.5852	4976.2	-0.000145967	675.516
29.4187	0.832529	31.5819	0.938249	-19.6801	0.222814	-67.1839	-0.155322	664.892	-6.28059	1731.13	-85.8981	-86.2185	4977.11	-0.000145967	676.121
29.4193	1.74668	45.0183	0.938249	-33.1312	-0.393201	-79.3824	0.776611	650.241	-6.29242	1731.73	-85.4187	-85.6002	4977.57	0.000159203	676.726
29.4200	1.14269	49.2878	-0.285228	-37.6902	-0.694655	-81.5164	1.68266	389.003	-6.29242	1731.4	-86.3776	-86.5113	4976.5	0.000311811	677.958
29.4207	0.832529	46.8392	-0.585468	-34.9368	-0.393201	-75.7202	1.37201	-158.797	-6.29242	1729.57	-88.2154	-88.3499	4973.91	-0.000298575	679.027
29.4213	1.74668	40.1209	-0.285228	-27.9404	-0.0786402	-65.6558	-0.155322	-506.961	-6.28651	1728.06	-89.5738	-89.5702	4972.84	-0.000451137	679.632
29.4220	0.832529	28.8193	0.022518	-17.8746	0.524268	-56.1973	-1.37201	-304.038	-6.28651	1727.46	-90.6126	-90.6441	4972.38	-0.000298575	680.236
29.4227	-0.0816205	20.5942	0.630503	-10.8331	0.524268	-52.825	-1.37201	-3.46088	-6.28651	1727.14	-90.6126	-90.6441	4972.53	-0.000145967	681.004
29.4233	-0.0816205	17.5176	0.630503	-7.76372	-0.0786402	-48.5568	-0.465967	-32.1285	-6.29242	1727.3	-89.8934	-90.0258	4973.14	6.59448e-006	681.608
29.4240	0.228537	10.8622	0.630503	-5.32628	-0.0786402	-31.4842	0.155322	-128.86	-6.29242	1728.22	-88.9345	-89.7167	4973.91	-0.000145967	681.911
29.4247	0.522371	2.26033	0.630503	-5.32628	0.222814	-10.7231	0.776611	-132.84	-6.29242	1728.54	-88.7747	-89.5702	4974.52	-0.000145967	682.841
29.4253	1.43652	-0.753445	0.630503	-7.4929	0.524268	5.13759	1.06137	-70.6019	-6.28651	1727.89	-89.5738	-90.1722	4973.45	-0.000298575	683.585
29.4260	1.14269	-2.88821	0.630503	-7.76372	0.222814	21.9204	0.776611	74.3512	-6.29242	1727.73	-89.2542	-90.6441	4972.84	-0.000145967	683.747
29.4267	0.832529	-7.15773	0.022518	-4.42352	0.222814	36.5691	-0.155322	191.56	-6.29242	1727.89	-88.535	-89.8794	4973.6	0.000159203	684.212
29.4273	0.522371	-9.92036	0.330264	-0.451379	0.524268	45.4216	-0.750724	182.1	-6.28651	1727.46	-89.0944	-89.8794	4973.3	0.000159203	685.119
29.4280	-0.685612	-13.562	0.630503	4.10755	0.222814	51.2178	-0.465967	129.321	-6.28651	1726.54	-90.4528	-91.2461	4971.77	6.59448e-006	685.886
29.4287	-0.99577	-19.7151	0.330264	9.29841	0.222814	58.8583	0.155322	82.3112	-6.29242	1725.3	-91.7312	-92.32	4970.86	6.59448e-006	686.491
29.4293	-0.391778	-26.9984	-0.285228	14.8052	0.524268	74.4292	0.155322	-42.7995	-6.28651	1724.71	-92.4504	-93.2311	4970.55	0.000159203	687.398
29.4300	-0.391778	-33.4027	-0.893213	18.7774	-0.0786402	89.3677	-0.750724	-160.008	-6.28651	1726.06	-91.5714	-92.7755	4970.86	0.000159203	688.026
29.4307	-0.0816205	-35.8514	-0.893213	20.3121	-0.0786402	89.9737	-1.68266	-194.501	-6.29242	1727.89	-89.0944	-90.6441	4972.84	6.59448e-006	688.63
29.4313	-0.0816205	-35.5375	0.330264	23.3363	0.222814	80.8314	-2.5887	-206.672	-6.29242	1729.14	-87.736	-89.1146	4974.82	0.000159203	688.63
29.4320	-0.685612	-35.5375	0.022518	25.7738	0.222814	72.5849	-2.89935	-155.74	-6.29242	1729.57	-87.8958	-88.9519	4975.13	6.59448e-006	688.165
29.4327	-0.685612	-35.2235	-0.285228	26.0897	0.524268	64.0486	-1.68266	-59.008	-6.29242	1729.73	-87.2565	-88.8055	4974.98	0.000159203	689.235
29.4333	-0.685612	-34.0306	0.330264	26.0897	0.524268	55.1962	-1.68266	45.6836	-6.29242	1729.89	-86.9369	-88.8055	4974.98	0.000159203	690.607
29.4340	-0.0816205	-32.8376	-0.585468	27.6244	0.222814	48.188	-2.27806	148.241	-6.28651	1729.57	-87.8958	-89.1146	4974.52	0.000159203	690.909
29.4347	0.832529	-24.2358	-0.893213	22.4336	0.825722	37.8074	-2.89935	101.519	-6.29242	1729.41	-88.3752	-89.4238	4974.67	0.000616981	691.839
29.4353	1.14269	-1.69525	-0.285228	2.30203	1.44174	17.9684	-3.20999	12.7476	-6.29242	1729.3	-88.3752	-89.5702	4974.52	0.000159203	692.606
29.4360	-0.0816205	23.3568	0.022518	-21.5308	0.825722	-8.589	-3.20999	62.7573	-6.28651	1728.65	-88.0556	-89.5702	4974.67	-0.000298575	692.746
29.4367	-1.30593	37.6722	0.938249	-33.718	0.222814	-30.8782	-2.89935	-68.1216	-6.28651	1728.65	-87.8958	-89.4238	4974.67	0.000159203	693.513
29.4373	-1.90992	41.9418	1.24599	-35.5687	0.222814	-43.3665	-1.96742	-412.075	-6.28651	1728.81	-88.0556	-89.2611	4974.37	-0.000145967	693.815
29.4380	-0.99577	43.7626	0.330264	-36.1555	0.825722	-50.0849	-1.06137	-465.777	-6.29242	1729.41	-87.736	-88.4964	4975.74	-0.000145967	693.048
29.4387	-0.391778	41.9418	0.330264	-32.1833	1.74319	-51.613	-0.750724	-232.34	-6.28651	1730.65	-86.9369	-87.4388	4977.11	0.000311811	693.513
29.4393	-0.0816205	29.7611	-0.285228	-19.6801	1.14028	-43.6827	-0.750724	-157.874	-6.28059	1731.24	-86.6972	-87.4388	4976.65	0.000464373	694.885
29.4400	-0.0816205	12.683	-0.585468	-5.64224	0.222814	-29.9561	-0.465967	-212.498	-6.28651	1730.32	-87.2565	-87.8943	4975.89	6.59448e-006	695.35
29.4407	0.522371	1.38132	0.022518	2.88883	1.14028	-19.5755	1.06137	-87.3872	-6.29242	1728.22	-88.7747	-89.4238	4974.67	-0.000145967	695.792
29.4413	0.522371	-5.3369	-0.285228	7.4929	0.524268	-11.0392	1.06137	157.701	-6.28651	1727.14	-90.213	-90.7905	4972.53	-0.000145967	697.163
29.4420	0.228537	-10.2343	-0.893213	8.71162	-0.393201	0.263466	0.155322	289.502	-6.28651	1726.98	-90.2929	-90.937	4971.92	-0.000145967	697.931
29.4427	1.14269	-7.47166	-0.893213	3.20479	-0.0786402	8.50996	1.06137	284.657	-6.29242	1726.81	-90.2929	-90.7905	4972.53	-0.000145967	698.558
29.4433	1.43652	-0.125574	-0.893213	-4.42352	0.825722	12.1721	2.30395	194.328	-6.29242	1728.06	-89.7336	-90.0258	4973.3	0.000159203	700.07
29.4440	0.522371	2.26033	-0.585468	-4.73948	0.825722	20.1025	1.9933	80.177	-6.28651	1728.81	-89.2542	-89.5702	4974.06	0.000159203	700.07
29.4447	1.43652	-2.26033	-0.893213	1.35414	0.825722	29.8771	1.9933	93.6168	-6.28651	1727.62	-90.0532	-90.1722	4973.75	6.59448e-006	699.302
29.4453	2.66083	-9.29249	-0.893213	7.4929	1.14028	35.9631	1.9933	196.751	-6.29242	1727.62	-89.7336	-90.1722	4973.6	0.000159203	700.372
29.4460	1.43652	-15.1317	0.022518	10.8331	0.825722	38.7032	1.68266	188.214	-6.29242	1728.97	-88.535	-89.2611	4973.75	-0.000451137	701.604
29.4467	-0.391778	-17.5804	0.022518	12.0518	-0.0786402	36.2793	-0.155322	65.8144	-6.29242	1728.81	-88.0556	-88.9519	4974.06	-0.000603745	701.302
29.4473	-0.99577	-15.3828	0.022518	11.465	-0.393201	30.7728	-1.68266	-29.3598	-6.29834	1727.46	-89.2542	-90.3349	4973.45	0.000159203	701.442
29.4480	-1.90992	-12.9969	0.938249	10.5171	-0.694655	27.4268	-1.37201	-57.7967	-6.29242	1727.14	-90.0532	-91.0997	4972.69	0.000159203	702.674
29.4487	-2.82407	-13.562	1.54623	11.1491	-0.694655	25.2928	-0.465967	-58.0851	-6.28651	1726.54	-90.7724	-91.3925	4972.08	-0.000298575	703.278
29.4493	-2.82407	-14.1899	0.330264	11.465	-0.694655	22.2365	-0.155322	-46.7795	-6.28651	1725.3	-92.4504	-92.6128	4971.01	0.000159203	703.581
29.4500	-1.59976	-13.562	-0.893213	10.5171	-0.0786402	18.8905	0.776611	-31.8401	-6.29242	1725.9	-91.891	-92.0108	4971.92	0.000769543	703.581
29.4507	1.14269	-11.4272	-0.893213	8.07969	0.524268	14.3062	2.30395	-18.1119	-6.29242	1728.06	-89.0944	-89.5702	4974.06	0.000616981	703.743
29.4513	3.88513	-6.59264	-0.893213	4.10755	0.825722	9.11593	3.52064	-15.0548	-6.29242	1729.41	-87.5762	-88.0408	4974.98	6.59448e-006	703.883
29.4520	4.48913	-1.38132	-1.5012	0.135414	1.14028	6.37588	4.11604	-16.9006	-6.28651	1730.32	-87.0967	-86.9832	4976.2	6.59448e-006	704.348
29.4527	2.66083	1.69525	-1.20096	-2.57286	0.222814	3.92565	3.20999	-3.74928	-6.28651	1730.21	-87.4164	-87.1296	4976.5	0.000769543	705.255
29.4533	0.228537	4.14395	-0.585468	-4.10755	-0.694655	-0.0526932	1.68266	11.1902	-6.28651	1729.57	-88.535	-88.4964	4974.98	0.000922151	706.022
29.4540	-0.99577	5.96477	-0.585468	-5.32628	-0.0786402	-4.92682	1.06137	17.5928	-6.29242	1729.14	-88.9345	-89.4238	4973.91	0.000159203	706.324
29.4547	-0.99577	5.02297	-0.893213	-4.73948	-0.0786402	-8.90516	1.37201	15.8047	-6.29242	1729.14	-88.535	-89.1146	4973.75	-0.000603745	706.185
29.4553	0.228537	3.20214	-0.893213	-1.98607	0.222814	-9.80094	3.20999	-9.22901	-6.29242	1729.3	-88.3752	-88.4964	4974.67	-0.000908915	705.883
29.4560	1.14269	1.69525	-0.893213	0.135414	0.825722	-10.4069	4.11604	-42.5111	-6.29834	1728.65	-88.9345	-88.4964	4975.59	-0.000603745	706.022
29.4567	1.43652	1.06738	-0.893213	0.767345	0.825722	-12.8571	3.52064	-61.4306	-6.29242	1727.89	-89.8934	-89.2611	4974.98	0.000311811	706.789
29.4573	1.14269	2.26033	0.022518	0.767345	0.524268	-13.4631	2.89935	-47.0679	-6.28651	1728.54	-89.7336	-89.2611	4974.52	0.000616981	707.696
29.4580	-0.685612	2.88821	1.54623	0.135414	-0.0786402	-12.8571	1.9933	14.2473	-6.28651	1729.57	-88.6149	-88.3499	4975.28	0.000159203	707.557
29.4587	-2.22008	3.20214	1.24599	-1.08331	0.222814	-13.7793	-0.465967	83.8109	-6.28059	1730.97	-86.857	-86.8205	4976.5	-0.000145967	707.557
29.4593	-1.59976	3.83001	-0.285228	-1.98607	0.524268	-15.5972	-1.96742	117.093	-6.28651	1731.56	-85.4187	-85.7466	4977.57	6.59448e-006	708.463
29.4600	-0.685612	2.26033	-1.20096	-2.57286	-0.0786402	-14.9912	-0.155322	99.731	-6.29242	1730.48	-86.3776	-86.8205	4976.35	-0.000451137	708.928
29.4607	-1.30593	0.125574	-0.285228	-1.98607	-0.996109	-11.935	2.30395	70.0828	-6.29242	1728.65	-88.6149	-88.8055	4973.91	-0.000908915	709.231
29.4613	-1.59976	-0.753445	0.630503	-0.767345	-0.996109	-8.27284	4.42668	51.1633	-6.29242	1727.62	-90.0532	-90.3349	4972.38	-0.000756307	709.696
29.4620	-1.59976	-2.00919	0.330264	0.135414	-0.996109	-6.13876	4.11604	-9.5751	-6.29242	1726.71	-90.7724	-90.7905	4972.08	-0.000298575	710.44
29.4627	-1.90992	-2.57427	-0.585468	1.35414	-0.393201	-6.45492	1.06137	-101.115	-6.29242	1726.71	-90.9322	-90.6441	4972.53	0.000311811	711.068
29.4633	-1.30593	-2.88821	-0.585468	2.30203	-0.694655	-5.53279	-1.06137	-152.971	-6.29242	1727.3	-90.7724	-90.4814	4972.84	0.000311811	711.207
29.4640	-0.391778	-3.20214	-0.285228	2.88883	-0.996109	-4.00469	-2.27806	-161.854	-6.29242	1728.22	-90.4528	-90.4814	4972.84	6.59448e-006	711.672
29.4647	-0.391778	-1.69525	-0.285228	2.57286	-1.31067	-3.08255	-3.49475	-143.223	-6.29242	1728.81	-89.7336	-89.7167	4972.84	-0.000298575	711.672
29.4653	-0.0816205	1.38132	-0.285228	-0.135414	-0.996109	-3.08255	-4.73733	-110.287	-6.28651	1728.38	-88.9345	-88.9519	4973.3	-0.000603745	711.37
29.4660	0.832529	2.26033	-0.285228	-1.08331	-0.694655	-4.00469	-5.95402	-72.39	-6.28651	1728.06	-88.9345	-89.1146	4974.37	-0.000145967	711.672
29.4667	-0.0816205	1.06738	-0.285228	0.451379	-0.694655	-5.24298	-5.95402	-20.5345	-6.29242	1728.22	-89.2542	-89.2611	4974.21	0.000311811	712.579
29.4673	-0.0816205	0.43951	0.330264	3.52076	-0.393201	-6.45492	-4.11604	8.13306	-6.29834	1727.89	-89.5738	-89.8794	4973.45	-0.000145967	713.207
29.4680	0.522371	-2.26033	1.24599	7.4929	-0.0786402	-5.53279	-2.27806	17.5928	-6.29834	1727.46	-90.0532	-90.4814	4972.99	-0.000298575	714.113
29.4687	-0.685612	-6.84379	1.54623	11.7359	-0.0786402	-5.24298	-2.27806	72.5631	-6.29242	1726.06	-91.4116	-91.3925	4971.77	6.59448e-006	714.113
29.4693	-1.30593	-8.97855	0.330264	13.9025	-0.0786402	-8.589	-2.89935	144.549	-6.29242	1724.87	-92.2906	-92.1573	4971.47	-0.000145967	713.509
29.4700	-0.685612	-8.97855	0.022518	13.5865	-0.0786402	-14.0691	-2.5887	193.694	-6.29834	1726.22	-91.5714	-91.2461	4972.53	6.59448e-006	714.253
29.4707	-1.30593	-10.2343	0.938249	15.392	0.222814	-18.6534	-2.89935	220.862	-6.29242	1728.22	-89.0944	-89.4238	4974.21	0.000464373	714.253
29.4713	-1.90992	-14.5038	0.938249	19.9961	0.222814	-21.1036	-1.96742	31.667	-6.29242	1729.14	-87.4164	-88.0408	4975.59	0.000311811	713.811
29.4720	-1.30593	-18.7733	0.330264	24.871	-0.0786402	-21.3935	-0.465967	-369.968	-6.29242	1730.21	-87.2565	-87.5852	4976.04	0.000464373	714.578
29.4727	-0.685612	-18.1455	0.330264	26.0897	0.222814	-21.1036	0.465967	-477.082	-6.29834	1730.81	-87.0967	-87.5852	4976.04	0.000464373	714.881
29.4733	-0.391778	-12.3691	0.330264	19.6801	0.222814	-25.9778	0.465967	-105.384	-6.29242	1729.73	-87.4164	-88.0408	4975.13	6.59448e-006	714.253
29.4740	0.228537	0.43951	0.022518	6.27417	-0.393201	-35.7524	-0.155322	445.184	-6.29242	1729.14	-87.736	-88.2035	4974.82	6.59448e-006	714.881
29.4747	0.228537	18.7733	-0.893213	-9.29841	-0.694655	-45.8168	-0.155322	800.386	-6.29242	1729.41	-87.5762	-88.3499	4974.82	0.000159203	715.485
29.4753	-0.0816205	39.807	-0.893213	-27.9404	-0.393201	-57.7254	-0.155322	629.765	-6.29242	1729.14	-87.736	-88.6591	4974.82	6.59448e-006	715.788
29.4760	-0.685612	58.1408	0.330264	-45.9504	-0.0786402	-73.2963	-1.37201	101.519	-6.29242	1728.97	-87.736	-88.9519	4974.67	6.59448e-006	716.09
29.4767	-0.99577	66.6799	0.330264	-52.36	0.524268	-83.3607	-1.37201	-295.501	-6.29242	1728.54	-88.0556	-88.8055	4974.37	6.59448e-006	716.09
29.4773	-0.391778	66.052	0.022518	-49.8774	0.524268	-81.8326	-1.06137	-575.371	-6.29242	1728.65	-87.8958	-88.8055	4974.52	-0.000145967	716.555
29.4780	0.522371	60.9035	0.630503	-46.2212	0.524268	-77.8542	-1.06137	-749.626	-6.28651	1730.05	-86.3776	-87.7316	4975.59	-0.000451137	715.95
29.4787	0.832529	51.7365	0.330264	-40.4436	0.825722	-79.3824	-1.68266	-419.689	-6.29242	1730.32	-85.8981	-86.8205	4976.65	6.59448e-006	715.02
29.4793	1.14269	37.1072	-1.20096	-29.7459	1.14028	-74.5082	-2.27806	253.221	-6.29242	1730.21	-86.6972	-87.5852	4976.04	0.000159203	716.09
29.4800	2.05684	14.8177	-2.11669	-10.2012	0.825722	-49.4789	-2.89935	681.043	-6.28651	1729.73	-87.2565	-88.6591	4974.67	6.59448e-006	717.159
29.4807	2.66083	-9.29249	-1.80894	8.71162	0.524268	-11.0392	-3.20999	626.765	-6.29242	1728.65	-88.535	-89.8794	4972.99	-0.000145967	717.764
29.4813	0.832529	-20.5942	-1.20096	13.9025	0.825722	23.7646	-2.89935	271.217	-6.29242	1727.62	-89.2542	-90.4814	4971.92	-0.000298575	718.089
29.4820	-0.391778	-21.536	-0.585468	11.1491	0.825722	43.6036	-1.68266	-34.2627	-6.29242	1726.71	-90.0532	-90.937	4971.92	-0.000298575	718.089
29.4827	-0.99577	-22.415	-0.285228	12.0518	0.222814	46.6599	-1.37201	-107.806	-6.29242	1726.81	-89.8934	-90.7905	4972.84	6.59448e-006	718.531
29.4833	-1.59976	-21.222	0.330264	11.465	0.524268	41.7594	-2.5887	-25.0914	-6.28651	1728.06	-88.2154	-89.2611	4974.37	0.000159203	718.833
29.4840	-0.99577	-18.1455	0.630503	8.07969	0.825722	43.6036	-4.11604	10.6134	-6.28651	1728.81	-87.736	-89.1146	4973.91	6.59448e-006	719.136
29.4847	-0.685612	-18.7733	0.938249	8.07969	0.825722	51.534	-4.73733	-130.417	-6.29242	1728.65	-88.535	-90.1722	4972.84	-0.000145967	719.601
29.4853	-0.99577	-19.4012	1.24599	8.07969	0.825722	54.5902	-4.11604	-266.199	-6.29242	1728.38	-88.3752	-90.0258	4973.45	-0.000145967	719.298
29.4860	-0.685612	-17.5804	1.24599	7.76372	1.44174	57.3302	-4.73733	-159.085	-6.28651	1728.65	-87.5762	-89.2611	4974.37	0.000159203	718.996
29.4867	-0.391778	-17.2664	0.938249	8.39565	1.14028	64.0486	-6.23878	33.1668	-6.28059	1728.81	-87.5762	-89.2611	4974.06	0.000159203	719.298
29.4873	0.228537	-18.1455	0.938249	8.07969	-0.0786402	69.8449	-5.64338	60.9691	-6.28059	1727.89	-88.2154	-89.5702	4973.45	6.59448e-006	719.763
29.4880	1.14269	-17.2664	0.330264	6.86097	-0.393201	69.2389	-3.49475	-31.2056	-6.28059	1726.71	-89.0944	-90.6441	4972.69	0.000311811	720.531
29.4887	1.74668	-12.683	0.330264	3.52076	-0.694655	59.1745	-1.96742	-80.3501	-6.28651	1725.9	-90.2929	-91.8644	4971.47	0.000769543	721.135
29.4893	1.43652	-9.60642	0.938249	0.767345	-0.694655	46.6599	-1.06137	-41.2998	-6.28651	1725.47	-91.2518	-92.6128	4970.55	0.000769543	720.67
29.4900	1.14269	-11.1133	0.938249	3.20479	0.222814	37.4912	-0.465967	19.4386	-6.28651	1726.38	-90.213	-91.7017	4971.62	0.000464373	720.205
29.4907	1.14269	-12.3691	0.022518	5.95821	-0.0786402	31.695	-0.155322	15.1702	-6.28059	1728.22	-88.2154	-89.7167	4974.06	0.000311811	720.066
29.4913	0.228537	-11.4272	0.022518	5.95821	-0.694655	26.8209	-0.465967	-138.954	-6.28651	1729.41	-86.857	-88.2035	4975.59	0.000159203	720.531
29.4920	-0.685612	-11.4272	0.330264	6.86097	-0.393201	21.0246	0.776611	-333.052	-6.28059	1730.05	-86.2178	-87.4388	4975.89	-0.000298575	720.368
29.4927	-0.685612	-13.2481	0.330264	8.98245	0.222814	16.4403	1.9933	-343.723	-6.28651	1730.05	-86.058	-87.276	4975.74	6.59448e-006	720.066
29.4933	-0.391778	-15.6968	0.330264	12.0518	-0.0786402	14.9122	0.465967	-213.421	-6.28651	1729.73	-86.6972	-87.7316	4975.28	0.000616981	720.67
29.4940	0.832529	-15.3828	0.022518	13.2706	-0.0786402	14.596	-0.465967	-39.7424	-6.28651	1728.97	-87.736	-88.3499	4974.67	0.000159203	720.833
29.4947	1.43652	-9.29249	-0.285228	8.07969	0.524268	10.3279	-0.465967	220.573	-6.28059	1728.38	-88.3752	-88.8055	4974.37	-0.000298575	720.833
29.4953	2.05684	2.00919	0.022518	-1.98607	0.524268	-1.26464	-0.155322	390.56	-6.28059	1728.65	-88.0556	-89.2611	4974.37	6.59448e-006	721.135
29.4960	2.05684	13.562	0.330264	-10.5171	-0.393201	-13.1733	0.465967	149.164	-6.28059	1728.97	-87.736	-89.2611	4974.37	-0.000145967	721.438
29.4967	0.522371	24.2358	0.022518	-19.9961	-0.393201	-20.7875	2.30395	-318.401	-6.28059	1729.14	-87.0967	-88.9519	4974.37	-0.000451137	721.74
29.4973	0.832529	30.6401	-0.893213	-26.7217	0.524268	-23.5539	6.86007	-495.367	-6.28059	1729.3	-86.6972	-88.0408	4974.82	-0.000603745	721.275
29.4980	2.05684	29.7611	-1.20096	-25.187	0.825722	-22.0258	9.31934	-385.196	-6.28059	1729.73	-86.3776	-86.674	4976.2	-0.000145967	720.205
29.4987	1.74668	23.0429	-0.585468	-18.1454	-0.0786402	-20.7875	8.69805	-197.558	-6.28059	1730.48	-85.7383	-86.3649	4977.42	0.000464373	720.67
29.4993	0.522371	16.0107	0.330264	-11.465	-0.393201	-19.5755	8.10264	75.9086	-6.28059	1731.89	-85.2589	-86.674	4976.96	6.59448e-006	722.042
29.5000	-0.685612	6.27871	0.938249	-2.88883	-0.0786402	-12.5673	7.48136	344.127	-6.28059	1731.56	-85.7383	-86.8205	4975.59	-0.000908915	722.042
29.5007	-1.30593	-7.15773	0.630503	8.39565	-0.0786402	-0.342506	5.64338	463.469	-6.28651	1728.81	-87.4164	-88.2035	4974.82	-0.000603745	721.275
29.5013	-0.99577	-15.3828	0.630503	14.4893	0.222814	8.79977	4.42668	419.228	-6.28651	1726.81	-89.414	-89.8794	4973.75	0.000159203	720.973
29.5020	-0.391778	-15.6968	0.938249	13.9025	-0.0786402	10.0381	4.73733	310.902	-6.28651	1725.9	-90.6126	-91.0997	4972.38	0.000311811	720.973
29.5027	-0.391778	-15.1317	0.630503	12.6838	-0.393201	11.856	4.42668	179.966	-6.28651	1726.54	-90.4528	-91.2461	4971.92	-0.000145967	721.903
29.5033	-0.391778	-12.9969	0.022518	10.2012	-0.694655	20.1025	4.42668	29.5328	-6.28059	1728.54	-88.9345	-90.1722	4972.99	0.000311811	722.647
29.5040	-0.391778	-7.7856	0.330264	5.05545	-0.694655	23.7646	4.73733	-64.4877	-6.28059	1728.65	-88.0556	-89.2611	4974.37	0.000311811	721.577
29.5047	-0.685612	-5.02297	0.938249	1.6701	-0.0786402	21.3144	4.42668	-79.7156	-6.28651	1728.06	-88.6149	-89.2611	4974.06	-0.000451137	720.205
29.5053	-1.30593	-5.65084	0.938249	3.20479	-0.393201	19.7863	4.11604	-67.5448	-6.28059	1728.38	-89.0944	-89.5702	4972.84	-0.000756307	720.531
29.5060	-1.30593	-5.65084	0.630503	5.05545	-0.694655	16.1241	4.42668	-57.1622	-6.28059	1728.38	-88.535	-89.5702	4973.3	-0.000451137	720.205
29.5067	-0.99577	-5.02297	0.330264	6.27417	-0.0786402	8.79977	4.11604	-61.1422	-6.28059	1728.06	-88.3752	-89.7167	4974.21	-0.000145967	719.763
29.5073	-0.0816205	-4.70903	-0.585468	7.4929	0.222814	2.08138	2.89935	-66.3335	-6.28651	1727.62	-89.0944	-90.1722	4973.3	-0.000145967	720.67
29.5080	1.43652	-3.20214	-0.893213	7.17693	0.222814	-3.39871	1.9933	-62.9303	-6.28059	1726.38	-90.0532	-90.7905	4972.69	0.000159203	720.973
29.5087	1.43652	-1.69525	-0.285228	5.05545	0.222814	-7.98302	1.68266	-73.659	-6.28059	1725.47	-91.092	-91.8644	4971.62	0.000159203	720.368
29.5093	0.832529	-2.26033	0.022518	4.10755	0.222814	-6.13876	1.9933	-77.5814	-6.28651	1725.3	-91.5714	-92.6128	4970.25	0.000159203	719.903
29.5100	-0.0816205	-1.38132	0.330264	3.52076	0.222814	-0.658665	2.30395	-60.2193	-6.28059	1725.79	-91.5714	-92.32	4971.16	0.000616981	719.601
29.5107	-0.685612	0.753445	0.630503	1.35414	0.524268	-0.0526932	2.5887	-24.803	-6.28059	1727.73	-89.5738	-90.4814	4972.99	0.000159203	719.461
29.5113	-0.685612	2.00919	0.938249	-0.135414	0.222814	-2.79274	3.20999	5.71045	-6.28059	1729.41	-87.4164	-88.2035	4974.82	-0.000145967	718.833
29.5120	-0.99577	3.20214	0.630503	-0.451379	-0.0786402	-2.79274	2.30395	-14.1319	-6.28059	1729.73	-87.0967	-87.276	4976.04	0.000616981	718.229
29.5127	-0.99577	2.57427	0.630503	-0.767345	0.524268	-0.0526932	0.155322	-36.3969	-6.27467	1729.89	-87.0967	-87.7316	4975.74	0.000311811	718.694
29.5133	-0.685612	0.125574	0.630503	-0.767345	0.222814	1.47541	-0.750724	-31.494	-6.28059	1729.41	-87.2565	-88.2035	4975.13	-0.000298575	718.531
29.5140	-0.391778	-2.57427	0.630503	0.451379	-0.996109	2.39754	0.155322	-18.1119	-6.28651	1728.97	-87.736	-88.4964	4974.98	6.59448e-006	718.229
29.5147	-0.0816205	-5.3369	0.330264	2.57286	-0.996109	1.47541	0.776611	12.4015	-6.28651	1728.65	-88.2154	-88.6591	4974.82	6.59448e-006	718.229
29.5153	0.228537	-7.7856	0.022518	5.32628	-0.0786402	-0.0526932	0.155322	6.34494	-6.28059	1728.81	-88.7747	-89.2611	4973.91	-0.000145967	718.229
29.5160	0.228537	-10.5482	-0.585468	8.71162	0.222814	-0.0526932	-1.37201	-47.7024	-6.28651	1729.3	-88.3752	-89.2611	4973.6	-0.000451137	718.229
29.5167	-0.391778	-12.9969	-0.585468	12.3678	-0.0786402	-1.5808	-3.20999	-101.115	-6.28059	1728.81	-88.0556	-88.9519	4974.06	-0.000603745	717.322
29.5173	-0.391778	-15.6968	0.022518	17.5587	-0.393201	-4.32085	-3.20999	-142.588	-6.28059	1728.81	-87.8958	-87.8943	4975.43	-0.000603745	716.555
29.5180	-0.0816205	-19.9663	0.022518	23.6523	-0.0786402	-4.92682	-1.37201	-133.475	-6.28651	1730.32	-86.3776	-86.3649	4977.57	-0.000451137	716.09
29.5187	0.522371	-21.8499	-0.285228	25.7738	0.222814	-6.13876	-0.465967	-22.0343	-6.28651	1731.24	-85.4187	-85.9093	4978.49	0.000311811	715.788
29.5193	0.832529	-17.8315	-0.285228	21.2148	-0.0786402	-10.4069	-1.37201	154.932	-6.28059	1730.81	-86.2178	-86.674	4977.26	0.000616981	715.95
29.5200	0.228537	-11.7412	-0.285228	15.392	0.222814	-15.5972	-2.27806	305.365	-6.28059	1729.57	-87.5762	-88.4964	4974.98	0.000159203	716.392
29.5207	0.522371	-6.27871	-0.585468	10.2012	0.222814	-20.7875	-1.96742	313.325	-6.28059	1728.22	-89.2542	-90.1722	4972.84	6.59448e-006	716.857
29.5213	0.832529	5.3369	-0.585468	-1.98607	-0.393201	-30.8782	-1.37201	131.456	-6.28059	1727.46	-90.2929	-90.937	4971.92	0.000159203	717.02
29.5220	0.832529	27.9402	-0.893213	-23.9682	-0.393201	-46.1329	-1.06137	-180.773	-6.28651	1727.14	-90.9322	-91.7017	4971.31	6.59448e-006	716.555
29.5227	1.14269	51.4226	-0.893213	-43.7838	0.825722	-60.1493	-1.06137	-342.512	-6.28651	1727.14	-90.7724	-91.3925	4971.62	-0.000451137	715.95
29.5233	1.14269	60.2756	0.022518	-49.2906	0.825722	-67.7898	-1.06137	-119.112	-6.28651	1727.62	-89.414	-89.7167	4973.14	-0.000451137	715.323
29.5240	-0.685612	54.4992	0.330264	-43.197	-0.0786402	-69.0018	-1.37201	23.707	-6.28651	1727.62	-89.0944	-89.4238	4973.45	0.000311811	715.02
29.5247	-1.90992	42.2557	0.630503	-31.5966	-0.0786402	-67.1839	-1.37201	-49.2022	-6.28651	1727.73	-88.9345	-89.7167	4973.45	6.59448e-006	715.183
29.5253	-0.99577	30.075	1.54623	-20.3121	-0.0786402	-63.5217	-1.06137	209.268	-6.28059	1728.38	-88.6149	-89.4238	4974.06	-0.000298575	714.881
29.5260	0.228537	19.6524	1.24599	-14.1733	-0.0786402	-54.0633	-0.750724	567.815	-6.28651	1728.38	-88.9345	-89.4238	4974.06	6.59448e-006	714.416
29.5267	0.522371	14.5038	0.330264	-14.8052	0.222814	-41.2325	-1.68266	490.637	-6.28059	1728.06	-88.7747	-89.7167	4973.6	6.59448e-006	714.113
29.5273	0.522371	15.1317	0.330264	-19.0933	0.524268	-31.4842	-1.37201	154.932	-6.28059	1727.62	-89.414	-90.3349	4972.84	-0.000298575	714.113
29.5280	0.228537	12.3691	0.022518	-18.7774	0.222814	-18.0474	-1.06137	-54.1051	-6.28651	1726.71	-90.6126	-91.0997	4971.77	6.59448e-006	714.881
29.5287	-0.685612	2.26033	0.022518	-11.1491	0.222814	3.31967	-0.465967	-54.1051	-6.28651	1726.06	-91.092	-92.0108	4971.31	0.000311811	715.183
29.5293	-1.30593	-6.84379	0.330264	-2.30203	0.222814	26.2149	1.06137	-27.5717	-6.28651	1725.79	-91.092	-92.4664	4971.16	6.59448e-006	714.113
29.5300	-0.685612	-12.9969	0.022518	4.42352	0.524268	43.6036	1.68266	-78.8503	-6.28651	1726.06	-90.7724	-91.0997	4972.69	0.000159203	713.207
29.5307	-0.0816205	-17.5804	-0.285228	8.39565	0.524268	53.0621	1.68266	-105.672	-6.28651	1727.62	-88.7747	-89.1146	4975.28	0.000616981	712.137
29.5313	0.228537	-19.9663	0.330264	10.2012	0.524268	54.88	1.9933	-59.008	-6.29242	1729.41	-87.0967	-88.2035	4975.74	0.000464373	711.672
29.5320	0.522371	-20.5942	0.630503	10.5171	0.222814	53.3519	1.06137	-7.0948	-6.28651	1730.65	-86.3776	-87.7316	4975.74	0.000159203	711.974
29.5327	0.228537	-18.7733	0.630503	8.39565	0.222814	51.534	-0.155322	-10.7864	-6.28651	1730.32	-86.3776	-87.4388	4976.04	-0.000145967	711.509
29.5333	0.228537	-15.6968	0.330264	6.545	0.222814	49.6897	-0.750724	-56.8738	-6.28651	1728.97	-87.4164	-88.2035	4975.43	-0.000451137	710.3
29.5340	0.522371	-13.562	0.330264	5.64224	0.524268	46.9497	-0.465967	-96.8469	-6.29242	1727.89	-88.535	-88.9519	4974.82	0.000464373	709.998
29.5347	-0.0816205	-12.3691	0.630503	4.42352	0.825722	44.5258	-0.155322	-101.692	-6.28651	1727.89	-88.7747	-89.5702	4974.21	0.00122732	710.44
29.5353	-0.391778	-11.4272	0.938249	4.10755	0.524268	42.3654	-0.465967	-62.9303	-6.28651	1727.73	-88.7747	-89.7167	4974.06	0.000616981	710.137
29.5360	-0.0816205	-10.2343	0.022518	3.83672	0.222814	37.8074	-0.465967	-20.5345	-6.28651	1727.89	-88.7747	-89.2611	4974.37	0.000159203	709.231
29.5367	-0.0816205	-8.7274	-1.20096	3.52076	-0.0786402	29.8771	-0.155322	-6.51799	-6.28651	1728.06	-88.535	-88.9519	4974.37	6.59448e-006	708.928
29.5373	-0.0816205	-7.47166	-1.5012	2.30203	0.524268	23.1587	-0.155322	4.78755	-6.28651	1728.81	-87.5762	-88.3499	4974.98	0.000311811	708.928
29.5380	1.14269	-6.84379	-1.20096	0.451379	0.825722	18.8905	-0.155322	14.5357	-6.28651	1730.81	-86.2178	-87.4388	4976.04	6.59448e-006	708.928
29.5387	2.97098	-6.27871	-0.893213	0.451379	0.524268	14.9122	-0.465967	9.97887	-6.28651	1732.32	-84.5398	-86.0557	4976.81	-0.000603745	707.998
29.5393	3.57498	-6.84379	-0.893213	2.57286	0.222814	11.856	0.155322	4.49914	-6.28651	1731.4	-84.5398	-85.7466	4977.11	-0.000451137	707.092
29.5400	3.28114	-6.59264	-0.285228	4.73948	-0.0786402	10.9338	1.37201	-1.90348	-6.28651	1729.73	-86.6972	-87.8943	4975.43	6.59448e-006	707.859
29.5407	1.43652	-5.3369	0.022518	4.10755	-0.0786402	9.40574	1.06137	-12.2861	-6.28651	1728.81	-88.3752	-89.7167	4973.45	-0.000298575	708.463
29.5413	-0.391778	-3.51608	0.022518	2.57286	0.222814	7.90399	0.776611	-20.5345	-6.28651	1727.73	-88.9345	-90.1722	4972.84	-0.000298575	707.696
29.5420	-0.99577	-2.57427	-0.585468	1.08331	0.222814	6.05972	0.155322	-28.1485	-6.28059	1726.98	-89.414	-90.7905	4972.53	6.59448e-006	707.254
29.5427	-0.391778	-2.00919	-0.585468	-0.451379	0.222814	4.53162	-0.750724	-33.9743	-6.28059	1727.14	-89.414	-90.6441	4972.99	0.000464373	706.929
29.5433	1.14269	-1.69525	0.330264	0.451379	0.825722	3.00351	0.465967	-41.5882	-6.28651	1727.73	-89.0944	-90.3349	4972.99	6.59448e-006	706.627
29.5440	1.14269	-2.57427	1.24599	2.30203	1.14028	1.1856	1.68266	-42.5111	-6.28651	1728.22	-88.535	-90.1722	4973.3	-0.000451137	705.557
29.5447	-0.99577	-3.51608	1.54623	5.05545	0.524268	-2.18677	2.5887	-44.0108	-6.28651	1727.46	-88.6149	-89.8794	4974.37	0.000159203	704.348
29.5453	-1.90992	-3.83001	1.24599	8.71162	0.222814	-5.24298	3.52064	-56.8738	-6.28651	1727.14	-88.7747	-89.7167	4974.21	0.000616981	704.185
29.5460	-2.53023	-1.38132	0.938249	8.39565	0.222814	-6.74473	4.11604	-0.980582	-6.28059	1728.06	-88.7747	-89.7167	4973.75	0.000311811	704.348
29.5467	-2.82407	2.26033	0.630503	4.73948	-0.0786402	-7.98302	5.33273	121.996	-6.28059	1728.38	-88.7747	-89.5702	4973.75	-0.000145967	704.348
29.5473	-1.90992	3.20214	0.022518	2.88883	-0.393201	-8.90516	7.17071	165.026	-6.28059	1727.73	-88.7747	-89.8794	4972.84	-0.000145967	704.046
29.5480	-0.0816205	4.39509	0.022518	0.767345	-0.0786402	-10.7231	6.86007	72.217	-6.28651	1726.06	-90.213	-91.3925	4971.47	6.59448e-006	703.581
29.5487	0.228537	9.29249	0.022518	-5.95821	0.222814	-14.0691	5.33273	-80.3501	-6.28059	1725.3	-91.2518	-92.7755	4970.86	-0.000298575	703.116
29.5493	-0.391778	13.8759	-0.893213	-12.3678	0.222814	-18.9696	4.73733	-172.236	-6.27467	1725.47	-91.092	-92.1573	4971.47	6.59448e-006	702.674
29.5500	0.228537	12.3691	-0.893213	-10.8331	0.524268	-22.6317	4.73733	-232.34	-6.28059	1726.71	-90.0532	-91.0997	4972.38	0.000616981	702.511
29.5507	0.832529	8.09953	-0.285228	-5.95821	0.524268	-22.6317	5.33273	-360.22	-6.28059	1728.38	-88.0556	-89.7167	4973.75	0.000159203	701.139
29.5513	0.522371	8.09953	0.022518	-4.42352	0.222814	-25.3718	5.04797	-370.545	-6.28059	1729.3	-86.9369	-88.4964	4975.43	0.000464373	699.93
29.5520	0.228537	11.1133	0.330264	-7.17693	0.222814	-33.3021	3.52064	-99.904	-6.28059	1730.05	-86.5374	-87.7316	4975.89	0.000464373	699.93
29.5527	-0.0816205	13.2481	0.330264	-8.39565	0.524268	-38.8086	3.83128	217.805	-6.28059	1730.21	-86.3776	-87.5852	4975.43	6.59448e-006	699.465
29.5533	-0.99577	11.4272	0.022518	-5.95821	0.524268	-35.7524	4.42668	319.439	-6.28059	1729.3	-86.857	-88.2035	4974.82	6.59448e-006	698.861
29.5540	-0.99577	6.27871	0.330264	-3.52076	0.524268	-27.822	2.89935	251.375	-6.28059	1728.81	-87.4164	-88.8055	4974.37	-0.000145967	698.396
29.5547	-0.391778	2.57427	-0.585468	-1.6701	1.14028	-20.7875	4.11604	156.143	-6.28059	1728.65	-87.2565	-88.9519	4974.52	0.000159203	697.791
29.5553	0.522371	-1.38132	-1.20096	3.20479	0.825722	-11.6452	7.792	93.9052	-6.27467	1729.14	-86.3776	-88.4964	4974.67	0.000464373	698.233
29.5560	0.832529	-6.59264	-0.893213	9.29841	0.825722	2.39754	9.91474	87.5025	-6.27467	1729.57	-86.3776	-88.0408	4974.67	-0.000145967	698.233
29.5567	0.832529	-8.97855	0.330264	11.1491	1.14028	13.3841	9.00869	100.942	-6.27467	1729.3	-87.0967	-88.6591	4974.06	-0.000756307	697.024
29.5573	0.832529	-6.84379	0.330264	8.07969	0.825722	12.7781	5.04797	74.9857	-6.27467	1729.57	-86.857	-88.9519	4974.37	-0.000298575	695.954
29.5580	1.14269	-3.83001	-0.893213	4.73948	-0.0786402	4.24181	-5.33273	46.3181	-6.27467	1729.89	-85.8981	-87.7316	4976.04	0.000616981	694.722
29.5587	1.43652	-1.69525	-1.5012	1.98607	-0.393201	-0.0526932	-19.0788	60.3346	-6.27467	1730.32	-85.179	-87.1296	4976.81	0.000311811	693.815
29.5593	1.43652	1.38132	-1.80894	-2.30203	-0.393201	3.92565	-22.7288	90.2136	-6.27467	1730.81	-85.2589	-87.5852	4975.89	0.000159203	693.815
29.5600	1.74668	5.65084	-1.80894	-8.39565	0.222814	6.98185	-18.1468	80.4654	-6.27467	1729.57	-86.5374	-88.2035	4974.82	0.000311811	693.35
29.5607	2.66083	8.09953	-1.20096	-10.8331	0.524268	7.27167	-14.1861	42.6265	-6.27467	1727.89	-87.4164	-89.2611	4973.45	-0.000451137	692.746
29.5613	2.36699	5.96477	-0.285228	-7.4929	-0.0786402	10.9338	-10.8208	63.6802	-6.26777	1727.3	-88.3752	-91.2461	4971.62	-0.000756307	693.211
29.5620	0.522371	2.00919	0.022518	-3.83672	-0.393201	15.5182	-8.69805	107.345	-6.26777	1727.14	-89.0944	-92.0108	4970.86	-0.000603745	692.746
29.5627	-0.685612	0.43951	-0.285228	-2.30203	-0.393201	15.8343	-6.86007	85.0799	-6.26777	1726.81	-88.7747	-91.2461	4972.23	-0.000451137	691.536
29.5633	-1.30593	-0.125574	0.022518	-0.451379	-0.393201	12.4619	-5.02209	-13.209	-6.26185	1727.73	-87.5762	-90.0258	4973.75	0.000464373	691.839
29.5640	-1.90992	-2.57427	0.330264	2.57286	-1.61212	9.7219	-5.33273	-101.692	-6.26185	1728.54	-86.6972	-89.2611	4973.91	0.000311811	691.234
29.5647	-1.59976	-5.65084	0.022518	4.42352	-2.83105	10.0381	-5.64338	-84.3301	-6.26185	1727.89	-86.6972	-88.9519	4974.21	-0.000451137	689.537
29.5653	-1.30593	-6.84379	0.022518	3.83672	-1.91358	11.5662	-2.89935	-27.8601	-6.26185	1727.73	-86.5374	-89.1146	4974.52	6.59448e-006	689.235
29.5660	-0.685612	-5.96477	0.022518	2.57286	-1.61212	11.25	-0.465967	5.42204	-6.26185	1728.38	-85.8981	-89.4238	4973.91	6.59448e-006	689.095
29.5667	0.228537	-4.39509	-0.285228	2.30203	-1.61212	8.79977	0.155322	1.15363	-6.25594	1728.54	-85.7383	-89.1146	4973.45	-0.000145967	688.63
29.5673	0.522371	-2.88821	-0.285228	2.30203	-0.694655	7.27167	-0.155322	-54.3935	-6.25002	1727.62	-86.6972	-90.4814	4972.53	-0.000298575	688.328
29.5680	-0.0816205	-2.57427	0.022518	2.30203	0.222814	5.74356	-0.750724	-76.0816	-6.25594	1726.38	-87.4164	-91.8644	4971.31	-0.000298575	688.026
29.5687	0.228537	-3.20214	-0.285228	3.20479	0.222814	3.31967	-1.68266	-67.5448	-6.25594	1725.47	-88.0556	-92.1573	4970.86	-0.000298575	687.398
29.5693	-0.0816205	-2.88821	-0.285228	4.10755	-0.393201	-0.0526932	-2.89935	-92.8669	-6.25002	1725.14	-88.535	-92.32	4970.55	0.000159203	686.654
29.5700	-0.0816205	-1.69525	0.330264	3.20479	-0.694655	-5.24298	-3.8054	-97.4237	-6.25002	1726.54	-86.9369	-91.5552	4971.62	0.000616981	685.886
29.5707	0.522371	-2.00919	0.330264	2.88883	-0.694655	-6.13876	-4.42668	-89.8098	-6.25594	1728.54	-84.6996	-89.5702	4973.91	0.000159203	684.352
29.5713	0.228537	-4.14395	0.022518	5.05545	-0.393201	-3.71487	-5.64338	-158.451	-6.25002	1729.41	-83.1814	-88.2035	4975.59	6.59448e-006	683.282
29.5720	-0.99577	-3.83001	0.022518	5.32628	-0.393201	-4.61066	-5.33273	-204.25	-6.2441	1730.05	-82.3823	-87.5852	4976.2	0.000159203	683.143
29.5727	-0.685612	0.43951	0.938249	2.30203	-0.393201	-7.37705	-3.8054	-95.6356	-6.2372	1730.21	-82.3823	-87.5852	4976.04	6.59448e-006	682.841
29.5733	-0.0816205	2.88821	0.938249	0.451379	-0.0786402	-8.90516	-2.5887	37.1468	-6.2441	1729.73	-82.5421	-88.2035	4974.67	-0.000145967	681.911
29.5740	-0.685612	0.125574	0.630503	2.88883	-0.0786402	-9.19497	-1.37201	57.912	-6.2372	1729.3	-81.823	-88.4964	4960.02	0.000159203	681.306
29.5747	-0.99577	-2.88821	0.630503	4.42352	-0.0786402	-10.1171	-0.155322	35.5894	-6.2441	1728.81	-81.0239	-88.8055	4999.85	6.59448e-006	680.701
29.5753	-0.391778	-1.38132	0.330264	3.20479	0.222814	-14.3853	-0.750724	29.5328	-6.2441	1728.54	-80.2249	-88.9519	4948.12	-0.000145967	679.934
29.5760	0.228537	2.88821	-0.285228	3.83672	0.222814	-18.0474	-1.96742	22.4957	-6.2372	1728.81	-78.467	-89.1146	4869.54	-0.000145967	679.771
29.5767	0.832529	6.84379	-0.585468	5.32628	0.222814	-18.6534	-1.68266	-18.6887	-6.23128	1728.97	-76.4693	-89.2611	4999.85	6.59448e-006	679.167
29.5773	0.522371	7.7856	-0.585468	3.52076	-0.0786402	-18.3636	-0.155322	-72.1016	-6.23128	1729.41	-73.8325	-88.2035	3943.18	-0.000145967	678.097
29.5780	-1.30593	6.27871	0.022518	-0.451379	-0.0786402	-18.0474	0.465967	-70.6019	-6.2372	1730.97	-70.1568	-86.5113	553.589	-0.000603745	676.888
29.5787	-1.90992	3.83001	0.630503	-2.88883	-0.393201	-17.1253	-0.155322	-51.3364	-6.23128	1731.89	-67.2802	-85.4537	-427.704	-0.000298575	676.26
29.5793	-1.30593	0.125574	0.630503	-1.35414	-0.0786402	-13.7793	-1.37201	13.3244	-6.21945	1731.56	-65.4424	-84.9982	51.5747	6.59448e-006	675.656
29.5800	-0.685612	-3.51608	0.022518	2.30203	0.222814	-10.4069	-1.68266	149.741	-6.21945	1729.73	-65.6022	-85.9093	-87.4329	6.59448e-006	675.191
29.5807	-0.0816205	-3.20214	-0.893213	1.08331	0.825722	-10.4069	-1.37201	222.996	-6.21945	1727.46	-66.641	-87.7316	-115.356	0.000311811	674.749
29.5813	0.522371	2.88821	-1.20096	-5.32628	0.524268	-12.2512	-0.750724	233.667	-6.21945	1726.22	-66.0816	-88.3499	-74.1577	-0.000145967	673.517
29.5820	-0.0816205	8.41347	-0.893213	-9.93034	0.524268	-14.0691	-0.465967	248.953	-6.21353	1725.9	-64.7233	-87.7316	-89.2639	-0.000451137	672.447
29.5827	-0.685612	11.4272	-1.20096	-11.7359	0.825722	-17.7313	0.155322	215.959	-6.20762	1726.71	-63.6046	-87.4388	-88.6536	0.000311811	672.447
29.5833	-0.391778	13.562	-0.893213	-11.1491	1.14028	-20.7875	1.06137	150.664	-6.20762	1727.73	-62.0864	-86.674	-88.1958	6.59448e-006	672.447
29.5840	-0.0816205	12.683	-0.285228	-8.71162	0.222814	-16.2295	1.68266	71.0057	-6.20762	1727.46	-60.4084	-86.0557	-87.8906	-0.000756307	670.773
29.5847	0.228537	11.4272	-0.585468	-9.93034	0.524268	-8.589	1.9933	-108.729	-6.20072	1726.71	-59.6892	-86.3649	-87.8906	-0.000298575	668.936
29.5853	0.228537	12.3691	-0.893213	-12.3678	1.44174	-4.92682	3.20999	-329.995	-6.1948	1726.81	-59.05	-86.674	-87.738	0.000311811	668.192
29.5860	0.832529	10.5482	-0.893213	-11.465	1.44174	-0.948478	5.04797	-380.639	-6.1948	1727.89	-57.5318	-86.2185	-86.9751	0.000311811	668.332
29.5867	1.74668	5.02297	-0.285228	-6.86097	1.44174	6.37588	6.86007	-247.28	-6.1948	1728.38	-56.3332	-86.674	-87.1277	6.59448e-006	668.192
29.5873	1.14269	0.43951	0.022518	-3.20479	1.44174	12.7781	7.792	-99.5579	-6.1948	1726.71	-56.8925	-87.7316	-88.6536	-0.000451137	666.96
29.5880	0.522371	-1.38132	0.022518	-2.88883	1.14028	17.9684	6.57531	-10.1519	-6.18888	1725.3	-57.8514	-88.6591	-90.1794	6.59448e-006	666.658
29.5887	1.74668	-3.20214	-0.285228	-1.6701	1.14028	22.8425	6.26466	1.73044	-6.18888	1725.14	-57.8514	-89.8794	-90.6372	-0.000145967	666.658
29.5893	1.43652	-5.02297	0.330264	1.35414	1.14028	26.2149	6.57531	-71.5248	-6.18888	1725.63	-57.2122	-89.8794	-90.0269	6.59448e-006	665.588
29.5900	-0.0816205	-5.96477	0.330264	3.52076	0.825722	29.5609	2.89935	-122.457	-6.18888	1727.14	-55.5342	-88.2035	-88.6536	6.59448e-006	664.379
29.5907	-0.685612	-6.59264	-0.285228	4.10755	0.524268	31.3788	-2.89935	-89.1753	-6.18296	1728.97	-53.5365	-85.9093	-86.8225	-0.000298575	663.449
29.5913	-1.30593	-7.47166	-0.585468	3.20479	0.524268	30.7728	-3.49475	-52.2593	-6.18296	1730.48	-52.3379	-84.3799	-85.2966	6.59448e-006	662.542
29.5920	-0.99577	-7.47166	-0.893213	1.35414	0.825722	29.2447	-1.68266	-44.0108	-6.18296	1730.81	-52.8174	-84.689	-85.6018	-0.000145967	661.612
29.5927	-0.99577	-6.59264	-0.285228	1.35414	0.825722	26.5047	-3.20999	-16.2661	-6.17705	1730.21	-54.016	-85.7466	-86.8225	-0.000451137	661.008
29.5933	-0.99577	-6.27871	0.938249	2.88883	0.524268	24.9766	-5.95402	45.3952	-6.17705	1729.41	-54.1758	-85.6002	-86.8225	-0.000145967	660.24
29.5940	-0.391778	-6.27871	0.938249	3.20479	-0.0786402	25.2928	-8.69805	84.4454	-6.17705	1728.97	-54.1758	-84.9982	-86.9751	6.59448e-006	659.171
29.5947	-1.30593	-6.27871	0.330264	4.10755	-0.0786402	24.0545	-10.2254	70.0828	-6.17015	1729.14	-53.8561	-84.689	-86.9751	0.000159203	658.427
29.5953	-1.59976	-5.96477	0.330264	5.64224	0.524268	21.9204	-10.8208	45.972	-6.17015	1728.81	-54.016	-84.3799	-86.8225	6.59448e-006	657.66
29.5960	-0.685612	-5.65084	0.022518	6.27417	0.825722	18.8905	-9.60409	34.3781	-6.17015	1728.54	-54.3356	-84.2334	-87.4329	-0.000298575	656.892
29.5967	-0.685612	-6.27871	-0.585468	5.64224	0.825722	16.7301	-6.54942	22.4957	-6.17015	1728.65	-53.3767	-83.1596	-87.4329	-0.000451137	656.125
29.5973	-0.0816205	-6.59264	-1.20096	3.83672	1.14028	14.9122	-4.11604	8.13306	-6.16423	1729.41	-52.3379	-81.1745	-86.0596	-0.000145967	654.916
29.5980	1.43652	-5.65084	-1.20096	2.30203	1.44174	10.9338	-3.20999	-4.38378	-6.16423	1730.65	-51.459	-79.6451	-84.8389	6.59448e-006	653.846
29.5987	2.05684	-4.14395	-0.585468	2.88883	1.74319	7.58783	-1.37201	-9.22901	-6.16423	1731.73	-49.6212	-77.8228	-83.9233	-0.000298575	653.219
29.5993	0.522371	-1.69525	0.630503	4.10755	1.74319	5.45375	2.89935	-6.51799	-6.15831	1731.13	-49.4614	-77.6601	-84.3811	-0.000451137	652.312
29.6000	-0.99577	0.43951	0.630503	4.10755	1.14028	3.31967	8.3874	-3.11479	-6.1524	1729.41	-51.459	-79.1895	-86.2122	-0.000145967	651.707
29.6007	-0.685612	0.753445	0.630503	4.10755	0.524268	0.869438	13.5907	-1.32667	-6.14648	1728.38	-52.1781	-79.9542	-87.8906	-0.000298575	651.544
29.6013	-0.0816205	0.125574	0.630503	4.10755	0.222814	-0.948478	14.1861	3.57624	-6.14648	1727.3	-51.8585	-80.1007	-88.9587	-0.00106152	650.335
29.6020	-0.0816205	0.753445	0.630503	2.57286	0.222814	-1.5808	12.6588	10.2673	-6.14648	1726.06	-52.4978	-80.1007	-89.5691	-0.00106152	648.661
29.6027	-0.391778	2.57427	0.938249	2.30203	0.222814	-1.5808	13.5907	16.0931	-6.13958	1726.54	-51.6987	-78.7339	-89.4165	-0.000756307	647.894
29.6033	-0.391778	4.14395	0.330264	5.32628	-0.0786402	-2.18677	16.0241	19.1502	-6.14648	1728.06	-49.6212	-76.9116	-88.501	-0.000756307	647.266
29.6040	-0.0816205	4.14395	-0.585468	12.9546	-0.996109	-2.79274	18.4575	19.4386	-6.13958	1728.06	-48.3427	-76.1469	-87.738	-0.000756307	646.22
29.6047	0.522371	2.88821	-1.5012	20.5829	-1.31067	-2.79274	16.6454	15.8047	-6.13366	1727.62	-47.4637	-75.5286	-87.738	-0.000145967	645.755
29.6053	1.14269	2.26033	-1.5012	23.9682	-0.996109	-2.79274	9.91474	11.4786	-6.13366	1727.73	-46.6647	-74.7639	-87.8906	0.000159203	645.15
29.6060	1.43652	2.57427	-0.893213	24.871	-1.31067	-2.79274	4.42668	9.05597	-6.13366	1728.06	-46.425	-73.9992	-87.8906	0.000159203	643.918
29.6067	2.05684	0.125574	-1.20096	25.7738	-1.31067	-2.47658	1.37201	7.55625	-6.12774	1728.22	-45.3063	-73.2344	-87.8906	6.59448e-006	643.011
29.6073	2.66083	-2.00919	-1.20096	25.187	-1.61212	-2.18677	-1.96742	8.13306	-6.12183	1726.98	-45.3063	-73.3971	-88.8062	-0.000145967	642.546
29.6080	2.05684	-0.43951	-0.285228	24.2842	-1.91358	-1.87061	-4.11604	10.2673	-6.12183	1725.9	-45.4661	-73.5436	-89.8743	-0.000451137	642.081
29.6087	1.43652	0.753445	-0.285228	24.2842	-1.91358	-0.658665	-2.5887	13.036	-6.12183	1725.3	-44.7469	-72.7789	-90.0269	-0.000298575	640.872
29.6093	0.832529	-0.43951	-1.20096	26.9925	-1.91358	-0.0526932	1.9933	14.8818	-6.10901	1724.98	-44.2675	-72.1768	-90.0269	6.59448e-006	639.035
29.6100	-0.0816205	-1.69525	-1.5012	24.871	-2.52959	-0.658665	7.48136	13.9589	-6.10901	1726.71	-42.5895	-70.501	-89.4165	0.000159203	638.57
29.6107	0.832529	-1.38132	-1.20096	6.27417	-1.91358	-0.948478	9.91474	12.4015	-6.10901	1728.65	-39.3933	-67.5885	-87.5854	-0.000145967	637.361
29.6113	2.66083	-0.43951	-0.893213	-19.0933	-1.31067	-0.658665	8.69805	12.7476	-6.10309	1728.97	-37.2359	-65.6197	-85.907	6.59448e-006	635.524
29.6120	2.66083	1.38132	0.330264	-33.718	-1.31067	-1.26464	6.57531	14.5357	-6.09717	1729.14	-36.0373	-64.6923	-85.6018	0.000464373	635.222
29.6127	1.74668	3.20214	0.330264	-37.6902	-1.61212	-3.39871	4.42668	15.1702	-6.09126	1728.54	-35.2382	-63.9276	-86.0596	0.000464373	633.85
29.6133	1.74668	4.70903	-0.285228	-31.9125	-1.91358	-4.92682	3.83128	13.3244	-6.09126	1727.73	-34.599	-63.6347	-86.8225	0.000464373	632.618
29.6140	2.05684	6.27871	-0.585468	-19.6801	-1.91358	-7.37705	5.04797	7.55625	-6.09126	1727.46	-33.5602	-63.3256	-86.9751	0.000464373	632.013
29.6147	1.74668	5.3369	-0.585468	-10.2012	-1.91358	-8.589	4.73733	2.36493	-6.09126	1727.3	-32.2018	-62.1053	-86.8225	0.000464373	630.804
29.6153	2.36699	3.83001	-0.585468	-5.32628	-1.61212	-7.37705	5.95402	2.36493	-6.09126	1727.14	-31.163	-61.3405	-87.1277	0.000464373	630.339
29.6160	2.97098	4.70903	-0.285228	-1.98607	-1.61212	-6.74473	9.91474	1.44203	-6.08534	1727.62	-30.2042	-61.1941	-88.0432	0.000311811	630.037
29.6167	2.97098	4.70903	-0.285228	-1.35414	-0.694655	-7.66687	10.2254	-1.90348	-6.07942	1728.38	-27.4874	-59.502	-87.8906	-0.000298575	628.665
29.6173	2.97098	1.06738	-0.893213	-3.83672	0.222814	-7.66687	9.31934	-3.46088	-6.07252	1728.97	-24.451	-56.6058	-86.0596	-0.000145967	626.991
29.6180	2.97098	-1.38132	-0.585468	-6.545	0.222814	-4.92682	12.0634	-1.90348	-6.0666	1730.21	-22.1338	-54.6208	-84.6863	0.000311811	626.689
29.6187	2.66083	-1.38132	-0.285228	-8.71162	-0.393201	-2.18677	7.17071	0.230725	-6.07252	1731.13	-18.6179	-52.7984	-83.9233	-0.000145967	625.457
29.6193	2.05684	0.43951	-0.893213	-9.61438	0.222814	-0.948478	-5.33273	2.65334	-6.0666	1729.89	-17.0997	-52.0337	-84.2285	6.59448e-006	623.783
29.6200	1.43652	0.753445	-0.285228	-5.05545	0.524268	0.579626	-10.2254	4.78755	-6.0666	1728.65	-16.9399	-52.7984	-86.5173	6.59448e-006	624.085
29.6207	1.14269	-1.06738	-0.585468	-0.135414	0.222814	1.79157	-8.07676	2.94175	-6.06069	1728.06	-15.1021	-52.6357	-88.0432	-0.000756307	623.62
29.6213	0.832529	-2.57427	-0.893213	-1.08331	0.222814	1.47541	-6.54942	-2.24957	-6.04885	1726.06	-13.7437	-51.8873	-88.3484	-0.000908915	621.643
29.6220	1.74668	-1.38132	-0.285228	0.135414	0.222814	-0.0526932	-5.95402	-4.03769	-6.04885	1724.87	-12.5451	-51.4154	-88.9587	-0.000603745	620.272
29.6227	2.36699	2.57427	-0.893213	3.83672	0.524268	-1.26464	-6.86007	-2.53798	-6.04885	1724.98	-10.2279	-50.3578	-88.8062	-0.000145967	618.9
29.6233	2.05684	5.3369	-1.5012	6.545	0.825722	-2.47658	-7.48136	-0.403769	-6.04195	1725.47	-8.07043	-48.9748	-88.8062	0.000159203	617.83
29.6240	2.05684	3.20214	-0.893213	19.0933	0.222814	-3.39871	-4.73733	2.94175	-6.03603	1726.38	-4.87422	-46.9898	-88.8062	-0.000298575	617.528
29.6247	1.14269	2.88821	-0.585468	47.1691	-0.393201	-3.71487	0.776611	5.07595	-6.03012	1727.14	-1.35839	-44.2563	-88.0432	-0.000603745	616.296
29.6253	0.522371	7.15773	-0.285228	72.4915	-0.0786402	-3.08255	1.06137	4.21074	-6.0242	1726.06	0.159811	-42.8733	-87.8906	0.000311811	614.622
29.6260	0.522371	8.09953	-0.285228	81.6545	0.222814	-1.26464	-8.07676	1.73044	-6.01828	1725.79	2.15744	-41.653	-88.0432	0.000769543	613.715
29.6267	0.522371	3.83001	-0.285228	79.1719	-0.0786402	-0.0526932	-12.6588	-4.03769	-6.01138	1726.22	4.87422	-40.1236	-87.8906	0.000159203	613.413
29.6273	0.832529	2.26033	0.022518	72.7623	-0.694655	0.579626	-8.3874	-10.7864	-6.01138	1724.98	6.23261	-39.2124	-88.9587	6.59448e-006	612.785
29.6280	1.14269	2.88821	0.022518	72.4915	-1.31067	2.08138	-5.64338	-14.1319	-6.01138	1724.22	7.51109	-38.3012	-90.0269	0.000311811	612.785
29.6287	0.832529	0.753445	-0.285228	89.2828	-1.31067	3.31967	-5.64338	-14.7664	-5.99955	1724.22	9.42882	-36.9182	-90.1794	0.000311811	612.041
29.6293	0.832529	-0.43951	-0.585468	120.383	-1.31067	1.79157	-4.11604	-15.0548	-5.98771	1724.12	11.4265	-35.0959	-90.0269	6.59448e-006	609.902
29.6300	1.14269	1.69525	0.022518	151.844	-0.996109	1.47541	0.155322	-13.4974	-5.98771	1725.47	14.3829	-32.037	-88.8062	0.000311811	608.204
29.6307	1.14269	3.20214	0.022518	162.497	-0.393201	5.13759	4.73733	-9.8635	-5.98771	1727.3	18.2983	-27.9205	-86.8225	0.000311811	606.832
29.6313	0.522371	3.51608	-0.585468	138.393	0.222814	8.1938	4.11604	-8.0177	-5.97489	1727.62	21.095	-24.7152	-86.2122	6.59448e-006	605.019
29.6320	1.14269	2.88821	-1.20096	113.973	0.825722	11.5662	0.465967	-7.44089	-5.97489	1727.62	22.8529	-23.1858	-86.2122	0.000159203	604.391
29.6327	1.43652	3.20214	-1.20096	125.258	0.524268	14.596	-2.27806	-5.59509	-5.96898	1727.62	24.8505	-21.5099	-85.907	-0.000298575	603.647
29.6333	0.228537	4.70903	-0.893213	134.105	0.222814	16.4403	-4.42668	-3.74928	-5.96306	1726.81	26.129	-19.5248	-86.5173	-0.000298575	602.112
29.6340	0.522371	4.14395	-1.5012	112.755	0.222814	19.4965	-5.95402	-4.03769	-5.95714	1726.54	28.0467	-17.5398	-87.1277	0.000311811	601.206
29.6347	1.43652	2.57427	-2.11669	83.46	0.222814	22.5527	-8.69805	-5.249	-5.95123	1726.98	31.0032	-15.5711	-87.2803	0.000159203	600.741
29.6353	1.14269	3.20214	-1.80894	29.7459	-0.0786402	22.5527	-12.3481	-7.7293	-5.93841	1726.81	33.72	-13.586	-86.9751	-0.000145967	599.671
29.6360	0.832529	6.52986	-1.5012	-41.9783	-0.0786402	21.9204	-15.0921	-9.8635	-5.93249	1726.22	36.277	-11.601	-86.9751	-0.000451137	598.602
29.6367	1.74668	10.5482	-1.80894	-53.2628	-0.0786402	23.7646	-18.7681	-11.0748	-5.92657	1726.22	39.7928	-8.85126	-86.9751	-0.000451137	597.23
29.6373	2.66083	13.8759	-1.80894	-11.1491	-0.393201	24.6868	-23.3501	-12.2861	-5.92066	1726.81	43.9479	-4.88121	-85.6018	0.000159203	595.091
29.6380	2.97098	14.1899	-1.5012	10.2012	-0.393201	20.7084	-19.9848	-12.5745	-5.90784	1727.62	47.4637	-1.67588	-84.3811	-0.000145967	593.556
29.6387	2.36699	9.92036	-1.20096	-1.35414	0.222814	15.5182	-9.00869	-10.4403	-5.90784	1728.06	50.5001	0.45558	-84.8389	-0.000756307	592.649
29.6393	1.14269	3.20214	-1.20096	-17.5587	0.524268	10.9338	0.776611	-8.6522	-5.90192	1727.62	52.1781	1.67588	-86.2122	-0.000603745	591.882
29.6400	1.14269	-3.20214	-1.20096	-60.2591	0.222814	3.31967	6.26466	-8.0177	-5.896	1726.54	53.2169	2.89619	-87.5854	-0.000451137	591.742
29.6407	1.14269	-7.15773	-1.5012	-153.65	-0.393201	-1.26464	6.57531	-6.80639	-5.88318	1724.39	54.815	4.27919	-89.1113	-0.000756307	590.51
29.6413	-0.99577	-8.41347	-1.20096	-189.038	-0.694655	0.263466	5.04797	-5.249	-5.87135	1722.71	56.493	6.10151	-89.5691	-0.000908915	588.534
29.6420	-2.53023	-10.2343	-0.893213	-113.386	-0.694655	4.84778	4.11604	-0.692176	-5.87727	1722.39	58.8902	8.70483	-89.2639	-0.000298575	587.464
29.6427	-2.53023	-11.4272	-0.893213	-21.8016	-0.0786402	11.856	2.89935	5.07595	-5.87135	1722.71	61.7668	11.1454	-89.1113	0.000159203	586.999
29.6433	-2.22008	-11.7412	-0.585468	29.1591	-0.694655	15.2283	3.52064	4.49914	-5.85952	1723.47	65.6022	14.1881	-88.3484	0.000311811	586.697
29.6440	-2.53023	-12.0551	-0.893213	57.8217	-1.31067	12.7781	5.64338	1.73044	-5.8536	1723.79	69.2779	17.849	-87.738	0.000311811	585.488
29.6447	-2.53023	-12.0551	-0.893213	89.5537	-1.61212	8.50996	6.57531	0.519132	-5.8467	1723.2	71.8348	19.9967	-88.0432	-0.000145967	583.047
29.6453	-1.90992	-11.1133	-0.585468	131.983	-1.61212	6.05972	7.48136	-1.32667	-5.83487	1722.71	73.9923	22.1282	-87.8906	-0.000298575	581.512
29.6460	-1.59976	-7.15773	-0.285228	173.194	-1.91358	4.84778	10.2254	-1.32667	-5.82895	1723.47	76.7889	25.1708	-87.8906	6.59448e-006	581.512
29.6467	-1.90992	0.753445	0.022518	203.707	-1.91358	2.7137	12.0634	-0.403769	-5.82303	1723.63	79.0263	27.7741	-88.1958	-0.000145967	580.907
29.6473	-1.90992	7.47166	0.022518	233.318	-1.31067	1.47541	10.8467	-0.115363	-5.81021	1722.12	80.2249	29.1408	-88.9587	-0.000145967	579.675
29.6480	-2.82407	16.3246	-0.285228	252.547	-0.694655	3.60949	8.3874	1.73044	-5.8043	1720.28	81.1837	30.6703	-90.332	0.000616981	578.908
29.6487	-3.44438	15.1317	0.022518	277.237	-1.31067	6.98185	7.17071	2.94175	-5.79838	1719.53	83.501	33.1109	-90.6372	0.000464373	577.862
29.6493	-3.44438	-17.5804	0.330264	324.271	-1.61212	7.90399	6.26466	2.01885	-5.79838	1719.69	86.9369	36.4626	-90.0269	6.59448e-006	576.164
29.6500	-3.44438	-64.2312	1.24599	365.121	-0.694655	8.79977	6.26466	0.519132	-5.77964	1721.2	90.6126	40.8883	-89.1113	0.000464373	574.792
29.6507	-3.13423	-106.047	0.630503	391.075	-0.393201	9.40574	5.64338	1.15363	-5.77373	1723.2	94.9274	45.7695	-87.1277	0.000311811	573.421
29.6513	-2.82407	-142.966	-0.585468	386.832	-0.694655	10.644	3.83128	5.71045	-5.77373	1724.22	99.6419	50.1951	-85.7544	0.000311811	572.211
29.6520	-3.13423	-165.883	-0.585468	371.259	-0.996109	17.0463	2.30395	10.9018	-5.76189	1724.12	102.998	53.5632	-85.7544	0.000159203	570.979
29.6527	-2.53023	-182.648	-0.893213	354.152	-0.996109	26.2149	1.9933	8.47915	-5.74907	1723.47	105.475	56.6058	-85.7544	6.59448e-006	569.77
29.6533	-1.90992	-207.072	-0.585468	293.442	-0.694655	32.6171	5.04797	1.15363	-5.74316	1723.04	108.032	59.502	-86.2122	0.000464373	568.84
29.6540	-1.90992	-229.047	0.330264	247.672	-0.996109	37.4912	6.57531	-0.980582	-5.73132	1722.39	110.349	62.2517	-87.1277	0.000311811	567.771
29.6547	-2.53023	-239.407	0.330264	244.286	-0.694655	42.6815	5.04797	-0.980582	-5.7185	1721.96	112.906	65.7662	-87.2803	0.000159203	566.561
29.6553	-2.22008	-253.471	0.330264	180.507	-0.393201	47.2658	4.42668	-5.249	-5.71259	1721.79	115.783	69.1179	-87.1277	0.000159203	565.655
29.6560	-2.22008	-273.312	0.330264	74.0262	-0.694655	49.3999	4.42668	-12.2861	-5.70075	1721.36	118.579	72.3233	-87.2803	-0.000145967	564.585
29.6567	-2.82407	-256.485	0.022518	-15.708	-0.0786402	53.9842	3.52064	-19.3232	-5.68202	1721.47	122.255	76.9116	-86.5173	0.000159203	563.213
29.6573	-3.44438	-252.216	-0.585468	-139.928	-0.0786402	57.0141	3.20999	-24.803	-5.67018	1722.39	126.33	81.7928	-85.6018	0.000311811	561.679
29.6580	-4.04838	-260.755	-1.20096	-259.859	-0.694655	53.9842	3.83128	-25.4375	-5.65736	1723.2	129.846	86.3649	-84.9915	-0.000603745	559.842
29.6587	-4.65237	-159.479	-0.893213	-268.706	-0.0786402	53.3519	5.33273	-21.169	-5.64553	1722.71	133.202	91.0997	-84.3811	-0.000908915	557.703
29.6593	-4.35853	-88.9693	-0.285228	-208.582	1.14028	57.9362	6.57531	-13.209	-5.6337	1721.36	135.36	94.4514	-85.144	-0.000298575	556.633
29.6600	-3.44438	-117.349	0.022518	-176.85	0.524268	57.0141	5.64338	-5.59509	-5.62088	1719.8	136.558	96.5829	-87.1277	-0.000145967	556.796
29.6607	-3.44438	-51.7365	0.022518	-135.639	0.222814	50.928	4.11604	-3.11479	-5.60904	1718.61	138.556	99.4953	-88.3484	-0.000451137	556.331
29.6613	-3.13423	-30.3889	-1.5012	-47.1691	1.14028	45.4216	2.89935	-0.115363	-5.59031	1717.69	140.873	102.994	-88.9587	-0.000145967	555.122
29.6620	-2.22008	-120.677	-2.11669	38.0061	1.44174	41.7594	3.52064	-0.403769	-5.57847	1716.94	142.791	106.052	-89.2639	0.000159203	553.75
29.6627	-1.30593	-96.5665	-1.80894	108.782	1.74319	36.5691	3.52064	-9.8635	-5.57256	1717.04	145.987	109.713	-89.5691	-0.000298575	552.215
29.6633	-0.685612	-33.0888	-1.5012	132.886	1.14028	27.4268	-0.155322	-18.4003	-5.55974	1717.69	150.302	114.595	-88.9587	-0.000451137	550.844
29.6640	-1.90992	-14.8177	-0.585468	79.4879	-0.0786402	23.7646	-7.76611	-17.4774	-5.53607	1717.69	153.977	119.02	-87.5854	-0.000298575	549.774
29.6647	-3.13423	-22.415	0.330264	0.767345	-0.694655	24.3706	-20.6061	-7.0948	-5.52325	1717.04	156.694	121.607	-87.738	-0.000451137	547.937
29.6653	-4.04838	-162.179	0.630503	-97.8139	-0.996109	19.4965	-28.8382	-1.61508	-5.5055	1716.45	159.491	123.592	-88.6536	-0.000298575	546.728
29.6660	-4.96252	-340.745	0.630503	-229.933	-1.61212	12.7781	-24.5668	-6.1719	-5.49268	1716.77	163.087	126.342	-88.8062	0.000311811	546.124
29.6667	-4.65237	-404.788	0.022518	-361.781	-1.61212	8.50996	-17.8362	-10.1519	-5.47493	1716.45	167.082	129.092	-88.8062	-0.000145967	544.589
29.6673	-4.35853	-387.396	-0.585468	-432.286	-1.31067	7.90399	-13.8755	-12.9206	-5.4562	1714.35	169.239	130.458	-89.2639	6.59448e-006	542.915
29.6680	-4.04838	-245.184	-0.585468	-393.197	-1.31067	12.1721	-9.29345	-15.0548	-5.44436	1712.35	171.477	131.386	-90.332	0.000311811	541.683
29.6687	-3.44438	75.2189	-0.285228	-289.47	-0.996109	16.1241	-6.23878	-7.7293	-5.43154	1712.02	176.431	133.664	-90.4846	0.000311811	540.776
29.6693	-3.13423	329.13	-0.285228	-179.604	-0.0786402	13.7002	-5.95402	5.99886	-5.41379	1713.43	182.663	136.56	-89.1113	0.000464373	540.009
29.6700	-3.13423	305.334	-0.585468	-114.605	-0.0786402	7.58783	-5.02209	13.6705	-5.40196	1714.35	188.257	139.163	-87.8906	0.000159203	537.87
29.6707	-3.44438	212.848	-0.585468	-154.868	-0.0786402	4.53162	-3.20999	17.3044	-5.38914	1715.1	194.25	140.986	-86.6699	6.59448e-006	536.335
29.6713	-3.44438	238.465	0.022518	-254.036	0.524268	-3.39871	-1.96742	18.5157	-5.36449	1716.29	200.482	141.148	-85.4492	0.000464373	536.033
29.6720	-3.13423	267.787	0.022518	-322.42	0.222814	-27.5059	-0.465967	17.3044	-5.34674	1716.77	205.516	140.074	-85.907	0.000311811	534.824
29.6727	-3.44438	227.226	-0.285228	-350.812	-0.0786402	-43.0767	1.06137	16.6699	-5.33392	1715.7	210.151	138.399	-86.6699	-0.000451137	532.522
29.6733	-3.44438	172.853	-0.285228	-328.514	0.524268	-45.8168	1.9933	17.3044	-5.31617	1713.86	215.025	135.649	-86.8225	6.59448e-006	531.01
29.6740	-3.73822	127.395	-0.285228	-254.352	-0.0786402	-64.4438	1.37201	19.4386	-5.30335	1712.94	221.258	132.297	-87.4329	0.000464373	530.08
29.6747	-3.73822	135.934	0.022518	-161.91	0.222814	-80.6206	-0.155322	24.6299	-5.2856	1713.27	229.008	130.312	-87.5854	-0.000145967	529.174
29.6753	-3.73822	222.957	-0.285228	-59.6723	0.524268	-84.2828	-1.37201	31.0325	-5.26686	1713.54	237.239	129.547	-87.2803	-0.000145967	528.406
29.6760	-3.73822	262.01	-1.20096	6.86097	0.222814	-105.94	-2.27806	31.667	-5.24911	1712.94	245.549	128.181	-87.1277	6.59448e-006	527.499
29.6767	-3.73822	191.187	-0.893213	26.9925	0.222814	-140.427	-3.8054	27.687	-5.24319	1712.67	254.099	127.253	-86.5173	-0.000298575	525.663
29.6773	-3.73822	118.542	-0.585468	60.8911	0.825722	-172.465	-5.64338	26.7641	-5.21854	1713.86	262.329	127.416	-85.7544	-0.000145967	524.128
29.6780	-2.22008	142.966	-1.5012	99.3486	1.44174	-203.29	-6.23878	29.5328	-5.1998	1714.45	269.76	127.416	-85.4492	0.000159203	522.756
29.6787	-0.685612	229.926	-2.11669	107.248	1.74319	-229.532	-6.23878	32.2439	-5.18797	1714.35	276.153	127.416	-85.144	6.59448e-006	521.384
29.6793	-0.99577	313.245	-1.5012	79.1719	2.05775	-242.363	-8.3874	35.0126	-5.17515	1713.43	280.627	127.562	-85.7544	-0.000603745	520.175
29.6800	-1.90992	289.448	-0.893213	22.7495	1.74319	-246.025	-11.7527	35.5894	-5.1574	1711.43	283.504	126.342	-87.1277	-0.000603745	519.408
29.6807	-2.82407	117.663	-0.585468	-41.9783	0.524268	-259.751	-14.1861	27.9754	-5.13275	1709.92	287.18	125.577	-88.0432	-0.000451137	518.641
29.6813	-3.13423	-24.5497	-0.893213	-101.786	0.222814	-274.4	-13.8755	13.6705	-5.12091	1708.68	289.577	125.268	-88.9587	-0.000298575	517.269
29.6820	-2.82407	-150.626	-1.5012	-157.938	1.14028	-233.8	-7.76611	1.73044	-5.1081	1708.08	291.734	125.74	-89.2639	-0.000298575	515.758
29.6827	-2.53023	-316.321	-1.20096	-204.294	1.14028	-133.709	-2.5887	-2.82638	-5.09035	1708.84	295.889	127.562	-88.1958	-0.000145967	514.99
29.6833	-2.22008	-328.816	-0.585468	-211.02	0.825722	-66.5779	-11.1314	-5.249	-5.07753	1709.27	299.565	128.929	-87.738	-0.000145967	514.06
29.6840	-1.59976	-197.277	-0.585468	-161.91	1.14028	-36.6745	-26.6895	-15.3432	-5.06569	1709	302.601	129.547	-87.8906	-0.000451137	511.921
29.6847	-1.30593	-112.138	-0.893213	-90.5015	2.05775	8.79977	-36.1642	-33.0514	-5.04794	1708.84	305.797	129.856	-88.501	-0.000603745	510.41
29.6853	-1.59976	-85.8927	-0.585468	-52.6308	2.05775	10.9338	-38.5976	-47.7024	-5.03512	1708.52	308.674	130.621	-88.3484	-0.000451137	509.48
29.6860	-1.59976	-171.66	-0.585468	-29.7459	1.44174	-17.7313	-36.4748	-52.6054	-5.02329	1708.08	310.831	131.223	-87.4329	-0.000298575	508.108
29.6867	-1.30593	-395.37	-0.585468	38.0061	1.44174	22.8425	-33.1095	-55.6048	-5.00455	1707.33	312.35	130.768	-87.8906	-0.000298575	507.038
29.6873	-0.685612	-446.039	-0.585468	95.0605	1.14028	125.067	-30.0549	-62.3535	-4.99272	1705.76	313.149	129.547	-89.2639	-0.000451137	505.667
29.6880	-0.391778	-197.277	-1.20096	128.959	1.44174	210.826	-27.6215	-64.4877	-4.9799	1704.25	314.028	128.327	-90.0269	-0.000145967	505.225
29.6887	0.228537	89.2832	-1.80894	225.96	2.05775	230.375	-23.6349	-56.2393	-4.96215	1704.41	316.185	128.181	-90.4846	0.000159203	504.597
29.6893	0.228537	214.355	-2.41693	334.607	1.74319	189.459	-15.4028	-41.5882	-4.94933	1704.85	318.582	128.783	-90.0269	0.000464373	501.714
29.6900	-0.0816205	182.334	-2.41693	424.658	0.825722	157.737	-4.42668	-27.5717	-4.93158	1705.17	322.258	129.856	-88.6536	0.000464373	499.11
29.6907	-0.391778	95.6875	-1.5012	538.495	0.825722	177.26	7.17071	-20.2461	-4.91975	1706.25	327.452	130.914	-87.1277	0.000464373	498.04
29.6913	-0.0816205	12.3691	-1.5012	682.847	1.74319	194.649	14.1861	-19.9001	-4.90693	1707.6	332.486	131.532	-86.3647	0.000311811	497.133
29.6920	0.228537	-0.43951	-2.11669	838.482	1.74319	167.802	19.9848	-20.5345	-4.88918	1707.6	337.2	131.988	-85.907	0.000311811	496.064
29.6927	0.228537	130.472	-0.893213	873.87	1.74319	117.453	27.9321	-17.189	-4.88227	1706.68	341.675	131.386	-86.0596	0.000464373	494.994
29.6933	-0.0816205	186.603	0.330264	760.348	2.05775	84.4936	32.5141	-15.3432	-4.86452	1706.09	346.389	130.768	-86.6699	0.000311811	493.785
29.6940	-0.0816205	52.0505	0.330264	561.064	1.44174	77.1692	36.7855	-17.7658	-4.84579	1705.6	351.903	130.914	-86.9751	-0.000145967	492.716
29.6947	-0.99577	25.1776	0.330264	301.657	1.14028	69.8449	44.3963	-19.3232	-4.83395	1705.17	357.336	130.768	-87.2803	-0.000145967	491.483
29.6953	-2.22008	57.513	0.330264	56.0162	1.14028	63.7325	46.5449	-22.3803	-4.81522	1704.85	362.53	130.914	-87.4329	-0.000145967	490.274
29.6960	-2.82407	-64.2312	0.022518	-200.638	1.74319	71.0568	41.0569	-33.3398	-4.80338	1704.09	367.724	131.223	-87.4329	-0.000145967	488.903
29.6967	-1.59976	-131.664	0.330264	-460.046	2.35921	82.6493	38.3128	-46.7795	-4.79155	1704.09	373.717	131.988	-87.1277	-0.000145967	487.507
29.6973	0.228537	48.0949	0.330264	-650.167	2.66066	90.8958	37.0961	-50.4711	-4.77282	1705.33	380.269	134.119	-85.4492	-0.000451137	486.136
29.6980	1.43652	348.029	-0.285228	-750.283	2.96211	94.558	32.7989	-40.0885	-4.76098	1706.09	386.182	135.193	-84.3811	-0.000298575	484.462
29.6987	1.43652	468.58	0.630503	-705.1	2.35921	92.7401	28.2428	-23.3032	-4.74225	1705.93	391.216	135.047	-84.8389	0.000159203	483.09
29.6993	0.832529	366.049	1.54623	-570.543	1.14028	90.606	25.4987	-4.96059	-4.71759	1704.74	395.691	133.827	-86.0596	0.000159203	482.02
29.7000	-0.0816205	192.442	0.938249	-442.668	-0.393201	86.0217	22.7288	14.2473	-4.70576	1702.9	400.405	132.444	-87.5854	-0.000145967	480.951
29.7007	-0.99577	89.5972	1.24599	-304.726	-0.996109	74.113	22.1334	28.8983	-4.68702	1701.5	405.439	131.223	-88.1958	-0.000451137	479.742
29.7013	-1.30593	195.142	1.54623	-192.423	-1.91358	69.8449	21.5121	40.7807	-4.66927	1700.31	410.314	130.312	-88.8062	-0.000451137	478.811
29.7020	-0.0816205	323.039	1.24599	-171.66	-1.91358	85.0996	18.4575	56.3546	-4.65645	1699.99	416.226	130.149	-88.8062	0.000159203	477.742
29.7027	1.74668	289.448	0.938249	-165.882	-1.61212	90.606	16.0241	70.4289	-4.64462	1700.15	422.859	130.458	-88.3484	6.59448e-006	476.231
29.7033	2.97098	192.694	1.24599	-124.987	-1.61212	40.2313	13.9013	75.6202	-4.62588	1699.99	429.091	130.003	-88.3484	-0.000451137	474.859
29.7040	2.97098	102.72	1.85398	-73.7102	-1.91358	-34.2243	10.8467	71.6402	-4.61405	1699.83	434.605	129.547	-88.3484	-0.000145967	473.487
29.7047	1.74668	123.125	2.46197	-11.7359	-1.31067	-65.9719	9.00869	60.6231	-4.60222	1700.15	440.198	130.003	-87.5854	-0.000145967	472.557
29.7053	-0.391778	275.698	2.46197	-28.5272	-0.996109	-71.7682	7.792	44.4723	-4.5894	1700.58	446.351	130.621	-87.1277	-0.000451137	471.487
29.7060	-0.99577	360.586	2.16173	-74.929	-1.31067	-106.862	6.26466	26.4757	-4.57165	1700.42	450.426	130.003	-87.738	6.59448e-006	469.976
29.7067	0.522371	249.453	1.54623	41.3463	-0.996109	-159.344	5.33273	11.8247	-4.55291	1698.58	453.223	128.929	-88.9587	0.000159203	468.139
29.7073	1.43652	70.0076	1.24599	263.199	-0.393201	-194.122	5.64338	1.73044	-4.54108	1696.64	456.659	128.181	-89.7217	-0.000145967	466.605
29.7080	2.36699	-2.00919	1.54623	364.218	-0.0786402	-227.081	4.73733	-8.0177	-4.52826	1696.16	460.654	128.473	-90.332	6.59448e-006	466
29.7087	2.66083	2.26033	1.54623	334.607	0.524268	-281.118	2.30395	-21.4574	-4.51051	1695.72	464.329	129.401	-90.332	0.000311811	465.093
29.7093	2.97098	9.29249	0.938249	309.285	0.825722	-350.068	1.06137	-30.9172	-4.49769	1695.89	468.884	131.077	-89.4165	0.000159203	462.954
29.7100	3.57498	12.683	0.938249	203.707	0.825722	-409.585	0.776611	-32.763	-4.47994	1697.56	474.398	133.062	-87.5854	-0.000298575	460.978
29.7107	2.66083	-16.0107	1.54623	6.27417	1.14028	-437.354	-1.06137	-33.0514	-4.4681	1698.58	478.952	134.119	-86.6699	0.000311811	459.443
29.7113	1.43652	-85.3276	2.46197	-106.345	1.44174	-394.33	-1.96742	-29.9943	-4.45528	1698.91	483.267	134.575	-86.3647	0.000769543	458.071
29.7120	1.14269	-148.805	3.3777	-146.021	1.14028	-248.765	-1.06137	-23.3032	-4.44937	1698.75	487.822	135.047	-85.907	0.000159203	456.839
29.7127	1.74668	-164.628	2.76971	-224.742	0.524268	-78.1704	-0.465967	-18.1119	-4.43753	1697.67	491.657	134.429	-86.2122	0.000159203	455.77
29.7133	2.66083	-163.749	1.24599	-392.294	0.825722	48.4778	-0.465967	-12.9206	-4.4188	1696.91	495.333	133.517	-86.8225	6.59448e-006	453.956
29.7140	4.19529	-185.724	0.630503	-568.106	1.74319	168.724	-0.155322	-7.0948	-4.40006	1696.16	499.248	132.606	-87.4329	6.59448e-006	452.724
29.7147	5.10944	-240.349	1.85398	-641.004	1.74319	259.672	1.68266	-8.0177	-4.38823	1695.89	504.442	132.134	-87.738	-0.000145967	451.654
29.7153	6.02359	-257.741	2.46197	-646.511	2.05775	266.68	3.52064	-15.9777	-4.38231	1695.72	509.796	132.134	-87.4329	-0.000603745	449.841
29.7160	6.02359	-292.839	2.46197	-577.224	2.35921	226.713	4.11604	-21.169	-4.36949	1695.24	515.149	131.988	-87.2803	-0.000298575	448.91
29.7167	4.79928	-535.762	2.16173	-413.644	1.44174	201.077	2.5887	-20.2461	-4.35174	1695.4	521.701	131.988	-86.5173	6.59448e-006	447.539
29.7173	3.57498	-705.727	1.85398	-212.87	1.44174	175.442	0.465967	-14.7664	-4.33991	1696.32	528.733	132.606	-85.7544	-0.000298575	445.562
29.7180	1.74668	-568.097	2.46197	0.135414	1.74319	83.5715	-0.155322	-10.7864	-4.32709	1697.07	536.164	133.355	-84.9915	-0.000908915	443.888
29.7187	1.74668	-449.053	2.46197	211.652	1.44174	-73.2963	-0.750724	-10.1519	-4.31526	1696.91	543.196	134.575	-84.3811	-0.000908915	441.889
29.7193	2.36699	-393.549	2.46197	398.703	0.825722	-189.564	-0.750724	-6.51799	-4.30244	1694.97	548.39	133.664	-85.6018	-0.000145967	440.517
29.7200	1.74668	-232.689	2.76971	525.992	0.524268	-188.642	-0.155322	-1.61508	-4.2906	1692.81	553.104	131.679	-87.738	0.000159203	439.912
29.7207	-0.0816205	-18.4594	3.3777	607.737	0.524268	-104.412	0.155322	1.44203	-4.27877	1692.05	559.577	131.679	-88.6536	-0.000145967	439.75
29.7213	-1.59976	182.648	3.3777	681.312	0.825722	6.37588	0.465967	4.49914	-4.26003	1691.3	566.368	131.988	-88.9587	-0.000298575	438.54
29.7220	-0.99577	397.819	3.07746	739.901	1.14028	82.6493	0.155322	9.97887	-4.24228	1690.81	572.841	131.988	-89.1113	6.59448e-006	436.704
29.7227	0.522371	590.387	2.46197	767.345	1.14028	87.2337	0.155322	16.6699	-4.22355	1691.57	580.272	133.208	-88.501	-0.000145967	435.634
29.7233	2.05684	616.883	1.85398	717.016	1.44174	29.8771	2.5887	19.727	-4.20481	1692.22	587.304	134.282	-87.5854	-0.000756307	434.425
29.7240	3.28114	514.666	1.85398	597.671	1.74319	-55.8812	4.73733	21.5728	-4.19298	1691.3	592.657	133.664	-87.8906	-0.000145967	432.425
29.7247	3.28114	428.333	2.76971	472.278	1.44174	-80.9105	4.42668	20.996	-4.16832	1690.22	598.331	132.444	-88.501	0.000616981	430.751
29.7253	1.43652	384.696	3.3777	331.899	1.14028	-41.2325	2.89935	15.1702	-4.15057	1690.54	605.602	132.297	-88.3484	0.000159203	429.682
29.7260	-0.391778	261.069	2.76971	220.815	0.825722	-11.6452	1.9933	15.8047	-4.13184	1690.38	611.994	132.297	-88.0432	-0.000298575	428.31
29.7267	-1.30593	44.0765	1.54623	174.097	0.825722	20.1025	0.465967	21.8612	-4.11409	1689.46	617.668	131.679	-88.8062	-0.000298575	427.101
29.7273	-1.90992	-48.9739	1.85398	117.629	0.825722	41.7594	-1.68266	24.6299	-4.08352	1688.06	623.661	130.149	-89.8743	-0.000145967	425.869
29.7280	-1.30593	-91.418	1.85398	41.0304	0.825722	20.3923	-0.750724	28.8983	-4.06478	1686.39	628.695	128.783	-90.6372	0.000769543	425.264
29.7287	-0.99577	-328.816	1.85398	-20.3121	0.825722	-16.2295	1.37201	32.2439	-4.03421	1685.95	634.608	128.473	-90.4846	0.000464373	423.729
29.7293	-0.685612	-543.359	2.16173	-13.9025	1.44174	-41.5486	3.83128	24.3415	-4.00956	1686.39	642.278	129.401	-89.2639	-0.000298575	420.846
29.7300	-0.0816205	-469.522	2.46197	59.9883	1.14028	-39.7043	6.57531	18.8041	-3.98589	1687.63	649.55	130.621	-87.8906	-0.000145967	419.009
29.7307	1.14269	-279.716	2.46197	33.1312	0.825722	10.3279	8.10264	24.3415	-3.96124	1689.14	656.581	132.297	-86.8225	0.000464373	418.405
29.7313	2.36699	-230.24	1.85398	-100.251	1.14028	23.4485	8.3874	29.8212	-3.93067	1690.54	663.773	133.517	-85.6018	0.000616981	417.777
29.7320	3.28114	-292.525	1.24599	-252.231	1.44174	-83.9667	7.17071	24.9183	-3.90602	1690.38	669.686	133.827	-85.7544	0.000159203	416.405
29.7327	3.28114	-249.202	0.938249	-474.4	1.74319	-205.108	6.57531	8.76756	-3.87545	1688.98	674.4	133.208	-86.6699	-0.000298575	414.592
29.7333	2.97098	-19.9663	1.24599	-670.614	1.74319	-220.389	6.57531	-5.249	-3.85079	1688.06	678.875	132.753	-86.9751	-0.000145967	413.197
29.7340	3.28114	202.802	1.85398	-703.565	1.74319	-137.977	6.26466	-9.5751	-3.82713	1687.63	683.749	132.753	-87.4329	-0.000145967	411.988
29.7347	2.66083	290.39	2.16173	-689.843	1.74319	-59.5434	5.33273	-10.4403	-3.78965	1686.87	688.464	132.606	-87.738	-0.000451137	410.453
29.7353	0.522371	366.049	2.46197	-699.006	1.14028	-55.2752	2.89935	-8.9406	-3.76007	1686.71	693.817	132.753	-87.1277	6.59448e-006	408.779
29.7360	-1.59976	366.049	3.3777	-610.806	0.524268	-90.0791	0.465967	-4.67219	-3.73542	1686.87	699.65	133.355	-87.1277	0.000311811	407.709
29.7367	-3.13423	241.856	3.3777	-456.706	0.825722	-92.2132	-1.68266	0.519132	-3.70485	1686.71	704.764	133.517	-86.8225	-0.000145967	406.5
29.7373	-3.13423	223.208	3.3777	-356.274	0.222814	-36.9643	-2.89935	5.99886	-3.66836	1687.63	710.757	134.119	-85.907	-0.000145967	405.268
29.7380	-2.53023	283.358	2.76971	-290.372	-0.694655	3.00351	-3.49475	8.47915	-3.64371	1688.22	717.469	135.047	-84.9915	-0.000298575	402.827
29.7387	-0.0816205	276.012	2.16173	-249.477	0.222814	12.1721	-3.49475	10.2673	-3.61906	1687.63	722.503	135.047	-84.6863	-0.000145967	401.315
29.7393	0.832529	257.113	1.54623	-231.783	0.222814	68.0006	-4.11604	11.8247	-3.58849	1686.39	726.019	133.355	-85.7544	-0.000298575	400.99
29.7400	0.228537	281.223	1.24599	-175.316	-0.393201	163.85	-4.73733	8.13306	-3.552	1684.28	730.014	131.532	-87.2803	-0.000298575	399.944
29.7407	0.832529	317.2	1.85398	-113.071	-0.694655	276.455	-4.42668	3.28783	-3.52143	1682.72	734.249	130.312	-88.1958	-0.000145967	398.711
29.7413	0.832529	305.334	1.85398	-116.14	-0.0786402	369.538	-4.11604	3.28783	-3.49086	1682.28	738.644	129.238	-88.8062	-0.000451137	397.642
29.7420	0.228537	269.608	1.54623	-141.146	-0.0786402	350.911	-3.49475	7.55625	-3.46029	1682.12	743.998	128.929	-88.8062	6.59448e-006	396.107
29.7427	-0.685612	212.22	2.46197	-147.24	-0.393201	272.187	-2.5887	11.4786	-3.43662	1682.28	750.39	129.694	-88.0432	0.000311811	394.735
29.7433	-1.30593	83.1301	2.46197	-154.552	-0.393201	197.415	-2.5887	6.63335	-3.40605	1682.28	756.223	129.694	-88.1958	-0.000145967	393.061
29.7440	-1.90992	-45.3323	1.54623	-114.605	-0.694655	124.778	-4.11604	-6.51799	-3.36858	1681.96	760.778	129.092	-88.8062	6.59448e-006	391.689
29.7447	-1.90992	-177.436	1.24599	-16.9267	-0.694655	83.8876	-4.73733	-17.7658	-3.33801	1681.8	766.451	129.401	-88.1958	0.000464373	390.178
29.7453	-0.99577	-356.882	1.54623	-16.024	-0.0786402	77.1692	-3.20999	-26.9372	-3.30843	1681.37	772.364	130.003	-87.738	6.59448e-006	388.481
29.7460	-0.391778	-385.01	1.54623	-108.782	-0.0786402	95.77	-1.96742	-35.8201	-3.27096	1681.2	778.037	130.768	-87.8906	0.000159203	387.574
29.7467	-0.391778	-212.534	1.54623	-139.296	0.222814	135.158	-1.37201	-38.8195	-3.24729	1680.93	783.231	130.621	-88.0432	0.000464373	386.667
29.7473	0.522371	-73.712	2.16173	-80.4358	0.222814	164.745	-0.155322	-33.0514	-3.20982	1679.21	787.067	129.856	-89.1113	0.000616981	385.598
29.7480	0.832529	-30.7029	2.46197	28.8431	0.825722	154.365	1.68266	-24.2261	-3.17333	1678.02	791.621	129.547	-90.0269	0.000616981	384.97
29.7487	0.522371	41.9418	1.85398	93.5258	2.05775	142.772	3.83128	-16.2661	-3.14276	1677.86	797.614	129.856	-90.0269	-0.000298575	382.993
29.7493	0.228537	175.301	2.16173	98.7167	3.27667	144.617	5.64338	-14.1319	-3.11219	1678.29	803.687	130.914	-89.4165	-0.000298575	380.715
29.7500	-0.391778	330.951	2.46197	149.361	2.96211	114.397	5.95402	-14.4203	-3.08261	1679.69	810.399	132.297	-87.8906	0.000159203	379.645
29.7507	-0.685612	508.575	2.16173	291.004	2.05775	80.5153	5.04797	-8.9406	-3.05204	1680.93	816.632	133.208	-86.0596	0.000311811	378.273
29.7513	-0.99577	502.171	1.54623	530.235	0.825722	53.9842	4.11604	-2.24957	-3.02147	1681.04	822.145	133.664	-85.2966	0.000464373	376.902
29.7520	-0.99577	223.208	1.24599	801.243	-0.0786402	10.3279	3.20999	3.28783	-2.984	1680.77	827.818	133.062	-85.6018	0.000311811	375.367
29.7527	-0.99577	-5.65084	0.938249	862.902	-0.0786402	-2.18677	2.5887	5.99886	-2.95441	1679.85	832.213	131.842	-86.6699	6.59448e-006	373.693
29.7533	-1.59976	-112.138	0.630503	703.565	-0.996109	14.3062	2.5887	4.78755	-2.92384	1679.1	836.448	131.532	-87.2803	-0.000298575	372.623
29.7540	-0.99577	-267.473	1.85398	658.111	-0.996109	11.25	4.42668	7.55625	-2.88637	1678.18	841.083	131.223	-87.2803	-0.000451137	371.391
29.7547	1.14269	-377.978	2.46197	721.304	-0.393201	-8.90516	6.86007	9.97887	-2.84397	1678.02	845.957	130.914	-87.5854	-0.000145967	369.88
29.7553	1.74668	-445.725	0.938249	654.771	-0.0786402	-40.3367	6.57531	0.807538	-2.8134	1678.29	850.991	131.223	-87.1277	0.000159203	368.81
29.7560	1.43652	-613.241	0.330264	471.962	0.222814	-67.1839	5.04797	-8.9406	-2.78874	1677.86	855.705	131.386	-86.8225	6.59448e-006	367.88
29.7567	1.14269	-641.307	0.630503	121.918	-0.0786402	-70.5299	3.20999	-7.7293	-2.74634	1678.18	861.219	131.988	-86.3647	-0.000145967	366.369
29.7573	1.14269	-496.96	0.330264	-399.335	-0.393201	-55.5914	2.30395	1.15363	-2.71577	1678.78	866.972	132.753	-85.4492	-0.000145967	364.695
29.7580	-0.391778	-505.499	0.938249	-736.561	-1.31067	-33.0123	2.30395	5.42204	-2.67928	1679.21	872.645	133.664	-84.9915	-0.000145967	363.323
29.7587	-0.99577	-537.897	1.85398	-745.679	-1.91358	19.1803	2.30395	0.230725	-2.6428	1679.21	877.679	134.282	-84.6863	-0.000145967	362.091
29.7593	0.228537	-266.594	1.85398	-566.842	-0.996109	108.285	1.68266	-2.82638	-2.61223	1677.53	881.355	133.355	-85.7544	-0.000298575	361.184
29.7600	1.14269	125.26	0.938249	-243.971	-0.0786402	122.933	0.776611	2.94175	-2.58166	1675.59	884.551	131.842	-87.4329	-0.000298575	360.556
29.7607	1.43652	231.496	0.330264	71.5436	-0.393201	16.7301	0.465967	9.34437	-2.53926	1674.19	887.747	130.914	-88.501	-0.000145967	359.184
29.7613	0.832529	80.4302	0.630503	114.921	-0.0786402	-83.9667	-0.155322	12.7476	-2.50277	1673.27	891.103	130.458	-89.2639	6.59448e-006	358.115
29.7620	0.832529	-70.9494	-0.285228	0.451379	0.222814	-134.631	-0.465967	21.5728	-2.4722	1673.11	895.658	130.621	-89.2639	-0.000145967	357.045
29.7627	2.36699	-76.1607	-0.893213	-17.8746	0.524268	-175.521	-0.750724	35.301	-2.43473	1673.59	901.491	131.679	-88.0432	-0.000145967	355.534
29.7633	2.66083	-13.8759	0.022518	-64.5472	0.222814	-205.108	0.155322	39.9155	-2.40416	1674.19	906.845	132.606	-87.1277	6.59448e-006	354.301
29.7640	1.74668	-37.6722	1.24599	-215.308	-0.0786402	-213.065	2.30395	33.1668	-2.36767	1673.27	910.201	131.679	-88.0432	6.59448e-006	352.79
29.7647	0.228537	-86.8345	0.630503	-338.58	-0.0786402	-203.607	3.83128	22.7841	-2.33118	1672.84	914.276	130.914	-88.1958	-0.000298575	351.116
29.7653	-1.59976	-99.957	0.022518	-380.107	-0.0786402	-165.141	3.83128	14.8818	-2.30062	1673.27	919.949	131.386	-87.2803	0.000311811	350.349
29.7660	-3.13423	35.5375	-0.585468	-328.514	-0.393201	-69.9239	1.68266	16.0931	-2.27005	1673.27	924.823	131.386	-87.2803	0.000311811	349.279
29.7667	-3.13423	370.632	-0.893213	-198.833	-0.694655	17.3624	0.155322	18.5157	-2.23356	1672.19	928.979	130.149	-88.1958	-0.000298575	347.605
29.7673	-3.13423	554.347	-0.585468	-125.258	-0.0786402	28.9549	-0.155322	11.8247	-2.19707	1669.92	932.175	128.018	-89.5691	0.000159203	346.233
29.7680	-3.73822	451.816	0.022518	-186.013	-0.0786402	9.11593	0.155322	2.65334	-2.16059	1668.25	936.09	126.651	-90.4846	0.000616981	345.466
29.7687	-4.65237	413.076	0.330264	-172.291	-0.393201	2.08138	0.776611	-1.90348	-2.1241	1668.41	941.763	126.96	-90.7898	0.000159203	344.234
29.7693	-4.04838	530.237	0.630503	-8.39565	-0.694655	3.92565	1.06137	-1.32667	-2.08761	1668.68	947.996	127.871	-89.4165	0.000311811	341.955
29.7700	-2.53023	556.168	0.630503	113.386	-0.393201	-3.39871	1.9933	2.01885	-2.05704	1670.25	954.708	129.856	-87.738	0.000464373	340.118
29.7707	-1.90992	434.424	-0.285228	133.834	-0.393201	-12.5673	2.89935	-1.32667	-2.02056	1671.76	961.18	132.134	-86.9751	6.59448e-006	339.049
29.7713	-2.22008	300.436	-0.585468	93.5258	-0.694655	-1.26464	2.30395	-10.1519	-1.98308	1671.92	966.614	133.517	-86.2122	-0.000145967	337.84
29.7720	-2.82407	128.023	0.022518	6.27417	-0.0786402	12.4619	0.776611	-10.7864	-1.9466	1671.76	971.408	133.664	-85.7544	0.000311811	336.91
29.7727	-3.44438	-182.962	0.330264	-104.81	0.524268	-3.39871	0.155322	-9.8635	-1.91011	1671.27	975.164	133.664	-86.2122	0.000311811	336.142
29.7733	-3.73822	-327.937	0.330264	-130.449	0.825722	-58.0153	0.776611	-12.2861	-1.86771	1670.25	978.999	133.517	-86.8225	6.59448e-006	334.933
29.7740	-4.04838	-85.8927	0.022518	-59.0404	0.524268	-133.709	1.68266	1.44203	-1.83122	1669.6	983.554	133.355	-87.1277	-0.000298575	333.259
29.7747	-2.22008	190.559	-1.5012	-110.001	-0.0786402	-174.599	2.89935	23.707	-1.80065	1669.6	988.588	133.664	-86.9751	-0.000298575	332.027
29.7753	0.832529	227.791	-2.72468	-303.191	0.524268	-188.642	4.11604	26.4757	-1.77008	1669.44	993.622	133.973	-86.9751	-0.000298575	331.12
29.7760	3.57498	116.093	-3.03242	-396.898	1.14028	-214.593	5.64338	10.9018	-1.7336	1669.01	998.816	133.827	-87.1277	6.59448e-006	330.05
29.7767	4.79928	31.268	-1.5012	-347.156	1.14028	-187.72	6.86007	2.65334	-1.69021	1669.44	1004.49	134.282	-86.5173	6.59448e-006	328.679
29.7773	2.36699	30.3889	-0.285228	-281.525	0.524268	-116.004	5.64338	12.7476	-1.65964	1670.25	1010.72	135.193	-85.144	-0.000298575	326.54
29.7780	-1.30593	49.9157	-0.893213	-199.149	0.222814	-74.1921	4.11604	27.9754	-1.62315	1670.25	1016.08	135.502	-84.3811	0.000464373	324.865
29.7787	-3.73822	54.7503	-1.20096	-47.44	0.222814	-43.9988	2.89935	38.0697	-1.58667	1669.92	1020.63	134.282	-85.144	0.000464373	324.098
29.7793	-5.27268	30.3889	-0.893213	84.092	-0.0786402	4.24181	1.37201	46.3181	-1.55018	1669.01	1025.66	132.444	-86.6699	-0.000451137	323.191
29.7800	-5.58284	-48.66	-0.893213	101.154	-0.393201	102.488	0.776611	52.0862	-1.51369	1667.01	1029.98	130.621	-87.738	-0.000451137	322.122
29.7807	-5.27268	-109.689	-0.893213	117.629	-0.0786402	254.166	0.465967	53.6436	-1.47721	1665.5	1033.97	129.401	-88.501	-0.000145967	321.192
29.7813	-5.27268	-73.0842	-0.893213	272.994	0.524268	408.294	0.155322	53.0091	-1.44072	1664.9	1039.09	128.929	-88.8062	-0.000145967	320.122
29.7820	-4.96252	-49.2878	-0.893213	511.007	0.825722	488.545	0.155322	45.972	-1.40325	1664.74	1045.08	129.238	-88.8062	-0.000298575	318.913
29.7827	-4.65237	-120.677	-0.585468	672.465	0.222814	449.183	0.776611	30.1096	-1.36676	1665.5	1051.63	130.768	-87.738	-0.000298575	317.844
29.7833	-4.35853	-175.929	-0.893213	704.784	0.524268	368.905	0.465967	6.34494	-1.33027	1666.25	1058.03	132.134	-86.8225	6.59448e-006	316.774
29.7840	-4.65237	-284.3	-1.5012	650.799	1.44174	293.528	-0.155322	-18.6887	-1.29379	1665.66	1063.7	132.606	-86.9751	-0.000298575	314.798
29.7847	-4.35853	-400.519	-0.893213	606.248	1.44174	174.204	1.06137	-32.1285	-1.2573	1664.58	1069.37	132.753	-86.9751	-0.000298575	312.961
29.7853	-3.13423	-320.277	-0.285228	641.636	1.14028	55.8021	2.30395	-32.1285	-1.2149	1664.42	1074.65	132.899	-87.2803	0.000159203	312.031
29.7860	-2.22008	-289.448	-0.585468	633.105	0.222814	48.4778	1.68266	-26.3604	-1.18433	1664.26	1079.68	133.062	-87.8906	6.59448e-006	310.659
29.7867	-2.53023	-286.121	-0.585468	434.407	0.222814	123.855	1.9933	-22.3803	-1.14686	1663.34	1085.03	132.606	-88.501	6.59448e-006	309.752
29.7873	-3.44438	-120.112	-0.285228	14.8052	0.222814	158.949	2.89935	-29.3598	-1.11037	1661.83	1089.75	131.679	-89.5691	6.59448e-006	308.985
29.7880	-4.35853	-138.069	-0.893213	-509.472	-0.0786402	130.258	2.5887	-48.9137	-1.07388	1660.91	1094.38	131.223	-90.1794	0.000159203	308.078
29.7887	-5.58284	-403.281	-0.893213	-872.02	0.222814	11.856	2.30395	-68.7561	-1.0374	1660.48	1099.58	130.914	-89.7217	0.000769543	306.846
29.7893	-5.87667	-509.768	-0.585468	-989.83	0.825722	-159.344	3.52064	-73.3129	-1.00091	1660.75	1105.97	130.914	-88.8062	0.000616981	304.567
29.7900	-4.96252	-310.231	-0.893213	-890.662	1.14028	-227.081	5.04797	-62.6419	-0.970341	1662.31	1113.56	132.297	-87.5854	0.000311811	302.893
29.7907	-4.65237	58.1408	-0.893213	-605.932	1.44174	-272.872	6.26466	-44.3569	-0.939771	1663.66	1121.71	133.355	-86.3647	0.000159203	301.661
29.7913	-4.35853	252.216	-0.285228	-365.753	1.74319	-358.92	7.17071	-28.1485	-0.903285	1663.82	1128.82	133.355	-85.6018	6.59448e-006	300.289
29.7920	-4.96252	146.922	0.022518	-300.122	1.14028	-333.917	7.48136	-20.5345	-0.866798	1663.34	1135.13	132.899	-85.907	0.000159203	299.382
29.7927	-5.27268	63.0382	-0.285228	-286.084	0.825722	-238.384	6.86007	-13.4974	-0.830312	1662.42	1140.89	132.297	-86.2122	0.000464373	298.778
29.7933	-4.35853	159.165	-0.585468	-232.37	1.14028	-172.465	5.95402	-0.980582	-0.799742	1661.66	1147.12	132.297	-86.8225	0.000311811	297.383
29.7940	-2.53023	315.379	-1.5012	-157.938	1.14028	-98.2992	5.33273	9.34437	-0.763256	1661.07	1153.59	131.988	-87.4329	0.000159203	295.871
29.7947	-1.30593	417.032	-2.11669	-101.154	0.524268	-19.8917	4.11604	15.1702	-0.725783	1660.91	1159.19	131.679	-87.4329	-0.000145967	294.639
29.7953	-1.30593	409.686	-1.20096	-77.0504	0.825722	11.856	3.20999	22.4957	-0.695214	1660.32	1164.86	131.679	-87.4329	-0.000298575	293.43
29.7960	-2.53023	344.387	-1.20096	-20.3121	1.14028	2.08138	4.42668	34.0897	-0.658727	1659.72	1171.41	132.134	-87.1277	0.000159203	292.198
29.7967	-3.13423	326.053	-2.11669	65.45	1.44174	-31.774	4.42668	41.4152	-0.622241	1660.91	1178.92	133.517	-86.2122	0.000311811	290.988
29.7973	-4.04838	288.569	-2.72468	33.4021	1.44174	-62.9157	1.68266	33.8012	-0.591671	1661.66	1185.87	135.193	-85.2966	-0.000298575	289.314
29.7980	-5.58284	127.709	-2.11669	-70.6409	0.825722	-73.9023	-0.155322	20.3615	-0.561102	1661.4	1192.91	136.267	-84.3811	6.59448e-006	288.082
29.7987	-5.87667	-79.1745	-1.20096	-97.4979	1.14028	-90.9749	0.465967	11.1902	-0.524615	1661.5	1200.1	136.414	-84.6863	0.000311811	287.478
29.7993	-4.65237	-219.252	-0.585468	-69.7381	0.524268	-100.143	1.06137	0.807538	-0.494046	1659.99	1205.13	135.502	-86.2122	-0.000298575	286.571
29.8000	-3.13423	-366.99	-0.585468	-33.718	-0.0786402	-84.2828	0.776611	-8.6522	-0.457559	1657.99	1209.53	134.282	-87.8906	-0.000298575	285.501
29.8007	-3.13423	-549.45	-0.893213	-14.1733	-0.0786402	-60.4655	-0.465967	-14.4203	-0.421073	1656.97	1215.2	133.355	-88.501	-0.000298575	284.571
29.8013	-4.04838	-504.62	-0.893213	-78.5851	-0.393201	-48.5568	-1.68266	-15.6316	-0.384586	1656.05	1221.19	132.606	-88.9587	-0.000451137	283.502
29.8020	-5.27268	-234.196	0.022518	-158.84	-1.61212	-73.2963	-1.96742	-9.8635	-0.3481	1655.73	1228.06	132.297	-89.1113	-0.000298575	282.13
29.8027	-5.87667	-13.8759	1.24599	-110.949	-1.91358	-109.918	-2.27806	-2.82638	-0.311614	1656.21	1235.81	132.297	-88.1958	-0.000145967	281.06
29.8033	-6.79082	122.498	0.938249	40.7596	-1.31067	-123.934	-2.27806	3.57624	-0.281044	1656.81	1243.89	132.753	-87.2803	-0.000145967	280.456
29.8040	-5.87667	281.223	-0.285228	200.051	-0.694655	-109.602	-1.37201	4.78755	-0.237655	1657.13	1251.4	133.062	-86.9751	-0.000145967	278.921
29.8047	-4.35853	400.268	-0.893213	277.553	-0.0786402	-57.4093	0.155322	-3.74928	-0.201168	1656.05	1258.11	132.444	-87.738	-0.000451137	276.805
29.8053	-3.73822	406.358	-1.20096	236.071	-0.0786402	14.9122	0.465967	-13.209	-0.164682	1655.4	1265.14	131.532	-88.0432	6.59448e-006	275.573
29.8060	-3.44438	435.931	-1.20096	165.882	-0.393201	89.9737	0.465967	-19.3232	-0.128195	1655.4	1272.73	131.532	-87.5854	6.59448e-006	275.108
29.8067	-4.04838	498.215	-0.285228	132.299	-0.0786402	162.005	1.68266	-24.2261	-0.0857923	1654.38	1279.28	130.768	-88.3484	6.59448e-006	274.364
29.8073	-4.96252	469.208	0.022518	134.737	-0.0786402	186.429	1.06137	-28.1485	-0.0483198	1652.54	1285.52	129.694	-89.5691	0.000311811	273.434
29.8080	-6.18683	318.77	-0.285228	149.091	-0.0786402	163.85	-1.37201	-26.3604	-0.0177501	1651.63	1291.99	129.238	-90.332	0.000311811	272.829
29.8087	-6.79082	77.0397	-0.585468	72.4915	-0.0786402	145.223	-2.89935	-14.7664	0.0187363	1652.06	1299.1	129.856	-89.8743	0.000159203	272.062
29.8093	-7.10098	-76.4747	-0.285228	-57.2349	0.222814	134.842	-5.64338	-0.403769	0.0552227	1652.38	1306.93	131.223	-88.501	0.000159203	269.621
29.8100	-6.79082	-44.0765	0.022518	-93.8418	0.524268	139.426	-7.76611	11.4786	0.0976258	1652.97	1314.84	132.899	-87.4329	0.000616981	267.482
29.8107	-6.18683	41.9418	-0.285228	-58.1377	0.524268	152.231	-7.76611	22.2073	0.134112	1654.49	1322.91	134.429	-86.6699	0.000616981	266.714
29.8113	-5.58284	103.913	-0.585468	5.95821	0.825722	126.912	-6.54942	28.8983	0.170599	1654.81	1329.94	135.193	-85.7544	0.000311811	265.342
29.8120	-4.96252	104.854	0.022518	4.42352	0.825722	51.534	-7.17071	34.0897	0.213988	1654.22	1336.34	134.884	-85.907	0.000159203	264.273
29.8127	-4.35853	-37.6722	-0.285228	-43.7838	0.825722	-74.798	-7.17071	38.3581	0.250474	1653.46	1342.33	134.429	-86.8225	-0.000298575	263.366
29.8133	-3.44438	-326.053	0.022518	22.4336	1.44174	-210.009	-5.95402	32.5899	0.286961	1652.54	1347.68	133.517	-87.1277	-0.000298575	262.157
29.8140	-3.73822	-555.289	0.938249	99.0326	1.74319	-240.228	-5.02209	19.727	0.323447	1652.06	1353.6	132.444	-87.1277	0.000159203	261.39
29.8147	-4.35853	-395.37	0.938249	151.844	1.14028	-123.934	-4.11604	14.5357	0.366836	1652.06	1360.15	131.988	-86.9751	0.000159203	260.762
29.8153	-4.04838	18.7733	0.330264	284.865	0.524268	-11.935	-3.49475	26.7641	0.403323	1651.9	1366.54	131.532	-87.1277	-0.000145967	259.39
29.8160	-2.53023	124.067	0.330264	440.817	0.825722	5.74356	-2.89935	45.6836	0.439809	1651.63	1373.01	130.914	-87.1277	-0.000145967	258.181
29.8167	-1.90992	-44.7044	0.630503	492.41	0.825722	53.9842	-1.37201	54.8549	0.482212	1651.79	1380.12	131.386	-86.3647	-0.000451137	256.647
29.8173	-1.90992	-79.4884	0.630503	307.48	0.222814	153.759	0.155322	56.0662	0.524615	1652.38	1387.16	132.134	-84.9915	-0.000298575	254.972
29.8180	-2.53023	-149.057	-0.585468	-17.5587	0.222814	187.957	1.68266	52.0862	0.562088	1652.97	1393.71	132.297	-84.5337	0.000311811	253.903
29.8187	-3.44438	-435.931	-1.5012	-168.003	-0.0786402	127.518	2.5887	34.0897	0.604491	1652.7	1400.18	132.297	-84.8389	0.000159203	252.996
29.8193	-2.82407	-712.759	-0.893213	-154.552	-0.694655	60.6763	1.9933	5.71045	0.646894	1650.98	1404.73	131.386	-86.2122	-0.000298575	252.392
29.8200	-1.90992	-704.22	-1.20096	-190.888	-0.694655	16.7301	2.5887	-18.6887	0.68338	1649.2	1408.81	130.149	-87.8906	-0.000451137	251.927
29.8207	-2.53023	-328.188	-0.893213	-225.058	-0.0786402	-73.9023	5.04797	-34.8972	0.719867	1647.79	1413.84	129.694	-88.6536	-0.000451137	250.857
29.8213	-3.44438	40.4349	0.330264	-192.739	0.524268	-154.76	6.86007	-44.9337	0.757339	1646.71	1418.48	129.401	-88.9587	-0.000145967	249.787
29.8220	-4.04838	126.516	0.630503	-211.336	0.222814	-169.725	8.10264	-45.5682	0.799742	1646.44	1423.83	130.149	-89.2639	-0.000145967	248.253
29.8227	-2.53023	179.885	0.022518	-295.247	0.222814	-167.881	7.48136	-31.494	0.836229	1647.2	1430.22	131.532	-88.3484	0.000311811	247.811
29.8233	-0.99577	236.644	-0.585468	-302.289	0.825722	-133.709	6.26466	-6.1719	0.878632	1647.79	1436.46	132.753	-87.4329	0.000464373	247.183
29.8240	-0.99577	225.343	-0.893213	-233.002	0.825722	-87.6288	4.42668	13.9589	0.927938	1647.47	1441.97	133.664	-87.4329	-0.000451137	245.067
29.8247	-1.30593	233.003	-0.585468	-144.216	0.524268	-98.6154	0.465967	22.2073	0.964424	1646.71	1447.48	133.517	-87.5854	-0.000451137	243.835
29.8253	-1.90992	208.265	0.330264	-6.545	0.222814	-113.264	-6.86007	21.2844	1.00091	1646.44	1452.76	133.208	-87.4329	6.59448e-006	243.37
29.8260	-2.82407	213.476	0.630503	134.421	-0.393201	-57.4093	-16.0241	13.3244	1.0443	1645.96	1457.79	133.062	-88.0432	0.000159203	241.998
29.8267	-2.82407	256.485	0.330264	271.46	-0.694655	23.1587	-18.1468	5.99886	1.0867	1644.88	1461.95	131.679	-89.1113	0.000311811	241.394
29.8273	-1.59976	225.971	0.022518	423.755	-0.996109	39.9415	-13.2801	6.92176	1.12911	1643.53	1466.18	130.003	-90.0269	0.000159203	240.789
29.8280	-0.391778	124.632	0.330264	532.989	-0.996109	-4.61066	-10.2254	8.76756	1.16559	1642.61	1471.14	129.401	-90.0269	-0.000145967	239.255
29.8287	-0.685612	-149.998	0.330264	605.932	-0.393201	-11.935	-9.91474	1.44203	1.20898	1642.77	1476.41	128.929	-90.0269	0.000464373	238.79
29.8293	-2.22008	-342.566	1.24599	636.761	-0.694655	21.6306	-13.5648	-10.7864	1.25138	1643.53	1483.04	129.238	-89.2639	0.000311811	237.581
29.8300	-3.73822	-19.0873	2.46197	572.349	-0.996109	8.50996	-20.6061	-15.3432	1.28787	1644.88	1490.63	130.768	-87.4329	-0.000145967	235.139
29.8307	-4.65237	430.154	2.16173	355.687	-0.694655	-19.8917	-22.7288	-10.1519	1.33027	1645.63	1497.03	131.386	-86.0596	0.000159203	233.907
29.8313	-4.35853	439.321	1.24599	58.7244	-0.393201	-11.0392	-21.5121	-7.0948	1.37366	1645.53	1502.7	131.679	-85.7544	0.000159203	233.163
29.8320	-2.22008	68.1868	0.630503	-125.574	-0.393201	6.05972	-20.8908	-8.6522	1.41607	1644.88	1508.21	131.842	-86.0596	6.59448e-006	232.233
29.8327	-0.391778	-193.635	0.938249	-206.145	0.222814	-8.589	-20.2954	-11.7093	1.45255	1644.45	1513.25	131.386	-86.8225	0.000311811	231.93
29.8333	0.228537	-106.675	0.022518	-284.595	0.524268	-49.7951	-19.9848	-12.2861	1.49594	1644.12	1517.96	131.532	-87.1277	0.000159203	231.024
29.8340	0.228537	17.5176	-0.285228	-304.726	0.222814	-50.0849	-19.0788	-9.22901	1.53835	1643.53	1522.04	131.679	-87.1277	6.59448e-006	229.35
29.8347	-0.0816205	-11.1133	0.330264	-291.907	-0.393201	13.0679	-16.6195	-8.0177	1.58075	1643.04	1526.19	131.988	-86.9751	0.000311811	228.722
29.8353	-0.685612	-73.3981	0.630503	-343.455	-0.694655	50.322	-14.1861	-8.9406	1.62414	1642.45	1530.19	132.134	-87.1277	6.59448e-006	227.815
29.8360	-0.99577	-55.6921	0.630503	-375.818	-0.694655	10.9338	-11.4421	-5.88349	1.66062	1642.29	1533.78	132.444	-87.1277	-0.000145967	226.443
29.8367	-1.30593	30.075	0.630503	-343.77	-0.393201	-0.0526932	-9.00869	6.34494	1.69711	1643.37	1538.74	133.827	-86.0596	6.59448e-006	225.536
29.8373	-1.59976	147.864	0.330264	-298.317	0.222814	76.5633	-6.23878	20.6499	1.74543	1644.45	1544.01	135.34	-84.6863	6.59448e-006	224.467
29.8380	-0.685612	146.043	0.330264	-237.561	0.222814	125.067	-0.465967	25.2644	1.78882	1644.61	1548.32	135.649	-84.0759	6.59448e-006	223.235
29.8387	0.228537	-128.023	0.630503	-185.111	0.222814	105.545	7.792	27.0525	1.82531	1643.53	1551.52	135.047	-84.5337	-0.000145967	222.63
29.8393	0.522371	-324.232	0.022518	-198.201	0.222814	69.2389	15.7134	30.1096	1.86771	1641.69	1553.84	133.517	-86.2122	-0.000451137	222.328
29.8400	-0.391778	-161.3	0.022518	-239.412	0.222814	30.483	18.1727	31.9554	1.9042	1640.02	1555.52	131.842	-88.0432	-0.000603745	221.398
29.8407	-1.30593	30.075	0.630503	-206.777	-0.0786402	-1.26464	15.4287	38.6465	1.94068	1638.78	1557.75	130.621	-88.6536	-0.000298575	220.491
29.8413	-1.30593	103.599	0.330264	-181.139	-0.0786402	-26.5837	13.9013	43.5494	1.98407	1638.02	1560.39	129.694	-88.9587	6.59448e-006	219.886
29.8420	-0.99577	155.775	-0.285228	-198.833	0.222814	-36.9643	14.8074	36.5123	2.02647	1638.19	1563.59	129.401	-88.9587	-0.000145967	218.654
29.8427	-0.99577	189.994	-0.285228	-151.528	-0.0786402	-41.5486	14.1861	28.6099	2.06888	1638.19	1567.26	129.238	-88.501	-0.000298575	217.143
29.8433	-1.30593	189.68	0.022518	-83.1441	-0.0786402	-65.6558	11.1314	28.2638	2.11227	1637.86	1570.46	128.783	-88.0432	6.59448e-006	216.073
29.8440	-0.391778	73.0842	0.330264	6.545	-0.0786402	-92.8191	6.57531	29.8212	2.14875	1638.02	1573.97	128.473	-88.0432	0.000159203	215.306
29.8447	2.05684	-146.922	0.630503	110.001	-0.694655	-107.758	4.11604	25.2644	2.19116	1638.02	1578.21	128.327	-88.0432	-0.000145967	214.376
29.8453	3.57498	-262.889	0.630503	148.775	-0.393201	-85.1786	2.5887	12.4015	2.22764	1637.59	1582.6	128.473	-88.0432	-0.000145967	213.469
29.8460	3.88513	-200.04	0.330264	172.562	0.524268	-12.5673	0.155322	1.44203	2.27103	1636.94	1586.28	129.238	-88.1958	6.59448e-006	212.562
29.8467	3.28114	-210.399	0.330264	229.662	0.825722	13.3841	-2.27806	-3.46088	2.30752	1635.59	1587.96	128.783	-89.2639	-0.000298575	211.632
29.8473	1.14269	-315.379	0.630503	235.439	0.222814	-9.19497	-3.49475	-3.46088	2.344	1633.92	1589.48	127.562	-90.7898	-0.000145967	211.028
29.8480	-0.99577	-331.892	0.938249	123.452	-0.0786402	42.6815	-4.42668	-0.980582	2.38049	1633.17	1591.47	128.181	-90.4846	0.000159203	210.725
29.8487	-2.82407	-381.62	1.54623	12.9546	-0.393201	91.818	-4.73733	1.73044	2.42289	1633.76	1593.79	130.149	-89.4165	0.000159203	209.958
29.8493	-4.04838	-354.747	1.54623	-103.592	-0.694655	124.172	-5.02209	6.34494	2.45346	1635	1596.19	131.842	-88.8062	-0.000298575	208.121
29.8500	-5.27268	110.631	1.54623	-247.672	0.222814	249.898	-5.02209	14.5357	2.49685	1635.76	1598.19	133.062	-87.4329	-0.000298575	206.447
29.8507	-5.27268	620.901	1.24599	-271.46	0.222814	368.299	-5.33273	25.2644	2.53334	1636.67	1600.34	133.973	-86.0596	0.000464373	205.982
29.8513	-4.96252	560.751	0.938249	-187.232	-0.393201	341.452	-5.95402	31.3209	2.56391	1637.43	1602.18	134.119	-85.4492	0.000464373	205.54
29.8520	-3.73822	218.687	0.938249	-131.667	0.524268	142.772	-5.33273	27.0525	2.60631	1636.94	1603.7	133.517	-85.4492	6.59448e-006	205.238
29.8527	-2.22008	65.4869	1.54623	-153.965	1.14028	-34.2243	-3.20999	6.63335	2.6428	1636.03	1604.74	132.444	-86.0596	0.000159203	204.308
29.8533	-2.22008	9.60642	1.85398	-162.497	0.825722	-6.74473	-1.96742	-22.3803	2.6852	1634.84	1605.7	131.223	-87.1277	6.59448e-006	202.936
29.8540	-1.59976	-91.9831	1.24599	-121.918	0.524268	81.4374	-1.68266	-31.8401	2.72859	1634.35	1607.69	130.621	-87.4329	-0.000145967	202.495
29.8547	-0.99577	-151.819	0.330264	-4.42352	0.222814	63.7325	-0.465967	-10.7864	2.75916	1634.35	1610.25	130.768	-87.1277	-0.000298575	202.029
29.8553	-1.90992	-58.1408	0.330264	212.87	-0.0786402	-119.666	-0.750724	10.9018	2.78973	1633.92	1611.77	130.914	-86.9751	-0.000145967	201.099
29.8560	-2.82407	118.856	0.938249	398.117	-0.393201	-364.426	-2.27806	11.8247	2.83213	1633.92	1613.13	130.914	-86.6699	0.000311811	200.193
29.8567	-2.82407	212.22	1.24599	511.322	-0.0786402	-445.6	-2.89935	8.13306	2.87454	1634.51	1615.28	131.077	-85.907	6.59448e-006	198.821
29.8573	-2.82407	186.289	1.24599	495.75	-0.0786402	-388.534	-2.89935	1.15363	2.91201	1635.43	1617.44	132.297	-84.9915	-0.000145967	197.449
29.8580	-2.22008	175.301	0.938249	301.341	0.222814	-210.931	-2.89935	-11.9977	2.9485	1635.43	1618.48	133.355	-84.5337	-0.000145967	196.682
29.8587	-0.685612	80.4302	0.938249	67.6166	0.825722	136.054	-2.5887	-15.6316	2.98498	1634.68	1618.48	133.208	-84.8389	-0.000145967	196.077
29.8593	1.14269	-233.003	0.630503	-63.9153	1.14028	390.589	-2.5887	-11.3632	3.02147	1633	1617.76	131.988	-86.0596	-0.000298575	195.775
29.8600	2.36699	-183.275	0.630503	-17.8746	0.825722	355.495	-1.96742	-10.1519	3.05795	1631.17	1617.76	131.386	-87.4329	-0.000298575	195.612
29.8607	1.14269	342.88	1.24599	41.3463	0.222814	195.281	-0.155322	-15.0548	3.09444	1629.93	1618.16	131.077	-88.501	-0.000451137	195.17
29.8613	-0.99577	417.911	1.54623	-83.46	0.524268	88.1558	2.30395	-18.1119	3.13093	1629.33	1618.64	130.914	-89.1113	-0.000298575	194.403
29.8620	-0.0816205	-169.211	1.24599	-227.495	0.825722	45.7377	5.04797	-11.9977	3.17432	1629.17	1619.76	131.842	-88.8062	-0.000145967	193.473
29.8627	2.36699	-505.813	0.630503	-208.582	0.524268	26.5047	5.95402	-4.96059	3.2108	1629.33	1620.96	132.606	-88.1958	-0.000298575	191.962
29.8633	2.05684	-280.595	0.330264	-63.9153	0.222814	-17.1253	4.42668	-8.30611	3.24729	1629.66	1622.32	133.062	-87.738	-0.000145967	191.334
29.8640	1.14269	-71.2633	0.630503	99.3486	0.825722	-95.8753	3.20999	-23.8801	3.28378	1629.66	1623.2	133.062	-87.738	-0.000145967	191.032
29.8647	1.14269	-2.00919	0.330264	205.558	0.825722	-156.604	3.20999	-39.1656	3.32026	1629.33	1623.36	132.444	-87.8906	6.59448e-006	190.125
29.8653	1.74668	-11.4272	0.022518	272.046	1.44174	-177.049	3.20999	-30.6288	3.35675	1629.17	1623.83	131.988	-87.5854	0.000159203	189.055
29.8660	3.28114	-132.92	0.022518	321.517	1.44174	-177.339	2.89935	4.78755	3.39323	1628.74	1623.67	130.914	-88.3484	6.59448e-006	188.288
29.8667	2.97098	-142.087	0.938249	321.202	-0.0786402	-155.076	2.5887	41.4152	3.43662	1627.34	1622.96	129.547	-89.4165	0.000159203	187.846
29.8673	1.14269	-66.6799	1.54623	258.008	-1.61212	-108.68	3.20999	62.4689	3.47311	1625.82	1622.8	128.327	-90.1794	0.000159203	187.079
29.8680	0.832529	-81.3093	0.630503	215.308	-1.61212	-44.6048	3.20999	65.2376	3.50368	1624.91	1623.12	126.96	-90.4846	6.59448e-006	186.312
29.8687	-0.0816205	-120.677	0.022518	177.166	-2.21503	31.695	3.83128	53.932	3.53425	1625.39	1624.31	127.709	-89.8743	0.000311811	186.009
29.8693	-2.53023	-85.8927	-0.285228	60.5751	-2.21503	76.8531	2.89935	41.4152	3.57665	1626.74	1627.35	129.547	-88.3484	0.000464373	184.94
29.8700	-4.35853	-33.7167	-0.585468	-135.639	-2.52959	76.2471	1.06137	28.6099	3.61906	1627.98	1630.55	130.914	-87.1277	0.000159203	183.266
29.8707	-4.96252	-124.381	0.330264	-372.162	-2.83105	47.5556	0.465967	7.21016	3.65653	1628.42	1632.7	132.134	-86.0596	0.000311811	182.638
29.8713	-4.96252	-324.546	0.630503	-485.368	-3.1325	3.92565	0.155322	-15.0548	3.6871	1628.58	1634.38	133.208	-85.2966	0.000616981	182.336
29.8720	-4.96252	-367.869	0.330264	-346.524	-3.1325	-23.5539	0.155322	-26.9372	3.72358	1627.98	1634.94	133.355	-86.0596	0.000159203	181.429
29.8727	-5.27268	-212.534	0.022518	-100.838	-3.1325	-33.6183	-0.465967	-25.0914	3.76007	1627.17	1634.86	132.444	-87.738	-0.000603745	180.197
29.8733	-4.35853	-137.504	0.022518	125.258	-2.21503	-31.4842	-2.5887	-15.9777	3.79656	1626.42	1635.1	132.297	-87.8906	-0.000451137	179.592
29.8740	-3.13423	-127.081	0.330264	282.157	-1.61212	-38.2026	-3.49475	4.21074	3.82713	1625.5	1635.9	132.753	-87.2803	0.000311811	179.127
29.8747	-2.22008	-95.0596	0.330264	322.42	-0.996109	-35.4362	-1.96742	31.9554	3.86361	1625.07	1635.9	132.606	-87.5854	0.000159203	178.383
29.8753	-1.30593	-100.585	0.022518	313.573	-0.393201	56.4081	-1.06137	43.5494	3.90602	1625.39	1636.62	132.606	-87.738	-0.000145967	177.918
29.8760	1.43652	-43.8254	0.630503	197.614	-0.393201	155.287	-0.155322	34.3781	3.94349	1625.66	1638.3	133.208	-87.1277	-0.000298575	177.313
29.8767	3.88513	82.2511	1.54623	-3.52076	-0.0786402	147.04	1.68266	17.016	3.97998	1625.82	1639.58	133.664	-85.907	-0.000298575	176.383
29.8773	2.97098	322.726	1.54623	-62.6966	0.222814	119.271	1.06137	-2.53798	4.01055	1626.9	1641.41	134.282	-84.5337	-0.000145967	175.779
29.8780	1.43652	580.592	0.938249	30.9646	-0.0786402	119.903	-2.5887	-25.0914	4.04703	1627.34	1643.25	133.973	-83.9233	-0.000298575	174.872
29.8787	0.522371	672.763	-0.285228	51.4121	0.222814	58.5422	-5.64338	-41.0114	4.08352	1626.15	1643.25	132.899	-84.9915	-0.000298575	174.407
29.8793	0.522371	687.079	-0.893213	-96.9111	0.524268	-26.2939	-7.48136	-40.0885	4.12	1624.48	1642.61	131.223	-86.9751	-0.000451137	174.407
29.8800	-0.0816205	632.14	-0.285228	-186.6	0.524268	-21.1036	-8.3874	-36.1085	4.15057	1622.91	1642.45	129.547	-88.3484	-0.000603745	174.105
29.8807	-0.391778	576.636	0.022518	-168.59	0.524268	8.1938	-8.07676	-37.9543	4.18706	1621.24	1642.13	128.473	-88.9587	-0.000451137	173.5
29.8813	0.228537	381.934	-0.585468	-211.923	0.524268	-13.4631	-6.23878	-33.9743	4.21763	1620.32	1642.29	128.018	-89.5691	-0.000451137	172.57
29.8820	0.522371	37.9862	-0.893213	-287.032	0.222814	-27.2161	-5.02209	-19.9001	4.25412	1620.97	1643.81	129.238	-88.9587	6.59448e-006	172.268
29.8827	-0.685612	47.781	-0.285228	-324.271	-0.0786402	-26.8999	-5.33273	-4.38378	4.29751	1620.97	1644.77	130.458	-88.3484	6.59448e-006	171.361
29.8833	-1.30593	223.836	-0.285228	-350.496	0.524268	-50.4011	-4.11604	7.21016	4.32709	1620.48	1644.29	130.458	-88.3484	-0.000451137	170.292
29.8840	-0.0816205	-32.5237	-0.585468	-406.964	1.14028	-76.0363	-2.5887	2.01885	4.35766	1620.97	1644.45	131.077	-87.8906	6.59448e-006	170.129
29.8847	0.522371	-468.58	0.022518	-421.588	1.44174	-56.4871	-0.750724	-16.5545	4.39513	1620.8	1645.09	131.679	-87.8906	-0.000145967	169.524
29.8853	-0.0816205	-398.384	0.938249	-350.812	1.14028	-7.37705	2.5887	-25.0914	4.43162	1619.89	1645.33	131.679	-87.8906	-0.000298575	168.315
29.8860	-0.391778	-26.9984	0.938249	-288.251	1.14028	-10.1171	6.26466	-14.4203	4.4681	1619.4	1645.97	131.386	-87.738	0.000311811	168.153
29.8867	-0.0816205	111.824	0.630503	-293.442	1.14028	-113.264	7.17071	2.01885	4.49867	1618.65	1645.97	130.312	-89.1113	0.000159203	168.315
29.8873	-0.0816205	212.534	0.938249	-324.271	1.44174	-242.968	6.57531	9.05597	4.52924	1617.3	1645.65	129.401	-90.4846	-0.000298575	167.548
29.8880	0.522371	264.459	0.630503	-312.67	1.44174	-305.515	5.64338	6.63335	4.56573	1616.05	1646.45	129.092	-90.6372	0.000159203	166.781
29.8887	1.14269	21.8499	0.630503	-246.408	1.14028	-316.212	5.64338	-1.32667	4.60222	1615.73	1648.45	128.929	-90.4846	0.000311811	166.013
29.8893	0.832529	-50.7947	1.54623	-167.101	0.825722	-268.894	4.73733	-7.0948	4.6387	1617.3	1651.88	130.003	-89.2639	6.59448e-006	165.107
29.8900	-0.391778	197.591	1.24599	-106.977	0.222814	-165.747	2.89935	-0.692176	4.67519	1619.56	1655.88	132.297	-86.8225	0.000159203	164.944
29.8907	-0.685612	153.954	0.938249	-72.4915	-0.0786402	-63.2055	2.89935	10.9018	4.70576	1620.32	1658.59	133.517	-85.144	0.000311811	164.479
29.8913	0.228537	-167.704	1.54623	-59.0404	-0.393201	26.8209	1.9933	17.3044	4.74225	1619.13	1659.55	131.988	-85.4492	0.000311811	162.967
29.8920	1.14269	-279.089	1.54623	-18.4614	-0.694655	69.8449	-0.155322	17.3044	4.77873	1618.32	1660.43	130.312	-86.3647	-0.000145967	162.665
29.8927	0.832529	-108.496	0.938249	78.5851	-0.996109	39.0193	0.155322	22.4957	4.8162	1618.21	1661.95	129.694	-86.8225	-0.000298575	163.107
29.8933	-0.0816205	3.20214	0.330264	184.479	-0.393201	-8.589	-2.5887	32.5899	4.85269	1617.73	1663.39	129.092	-86.6699	0.000159203	162.665
29.8940	0.832529	-455.771	-0.285228	304.41	0.222814	-28.428	-10.2254	31.3209	4.88326	1617.46	1665.94	128.929	-86.8225	0.000311811	161.596
29.8947	2.66083	-1108.57	-0.585468	519.583	0.524268	-20.7875	-15.7134	22.4957	4.91383	1617.13	1668.98	129.401	-86.9751	-0.000145967	160.828
29.8953	2.97098	-1024.31	0.022518	783.865	0.825722	-3.71487	-16.0241	18.5157	4.95623	1616.38	1671.3	129.238	-87.2803	-0.000145967	160.224
29.8960	2.66083	-536.641	0.330264	916.887	1.44174	-4.32085	-13.8755	12.7476	4.99272	1616.54	1674.49	129.856	-87.1277	0.000159203	159.759
29.8967	1.74668	-279.402	0.330264	900.095	0.524268	24.0545	-11.4421	0.519132	5.02921	1617.3	1678.49	131.679	-85.6018	0.000311811	159.154
29.8973	1.14269	-26.9984	0.330264	832.659	-0.0786402	107.679	-8.69805	-4.03769	5.06569	1617.89	1681.21	132.606	-84.8389	0.000159203	158.387
29.8980	0.228537	263.517	0.630503	655.358	-0.393201	148.885	-5.33273	-5.59509	5.10316	1618.21	1683.84	133.355	-84.9915	-0.000298575	157.48
29.8987	-0.391778	281.851	0.938249	329.146	-0.996109	171.78	-2.27806	-22.9572	5.14557	1616.54	1685.6	133.062	-85.2966	6.59448e-006	157.155
29.8993	-0.685612	229.361	1.24599	42.5651	-1.31067	176.654	0.155322	-38.2427	5.18797	1614.71	1685.76	131.532	-86.6699	0.000159203	157.782
29.9000	-0.391778	372.767	1.24599	15.708	-0.694655	91.5018	1.68266	-36.3969	5.21854	1613.3	1686.24	130.458	-88.1958	-0.000298575	157.62
29.9007	1.14269	493.632	1.85398	163.128	-0.393201	57.9362	0.776611	-28.4946	5.24911	1612.11	1687.44	129.694	-88.6536	-0.000603745	157.155
29.9013	1.74668	496.081	1.54623	274.213	-0.393201	108.917	-1.06137	-24.2261	5.2856	1611.63	1689.44	129.238	-88.9587	-0.000145967	156.713
29.9020	2.05684	495.767	0.330264	277.237	0.222814	110.129	3.20999	-29.0714	5.32208	1611.79	1691.91	129.694	-88.8062	0.000159203	155.946
29.9027	3.28114	471.656	0.630503	204.023	0.524268	26.8209	13.9013	-35.1856	5.35857	1612.22	1694.63	130.149	-88.0432	6.59448e-006	155.643
29.9033	4.48913	196.398	1.24599	115.824	0.222814	-86.7067	20.6061	-29.3598	5.39604	1612.87	1698.15	130.458	-87.1277	-0.000145967	155.481
29.9040	5.10944	-307.154	1.24599	-21.2148	0.524268	-140.717	20.6061	-13.8435	5.42661	1612.38	1701.34	130.003	-86.8225	6.59448e-006	154.272
29.9047	4.79928	-626.678	1.24599	-241.849	0.222814	-105.334	19.3894	-7.44089	5.4631	1611.04	1703.34	128.783	-87.4329	0.000159203	153.202
29.9053	4.79928	-540.911	1.24599	-498.503	0.222814	-20.7875	17.8621	-11.3632	5.49958	1611.2	1706.86	128.327	-87.8906	6.59448e-006	153.342
29.9060	4.79928	-331.265	0.630503	-648.361	0.524268	4.24181	16.0241	-11.3632	5.53607	1611.2	1710.85	127.871	-88.1958	6.59448e-006	153.202
29.9067	4.19529	-197.905	0.330264	-602.591	-0.0786402	-55.2752	14.1861	-12.2861	5.57847	1609.52	1712.77	126.342	-89.2639	6.59448e-006	153.039
29.9073	3.57498	34.3445	0.330264	-503.062	-0.0786402	-84.2828	13.2801	-15.6316	5.60313	1607.96	1714.93	125.268	-90.4846	-0.000298575	153.039
29.9080	3.28114	264.459	0.630503	-477.74	0.825722	-49.1891	16.0241	-13.209	5.6337	1607.53	1717.96	125.268	-90.4846	6.59448e-006	152.737
29.9087	3.57498	243.049	0.630503	-458.827	0.222814	15.2283	16.0241	-6.1719	5.6761	1607.8	1722.28	126.798	-89.2639	0.000464373	151.83
29.9093	4.19529	126.202	0.630503	-402.36	-0.694655	47.2658	8.3874	8.47915	5.71259	1608.88	1727.15	128.783	-87.5854	6.59448e-006	150.598
29.9100	3.88513	103.285	1.54623	-345.621	-0.393201	13.3841	5.64338	31.3209	5.75006	1610.28	1731.71	130.312	-86.2122	6.59448e-006	149.993
29.9107	1.74668	84.0719	1.54623	-296.466	-0.0786402	-12.5673	1.68266	48.7407	5.78063	1611.2	1735.54	131.842	-85.6018	0.000464373	149.831
29.9113	-0.391778	148.491	0.330264	-264.734	-0.393201	4.53162	-14.4967	56.9891	5.82303	1610.55	1738.42	132.134	-85.907	0.000159203	149.087
29.9120	-1.30593	296.167	0.022518	-252.231	-0.996109	41.1534	-23.9455	57.912	5.85952	1609.63	1741.46	131.842	-86.3647	-0.000145967	148.622
29.9127	-0.99577	184.154	0.630503	-247.356	-0.996109	78.9872	-20.2954	47.241	5.896	1609.04	1744.65	131.988	-86.6699	0.000159203	148.784
29.9133	1.74668	56.6339	0.022518	-193.01	-0.996109	85.0996	-16.0241	23.4186	5.93249	1608.28	1747.77	131.532	-87.1277	6.59448e-006	148.459
29.9140	2.97098	147.864	-0.893213	-18.4614	-0.996109	75.6411	-11.4421	-5.249	5.96898	1608.28	1751.12	131.223	-87.4329	-0.000145967	148.157
29.9147	2.05684	10.8622	-0.585468	214.089	-0.694655	78.3812	-7.48136	-25.0914	5.99955	1607.96	1754	131.679	-87.4329	6.59448e-006	148.157
29.9153	2.36699	-189.994	0.022518	368.19	-0.0786402	71.0568	-5.95402	-26.9372	6.03603	1607.2	1757.2	131.842	-87.2803	6.59448e-006	147.854
29.9160	2.36699	-78.6094	0.630503	341.333	-0.393201	51.2178	-5.64338	-11.3632	6.07351	1607.53	1761.35	132.297	-86.8225	-0.000145967	147.087
29.9167	2.36699	103.599	1.54623	214.405	-0.0786402	-26.2939	-6.54942	4.49914	6.10999	1608.28	1765.59	132.899	-85.907	0.000159203	146.18
29.9173	10.3005	157.596	1.54623	127.424	0.222814	-162.69	-8.3874	7.84466	6.1524	1608.88	1769.58	133.827	-84.2285	6.59448e-006	145.878
29.9180	21.2866	58.7687	1.24599	50.5093	-0.0786402	-153.232	-10.8208	9.97887	6.18888	1609.2	1773.26	133.355	-84.0759	-0.000145967	146.017
29.9187	17.3199	-97.8223	1.54623	-33.718	-0.0786402	-9.80094	-15.0921	16.6699	6.21945	1607.8	1775.81	131.679	-85.7544	-0.000603745	145.576
29.9193	4.79928	-102.72	0.938249	-47.1691	-0.0786402	0.263466	-18.1468	22.7841	6.25594	1605.37	1777.81	129.694	-87.1277	-0.000298575	144.948
29.9200	-3.73822	-22.101	-0.893213	30.9646	0.524268	-79.9883	-18.7681	21.8612	6.29242	1604.02	1780.69	128.018	-88.3484	0.000311811	145.413
29.9207	-3.73822	-91.9831	-1.80894	75.8317	1.14028	-50.6909	-18.4575	13.9589	6.3299	1603.53	1784.84	127.562	-89.1113	6.59448e-006	145.413
29.9213	0.832529	-212.22	-1.5012	30.6487	1.14028	27.4268	-18.4575	17.9389	6.36047	1602.94	1788.92	127.871	-88.9587	0.000159203	144.948
29.9220	3.88513	-182.962	-0.585468	-29.4299	0.825722	47.5556	-18.1468	32.8783	6.40287	1602.94	1793.07	128.783	-88.501	6.59448e-006	144.343
29.9227	5.10944	-113.707	0.630503	-123.452	0.222814	73.1909	-19.0788	32.8783	6.43344	1603.1	1797.31	129.694	-88.3484	6.59448e-006	143.576
29.9233	4.19529	-36.1654	0.630503	-205.558	0.222814	89.9737	-19.6742	18.5157	6.46993	1602.61	1801.46	129.856	-88.1958	6.59448e-006	143.437
29.9240	1.74668	-89.2832	-0.285228	-177.437	0.524268	31.3788	-17.5514	5.99886	6.50641	1603.1	1805.3	130.768	-87.738	0.000159203	144.204
29.9247	-0.391778	-423.75	0.630503	-120.067	0.825722	-19.5755	-9.91474	-5.59509	6.5429	1603.26	1807.86	131.679	-87.2803	6.59448e-006	143.739
29.9253	-1.90992	-364.856	2.46197	-85.3107	1.14028	-21.3935	-0.465967	-20.5345	6.57347	1602.61	1810.73	131.386	-87.5854	-0.000908915	142.669
29.9260	-1.30593	196.084	0.938249	-39.2249	0.524268	-47.661	2.5887	-31.494	6.60995	1602.18	1813.85	130.768	-88.3484	-0.000603745	143.134
29.9267	0.832529	344.387	-1.20096	32.1833	0.825722	-92.503	2.5887	-31.494	6.64052	1600.94	1815.37	129.401	-89.8743	-0.000145967	143.576
29.9273	2.36699	165.57	-0.893213	68.2034	1.44174	-86.1007	3.83128	-25.0914	6.67109	1599.11	1816.57	128.181	-91.095	-0.000145967	143.134
29.9280	2.97098	265.024	-0.285228	80.7066	1.14028	-42.1546	5.64338	-18.1119	6.70758	1598.35	1819.28	127.871	-90.9424	6.59448e-006	142.367
29.9287	2.36699	258.055	-0.285228	159.743	1.14028	-33.3021	7.792	-14.7664	6.75097	1598.84	1823.92	128.473	-89.8743	-0.000145967	141.6
29.9293	0.522371	-79.1745	0.330264	204.61	2.05775	-33.3021	10.8467	-16.2661	6.78154	1600.51	1829.99	130.768	-87.4329	0.000159203	141.46
29.9300	2.05684	-220.194	0.630503	254.668	2.35921	-0.658665	16.3347	-14.7664	6.81211	1601.59	1834.7	131.077	-86.6699	0.000464373	141.135
29.9307	6.93774	-96.0014	0.630503	459.459	2.35921	-25.0556	17.8621	-9.22901	6.8486	1601.86	1838.06	130.914	-86.5173	0.000464373	140.832
29.9313	9.99035	76.4747	1.54623	683.749	1.74319	-155.998	14.8074	-5.249	6.88508	1602.02	1842.22	131.679	-85.7544	0.000159203	140.53
29.9320	9.0762	182.334	1.24599	830.222	0.825722	-209.087	11.7527	-6.1719	6.91565	1600.94	1845.41	130.914	-86.0596	6.59448e-006	140.065
29.9327	6.93774	151.191	-0.285228	946.813	0.524268	-33.0123	9.62998	-10.1519	6.94622	1600.19	1848.29	130.312	-86.6699	0.000311811	140.53
29.9333	3.88513	80.1163	-0.585468	945.594	-0.0786402	183.372	8.10264	-15.9777	6.98271	1600.02	1851.64	130.458	-86.9751	6.59448e-006	140.693
29.9340	-1.59976	11.4272	0.022518	765.855	-0.996109	271.555	4.73733	-19.6116	7.01919	1599.27	1855	130.312	-87.1277	-0.000298575	140.065
29.9347	-4.04838	-102.72	-0.585468	496.066	-0.694655	278.589	2.89935	-17.7658	7.04976	1598.94	1858.36	130.458	-86.9751	-0.000145967	139.926
29.9353	-2.22008	-418.225	-1.20096	150.309	-0.0786402	265.469	4.42668	-18.1119	7.08033	1598.67	1861.23	130.914	-86.9751	-0.000145967	139.623
29.9360	1.43652	-889.128	-1.5012	-196.666	-0.0786402	243.785	6.26466	-20.2461	7.11682	1598.84	1865.07	131.679	-86.3647	6.59448e-006	139.158
29.9367	3.88513	-977.03	-1.80894	-427.998	0.524268	209.008	6.86007	-10.1519	7.15331	1599.86	1869.62	133.517	-85.2966	0.000159203	138.693
29.9373	4.48913	-562.258	-0.585468	-613.876	1.44174	157.131	7.48136	7.84466	7.18388	1600.67	1873.94	135.34	-84.6863	6.59448e-006	138.693
29.9380	4.19529	-177.185	0.630503	-676.437	1.44174	86.0217	7.48136	15.1702	7.20853	1600.19	1877.13	135.649	-84.6863	-0.000451137	138.251
29.9387	4.79928	-18.1455	-0.285228	-497.601	0.222814	23.4485	4.42668	7.21016	7.24501	1598.84	1878.33	134.575	-85.7544	-0.000298575	137.786
29.9393	5.71343	100.585	-1.5012	-268.074	-0.393201	-52.5352	0.465967	-0.403769	7.2815	1596.84	1878.65	133.062	-87.4329	6.59448e-006	138.251
29.9400	6.02359	338.297	-2.11669	-192.107	-0.0786402	-148.964	-1.06137	10.2673	7.31207	1595.33	1879.45	131.988	-88.3484	-0.000298575	139.019
29.9407	6.02359	428.333	-2.72468	-244.918	0.222814	-145.302	-0.465967	27.687	7.33672	1594.68	1880.49	130.914	-88.8062	-0.000298575	139.019
29.9413	4.79928	221.701	-1.80894	-301.973	0.524268	-102.278	0.155322	25.8412	7.36729	1594.41	1881.85	129.547	-89.1113	-0.000451137	138.554
29.9420	2.66083	-32.5237	-0.893213	-344.989	0.222814	-169.725	-1.68266	8.13306	7.40378	1593.76	1884.01	129.238	-88.9587	-0.000603745	137.949
29.9427	1.14269	-187.859	-0.893213	-383.763	-0.393201	-204.819	-5.33273	-8.6522	7.44027	1593.92	1886.72	129.694	-88.501	-0.000298575	137.484
29.9433	-0.685612	102.72	0.022518	-376.45	-0.393201	-138.293	-6.86007	-18.6887	7.46492	1594.25	1889.68	130.312	-88.0432	6.59448e-006	137.321
29.9440	-2.22008	542.166	0.022518	-368.506	-0.0786402	-116.004	-7.48136	-19.0348	7.48957	1594.09	1892.4	130.458	-87.8906	0.000159203	137.321
29.9447	-1.59976	577.829	-0.285228	-367.287	-0.0786402	-112.052	-8.07676	-10.1519	7.53198	1593.76	1894.95	130.458	-88.0432	6.59448e-006	137.321
29.9453	1.14269	510.71	-0.893213	-307.164	-0.393201	-33.0123	-7.48136	1.73044	7.56255	1593.49	1897.11	130.621	-87.738	-0.000298575	137.182
29.9460	3.28114	514.666	-1.20096	-231.783	-0.694655	46.3437	-6.54942	7.55625	7.59311	1593.01	1899.27	130.312	-87.8906	-0.000145967	136.88
29.9467	4.48913	415.211	0.022518	-160.962	-0.393201	34.7512	-5.33273	4.21074	7.62368	1591.93	1900.47	129.694	-89.2639	6.59448e-006	137.182
29.9473	6.02359	98.7013	1.24599	-72.4915	-0.996109	-7.06089	-2.5887	-1.90348	7.66609	1589.98	1900.95	128.636	-90.6372	-0.000298575	137.182
29.9480	6.93774	-324.232	1.24599	4.10755	-0.694655	17.6522	0.155322	2.94175	7.69666	1589.34	1903.1	128.636	-90.1794	6.59448e-006	137.321
29.9487	6.33375	-346.208	0.630503	46.8532	0.825722	58.2524	2.30395	16.6699	7.71539	1590.58	1906.86	130.458	-88.3484	0.000464373	137.019
29.9493	3.88513	68.8146	0.022518	21.8016	0.524268	49.6897	2.89935	21.5728	7.74596	1591.93	1910.53	131.988	-87.738	-0.000298575	135.95
29.9500	1.14269	487.228	-0.285228	-34.35	0.222814	29.5609	1.68266	13.036	7.78245	1592.74	1913.17	132.444	-87.1277	-0.000451137	135.508
29.9507	-0.0816205	620.587	-0.285228	-77.6824	0.524268	31.089	1.06137	0.519132	7.81302	1593.33	1915.17	133.517	-85.6018	0.000311811	135.508
29.9513	0.228537	145.415	0.330264	-128.643	0.222814	42.3654	1.06137	-11.7093	7.84359	1593.01	1916.93	133.517	-85.6018	0.000311811	135.345
29.9520	0.832529	-326.367	0.330264	-109.73	-0.393201	59.4643	1.37201	-21.169	7.87416	1591.93	1917.25	132.444	-86.6699	-0.000145967	134.741
29.9527	1.74668	-189.68	0.330264	-5.05545	-0.393201	80.8314	2.30395	-18.6887	7.89783	1591.17	1917.57	131.386	-87.1277	-0.000298575	134.741
29.9533	1.14269	-134.427	0.630503	66.3979	-0.393201	80.2254	3.52064	-5.88349	7.9284	1590.9	1918.92	131.223	-87.2803	-0.000145967	135.508
29.9540	-0.685612	-203.995	0.630503	117.629	-0.393201	57.0141	3.52064	2.94175	7.96488	1590.58	1920.44	131.223	-87.4329	6.59448e-006	135.647
29.9547	-0.685612	-96.5665	0.938249	225.058	-0.0786402	33.8291	1.68266	3.86465	7.99545	1590.25	1921.88	130.914	-87.2803	-0.000145967	135.81
29.9553	0.522371	-59.6477	0.630503	305.945	-0.0786402	-5.24298	-0.465967	-3.46088	8.02602	1590.09	1923.24	130.768	-87.4329	-0.000145967	136.112
29.9560	1.14269	-4.14395	-0.585468	322.104	-0.0786402	-53.7471	-1.96742	-15.9777	8.05659	1590.42	1924.6	131.223	-86.5173	-0.000298575	135.95
29.9567	0.832529	45.0183	-0.893213	332.486	-0.0786402	-88.551	-1.68266	-23.3032	8.08124	1591.5	1926.28	132.134	-84.9915	-0.000145967	135.95
29.9573	1.43652	-59.6477	-0.585468	294.028	0.524268	-123.934	-0.465967	-27.8601	8.12365	1591.93	1927.47	132.899	-84.3811	-0.000145967	135.81
29.9580	1.14269	-107.554	0.022518	144.216	0.825722	-187.114	1.06137	-39.1656	8.15422	1591.17	1927.95	132.899	-84.3811	-0.000451137	135.345
29.9587	-1.30593	-75.8468	1.24599	0.767345	-0.0786402	-253.955	2.5887	-46.145	8.17887	1589.98	1927	131.842	-85.4492	-0.000603745	135.95
29.9593	-2.22008	-139.638	0.938249	41.6623	-0.0786402	-242.652	3.83128	-38.8195	8.20944	1588.58	1925.8	130.914	-87.1277	-0.000298575	137.321
29.9600	-0.0816205	-178.064	0.022518	158.84	0.825722	-190.776	4.11604	-28.4946	8.25184	1587.07	1924.76	129.856	-88.6536	-0.000451137	137.624
29.9607	1.43652	-84.0719	0.022518	237.561	0.524268	-202.079	3.83128	-20.2461	8.28241	1585.72	1924.44	129.092	-89.4165	-0.000451137	137.624
29.9613	1.43652	-39.2419	0.330264	366.971	0.524268	-162.401	2.89935	-17.189	8.30707	1585.56	1924.44	129.238	-89.1113	6.59448e-006	137.786
29.9620	1.14269	-124.381	0.022518	527.798	0.825722	-12.2512	2.5887	-5.88349	8.34355	1585.72	1924.28	129.856	-88.8062	-0.000145967	137.484
29.9627	0.832529	-213.476	-0.285228	598.89	0.825722	42.3654	2.30395	24.6299	8.37412	1585.56	1924.76	130.768	-88.3484	6.59448e-006	137.321
29.9633	1.43652	-267.787	-0.285228	463.702	0.524268	-4.00469	1.9933	43.8378	8.40469	1585.83	1925.64	131.679	-87.5854	0.000464373	138.251
29.9640	3.28114	-281.223	-0.285228	98.4007	0.825722	6.66569	2.89935	40.4923	8.43526	1586.15	1925.8	131.988	-87.8906	6.59448e-006	139.019
29.9647	3.88513	-168.897	-0.285228	-342.868	1.74319	33.2231	4.42668	36.2239	8.46583	1585.83	1925.32	131.679	-88.1958	6.59448e-006	138.693
29.9653	4.79928	72.4563	-0.585468	-545.492	1.44174	17.0463	4.73733	34.0897	8.49048	1585.07	1925.08	131.679	-87.5854	0.000311811	138.554
29.9660	7.2479	303.827	-0.585468	-500.354	1.44174	24.6868	4.11604	27.9754	8.52697	1584.32	1924.12	130.914	-88.0432	0.000159203	138.856
29.9667	6.33375	447.86	0.630503	-482.615	1.44174	63.7325	1.9933	22.7841	8.55754	1582.64	1922.12	129.401	-89.7217	6.59448e-006	139.158
29.9673	3.28114	526.595	1.24599	-447.543	1.14028	89.3677	-2.89935	27.0525	8.59403	1581.4	1920.6	127.871	-90.332	6.59448e-006	139.623
29.9680	0.522371	446.039	0.630503	-303.191	0.524268	126.595	-11.7527	38.9926	8.63051	1581.73	1920.44	127.562	-90.1794	0.000159203	140.065
29.9687	-0.685612	73.3981	0.022518	-178.069	0.222814	159.555	-17.2408	52.7207	8.65516	1582.64	1921.4	128.473	-89.1113	0.000464373	140.693
29.9693	-0.685612	-463.431	-0.285228	-149.677	-0.0786402	161.083	-16.0241	62.7573	8.69165	1583.24	1922.44	129.238	-87.8906	0.000464373	140.228
29.9700	-0.99577	-660.834	0.022518	-189.67	0.222814	156.525	-12.3481	57.2775	8.72222	1583.99	1923.8	130.458	-86.8225	6.59448e-006	139.321
29.9707	-0.685612	-370.632	-0.893213	-255.571	-0.0786402	129.968	-8.69805	33.8012	8.74687	1584.91	1924.6	131.842	-85.6018	6.59448e-006	139.623
29.9713	0.522371	-161.614	-1.20096	-253.134	-0.0786402	95.164	-5.33273	7.21016	8.77744	1584.8	1924.12	131.842	-85.6018	0.000464373	140.065
29.9720	1.43652	-307.468	-0.285228	-135.639	-0.0786402	100.96	-3.20999	-9.5751	8.81393	1583.72	1923.24	131.223	-86.2122	0.000464373	140.53
29.9727	0.832529	-448.488	0.022518	-10.5171	-0.393201	119.587	-4.42668	-22.6688	8.85042	1582.97	1922.12	131.077	-86.5173	0.000159203	140.995
29.9733	0.228537	-224.15	-0.285228	117.945	-0.0786402	93.6359	-5.64338	-28.4946	8.88099	1582.48	1920.76	130.768	-86.9751	6.59448e-006	141.135
29.9740	-0.0816205	193.949	0.330264	340.746	0.222814	51.534	-5.02209	-17.189	8.91156	1582.32	1919.72	130.768	-87.1277	0.000159203	141.46
29.9747	0.228537	350.477	0.330264	575.418	-0.393201	57.9362	-3.20999	-1.90348	8.93522	1581.89	1918.76	131.223	-86.9751	6.59448e-006	141.762
29.9753	0.522371	249.453	0.330264	591.262	-0.694655	104.333	-1.06137	2.01885	8.96579	1581.13	1917.09	131.386	-86.9751	-0.000451137	141.902
29.9760	0.522371	136.248	0.630503	349.593	-0.393201	144.617	-0.750724	0.519132	9.00326	1581.56	1916.37	132.134	-86.5173	-0.000145967	141.6
29.9767	0.522371	126.83	0.330264	82.8732	-0.393201	126.912	-1.96742	0.519132	9.02693	1582.32	1916.05	133.208	-85.6018	-0.000145967	141.46
29.9773	0.832529	198.219	0.330264	-44.4157	-0.393201	-10.1171	-2.27806	-6.51799	9.0575	1582.64	1915.41	134.119	-84.8389	-0.000298575	141.6
29.9780	0.522371	52.0505	0.022518	-20.3121	-0.393201	-150.492	-1.96742	-24.2261	9.09399	1582.48	1914.37	134.282	-84.3811	-0.000145967	141.297
29.9787	-0.685612	-283.672	0.630503	84.6788	-0.393201	-157.526	-2.5887	-38.5311	9.13146	1581.13	1911.65	132.444	-85.7544	-0.000145967	141.762
29.9793	-1.30593	-242.17	2.16173	179.288	-0.393201	-142.562	-3.20999	-41.2998	9.15513	1578.81	1907.66	129.401	-87.8906	-0.000451137	142.971
29.9800	-0.685612	169.525	3.3777	262.928	-0.393201	-159.95	-1.68266	-33.9743	9.1857	1577.14	1905.02	127.416	-89.2639	-0.000298575	143.576
29.9807	0.228537	485.093	3.3777	356.003	-0.0786402	-140.717	0.776611	-17.4774	9.22218	1576.87	1904.14	126.798	-89.4165	-0.000298575	143.902
29.9813	1.74668	512.217	3.3777	396.582	0.222814	-119.666	2.89935	-1.61508	9.24684	1576.71	1903.5	126.488	-88.9587	-0.000298575	144.041
29.9820	3.28114	245.184	4.60117	333.705	0.524268	-124.567	5.33273	-2.24957	9.27149	1576.98	1903.1	127.107	-88.3484	6.59448e-006	144.506
29.9827	3.57498	7.15773	5.82465	125.258	0.222814	-94.3472	6.26466	-15.9777	9.29614	1577.14	1902.78	128.018	-87.738	6.59448e-006	144.808
29.9833	2.66083	-31.268	6.12489	-171.073	-0.0786402	5.74356	4.42668	-24.2261	9.32671	1576.98	1901.27	128.181	-87.8906	6.59448e-006	144.808
29.9840	0.832529	-149.37	5.51691	-414.592	0.222814	83.2817	1.9933	-23.5917	9.35728	1577.14	1899.75	128.327	-88.1958	6.59448e-006	145.111
29.9847	-0.391778	-268.101	2.76971	-543.686	-0.0786402	58.2524	1.06137	-21.169	9.39377	1576.54	1898.23	128.783	-87.8906	6.59448e-006	145.413
29.9853	0.832529	-78.2955	-3.94815	-429.849	-0.694655	12.4619	1.68266	-10.7864	9.41743	1575.95	1895.75	128.636	-87.8906	-0.000145967	145.413
29.9860	2.97098	171.346	-9.13479	-129.546	-0.0786402	-17.1253	1.9933	11.8247	9.44209	1575.46	1893.2	128.636	-88.6536	6.59448e-006	145.715
29.9867	4.79928	116.721	-7.91132	65.766	0.825722	-67.7898	1.9933	37.7236	9.47266	1573.63	1890.24	127.562	-89.7217	0.000311811	146.343
29.9873	4.79928	-89.5972	-3.03242	75.5158	1.14028	-102.594	2.5887	55.4317	9.50323	1572.12	1887.52	126.651	-91.095	-0.000145967	146.947
29.9880	3.57498	-86.2066	-0.285228	-25.5029	1.44174	-65.3396	3.20999	55.1433	9.52788	1572.28	1886.56	127.562	-90.7898	6.59448e-006	147.389
29.9887	2.97098	-32.2098	-0.893213	-160.962	1.44174	34.1452	1.37201	42.0497	9.56437	1573.36	1887.2	129.401	-88.8062	0.000922151	147.854
29.9893	1.43652	-150.626	-0.893213	-240.314	1.14028	123.566	-1.06137	26.7641	9.58902	1574.87	1888.4	131.223	-87.1277	0.000311811	148.017
29.9900	-0.391778	-188.424	-1.5012	-323.955	1.14028	153.469	-2.5887	14.2473	9.61367	1575.46	1888.16	132.444	-86.3647	-0.000451137	147.389
29.9907	-0.99577	-26.9984	-3.33266	-454.539	1.14028	125.067	-1.96742	7.55625	9.64326	1575.3	1886.32	132.753	-85.907	0.000159203	147.25
29.9913	0.522371	115.842	-3.03242	-422.807	0.825722	73.1909	-0.155322	8.76756	9.67383	1575.03	1884.65	132.753	-86.3647	0.000159203	148.319
29.9920	3.57498	-68.1868	-2.11669	-153.063	0.825722	33.5392	2.89935	14.2473	9.69848	1574.55	1883.21	132.444	-86.5173	6.59448e-006	149.226
29.9927	5.4196	-147.236	-2.11669	166.785	0.825722	-3.08255	3.83128	9.05597	9.72313	1574.22	1881.53	132.134	-86.8225	6.59448e-006	149.226
29.9933	5.4196	120.112	-1.20096	366.385	0.825722	-39.4145	3.52064	-12.2861	9.7537	1573.79	1879.85	131.223	-87.2803	-0.000145967	149.528
29.9940	4.19529	296.794	-0.585468	403.894	0.825722	-36.6745	2.89935	-29.3598	9.77835	1573.04	1878.17	130.312	-87.4329	-0.000145967	150.296
29.9947	0.228537	445.411	-0.285228	307.164	0.524268	40.5474	-0.155322	-35.1856	9.80892	1572.44	1876.81	129.694	-87.4329	-0.000145967	150.296
29.9953	-3.44438	441.142	-0.893213	207.996	0.222814	132.708	-4.42668	-36.3969	9.83949	1571.79	1876.81	129.694	-87.2803	-0.000145967	150.761
29.9960	-2.53023	224.15	-2.11669	247.672	1.14028	98.8262	-5.02209	-27.2256	9.86316	1572.55	1878.17	130.621	-86.3647	-0.000145967	151.365
29.9967	0.832529	145.415	-1.80894	293.713	1.44174	-43.3665	-1.96742	-14.7664	9.89373	1573.79	1879.45	131.842	-84.9915	-0.000145967	151.667
29.9973	2.97098	19.6524	-0.285228	251.012	0.825722	-93.4251	1.37201	-8.0177	9.91838	1574.22	1880.65	132.606	-84.2285	-0.000145967	151.528
29.9980	2.66083	-378.857	0.330264	258.956	0.825722	-37.8864	1.9933	-5.249	9.94304	1573.63	1881.13	132.753	-84.0759	-0.000145967	151.528
29.9987	0.228537	-468.266	0.630503	347.743	0.524268	-4.61066	0.465967	-5.249	9.9667	1572.12	1879.13	131.532	-85.7544	-0.000298575	152.435
29.9993	-1.30593	-7.47166	0.022518	402.36	0.524268	-4.61066	-2.27806	-2.53798	9.99727	1569.85	1876.49	130.003	-88.0432	-0.000603745	153.039
30.0000	-1.90992	297.673	-0.893213	294.344	0.222814	15.2283	-5.64338	-2.82638	10.0278	1568.29	1875.14	129.547	-88.8062	-0.000298575	153.807
30.0007	-3.13423	194.263	-0.585468	-5.32628	-0.393201	56.7243	-7.48136	-13.209	10.0525	1567.69	1874.1	129.401	-89.2639	6.59448e-006	155.178
30.0013	-2.53023	-117.349	0.938249	-327.611	-0.0786402	56.1183	-4.73733	-18.6887	10.0831	1568.02	1872.9	129.092	-89.5691	-0.000298575	155.783
30.0020	-0.391778	-469.522	1.85398	-407.866	0.222814	7.58783	-0.750724	-15.6316	10.1077	1568.12	1872.9	129.694	-88.501	-0.000145967	155.643
30.0027	-0.0816205	-537.269	1.24599	-284.865	0.222814	-13.7793	0.776611	-21.4574	10.1324	1567.69	1872.74	130.149	-88.0432	0.000464373	155.481
30.0033	-0.99577	-345.015	0.938249	-282.157	0.222814	-3.39871	-0.155322	-30.9172	10.1629	1567.21	1872.42	130.003	-88.3484	0.000311811	155.481
30.0040	-1.59976	-280.281	-0.285228	-356.906	0.524268	-33.3021	-2.5887	-20.2461	10.1994	1568.12	1873.14	130.621	-87.738	-0.000145967	156.852
30.0047	-1.59976	-233.317	-2.11669	-390.759	1.14028	-88.551	-4.73733	3.28783	10.2231	1568.77	1874.1	130.458	-87.4329	6.59448e-006	158.085
30.0053	-2.53023	2.88821	-2.11669	-442.036	1.14028	-82.7547	-5.64338	12.4015	10.2477	1567.37	1873.62	128.929	-87.8906	0.000464373	158.085
30.0060	-4.35853	87.1485	-1.20096	-362.999	0.524268	-22.9216	-6.54942	8.13306	10.2783	1566.02	1873.62	127.871	-88.8062	0.000159203	158.689
30.0067	-4.35853	115.528	-1.5012	-178.972	0.222814	3.00351	-5.95402	8.47915	10.3089	1565.1	1873.94	126.798	-89.7217	-0.000298575	159.294
30.0073	-1.59976	405.102	-1.20096	-28.2112	0.222814	-34.8302	-1.68266	18.5157	10.3335	1563.86	1873.94	125.577	-90.4846	0.000159203	159.596
30.0080	2.36699	526.595	1.24599	95.6924	0.825722	-79.9883	2.89935	21.5728	10.3641	1563.59	1875.14	125.74	-90.1794	0.000311811	160.363
30.0087	2.97098	261.069	2.16173	100.251	1.14028	-76.6423	3.52064	13.036	10.3888	1564.35	1876.97	127.253	-88.9587	6.59448e-006	160.828
30.0093	1.14269	115.214	0.938249	-37.0582	0.825722	-51.9292	1.06137	5.07595	10.4193	1565.86	1879.13	129.238	-86.9751	6.59448e-006	161.131
30.0100	1.14269	292.211	-0.893213	-117.043	0.222814	-55.5914	-1.68266	-0.115363	10.4489	1567.21	1881.29	130.914	-85.907	6.59448e-006	161.433
30.0107	2.05684	305.647	-1.80894	117.945	0.222814	-63.2055	-3.20999	-1.61508	10.4795	1567.21	1882.65	131.679	-85.7544	-0.000451137	161.433
30.0113	3.57498	41.3767	-1.80894	557.092	0.825722	-18.9696	-2.89935	1.44203	10.5041	1566.45	1883.05	131.842	-85.907	-0.000145967	161.898
30.0120	6.62758	-45.6462	-1.80894	789.643	0.524268	50.0059	-0.750724	14.8818	10.5288	1565.86	1884.01	131.842	-86.3647	0.000311811	162.805
30.0127	6.33375	120.363	-1.80894	778.674	-0.393201	67.3946	0.155322	41.1268	10.5594	1565.26	1884.89	132.134	-86.9751	6.59448e-006	163.27
30.0133	2.66083	345.58	-2.11669	639.514	-0.694655	28.9549	-0.155322	71.6402	10.5958	1564.78	1885.2	132.444	-87.1277	6.59448e-006	164.177
30.0140	0.832529	395.935	-1.80894	260.446	-0.393201	-29.034	-1.37201	93.9052	10.6264	1564.35	1886.16	132.297	-87.2803	6.59448e-006	164.944
30.0147	-1.30593	3.83001	-1.20096	-206.145	-0.0786402	-66.2617	-2.5887	88.7139	10.657	1563.7	1887.2	132.444	-87.5854	-0.000298575	164.804
30.0153	-4.65237	-449.681	-0.585468	-530.867	-0.0786402	-104.095	-3.8054	55.4317	10.6816	1563.43	1887.84	132.753	-87.738	-0.000298575	165.409
30.0160	-6.18683	-393.549	0.938249	-709.974	-0.694655	-182.24	-4.11604	25.8412	10.7122	1564.02	1889.68	133.664	-86.6699	-0.000451137	166.316
30.0167	-5.58284	-310.231	1.85398	-676.121	-0.0786402	-209.693	-3.49475	6.63335	10.7428	1564.94	1892.08	134.738	-84.6863	-0.000298575	166.618
30.0173	-4.96252	-468.015	2.46197	-498.503	0.222814	-128.835	-2.89935	-20.823	10.7664	1565.42	1893.43	134.884	-83.9233	-0.000145967	166.781
30.0180	-5.27268	-465.252	2.76971	-281.525	-0.393201	-58.9374	-2.5887	-43.7224	10.797	1564.94	1894.39	133.973	-84.3811	-0.000298575	167.246
30.0187	-4.04838	-352.612	1.54623	-74.297	-0.694655	-46.7389	-2.5887	-40.6653	10.8276	1563.27	1894.71	132.297	-85.7544	-0.000298575	168.455
30.0193	-2.22008	-229.926	0.022518	-31.2806	-0.694655	-0.658665	-2.5887	-19.9001	10.8463	1561.75	1894.55	130.312	-87.4329	-0.000298575	169.524
30.0200	-1.30593	-143.908	0.022518	-150.625	-0.996109	21.6306	-2.5887	-4.96059	10.8769	1560.51	1895.43	128.929	-88.6536	-0.000145967	169.989
30.0207	-1.90992	-123.125	0.330264	-265.953	-1.61212	42.6815	-1.96742	-2.82638	10.9075	1559.43	1897.11	128.636	-89.1113	6.59448e-006	170.431
30.0213	-2.82407	-88.3414	-0.285228	-300.122	-1.61212	163.533	-1.96742	-6.1719	10.938	1559	1899.43	128.473	-88.9587	-0.000145967	171.361
30.0220	-2.22008	-96.0014	-0.285228	-243.068	-1.31067	233.115	-1.68266	-12.5745	10.9686	1559.16	1902.14	128.636	-88.3484	-0.000298575	171.663
30.0227	0.522371	-49.6018	0.630503	-66.6687	-1.31067	208.692	0.776611	-20.823	10.9923	1559	1904.78	129.238	-87.8906	-0.000451137	171.966
30.0233	2.97098	176.243	1.85398	165.25	-1.91358	149.491	2.5887	-23.5917	11.0228	1559.16	1907.82	130.003	-87.738	-0.000145967	173.035
30.0240	3.88513	160.986	3.07746	267.171	-2.52959	48.4778	2.5887	-16.5545	11.0593	1559.27	1910.22	130.458	-87.738	-0.000298575	173.803
30.0247	4.48913	-124.067	2.76971	233.002	-1.91358	-13.4631	2.5887	-3.11479	11.084	1559.16	1912.85	130.621	-87.4329	-0.000145967	174.407
30.0253	2.36699	-100.836	2.16173	169.222	1.14028	-3.71487	0.155322	5.99886	11.1027	1558.84	1915.57	131.077	-87.4329	6.59448e-006	175.012
30.0260	-3.73822	164.942	1.54623	59.9883	3.87958	23.1587	-5.02209	10.2673	11.1392	1557.17	1916.69	130.312	-88.8062	-0.000298575	175.314
30.0267	-8.01513	212.534	0.022518	6.27417	2.96211	43.6036	-9.00869	15.4586	11.1698	1555.49	1917.41	129.092	-90.332	-0.000145967	176.244
30.0273	-7.70497	29.1332	-1.80894	60.5751	0.825722	90.606	-9.60409	22.4957	11.1944	1554.58	1919.24	128.929	-90.6372	0.000311811	177.313
30.0280	-5.27268	-96.3154	-2.11669	119.164	0.222814	134.842	-7.48136	24.9183	11.225	1554.74	1921.72	129.694	-90.0269	0.000464373	178.523
30.0287	-4.35853	-155.775	-1.5012	155.184	-0.0786402	82.3595	-5.64338	8.13306	11.2546	1555.49	1924.92	130.768	-88.8062	0.000311811	178.22
30.0293	-4.35853	-286.686	-0.285228	181.725	-0.694655	-9.51113	-3.8054	-16.9006	11.2733	1556.57	1928.59	131.988	-87.1277	0.000311811	177.755
30.0300	-3.13423	-232.375	1.54623	193.326	-0.393201	-64.4438	-1.06137	-31.494	11.3098	1557.76	1931.95	132.899	-86.2122	6.59448e-006	178.685
30.0307	-1.30593	94.4318	2.16173	84.3628	-0.0786402	-60.4655	0.155322	-43.434	11.3463	1558.25	1934.99	133.208	-85.7544	-0.000145967	179.592
30.0313	1.14269	293.404	1.24599	-87.4322	0.524268	-0.658665	0.155322	-53.4706	11.3709	1557.76	1937.86	132.444	-85.907	0.000159203	180.359
30.0320	4.79928	335.22	-0.893213	-130.765	1.44174	23.4485	0.776611	-52.6054	11.4015	1556.57	1940.5	131.386	-86.5173	0.000311811	181.266
30.0327	6.93774	236.958	-3.33266	-72.7623	1.74319	11.25	2.30395	-38.2427	11.4321	1555.76	1942.9	130.621	-87.1277	0.000464373	181.894
30.0333	8.76604	-12.683	-2.72468	-23.3363	1.44174	22.8425	5.33273	-15.6316	11.4626	1555.93	1945.93	130.312	-87.5854	0.000311811	182.801
30.0340	8.16205	-0.43951	0.330264	-53.2628	1.14028	64.9708	9.00869	-3.46088	11.4932	1555.66	1949.77	130.312	-87.4329	6.59448e-006	183.568
30.0347	3.88513	183.589	1.54623	-112.439	0.825722	105.861	9.00869	-11.3632	11.5179	1555.01	1952.64	130.458	-86.9751	6.59448e-006	184.335
30.0353	0.832529	287.941	1.54623	-123.768	0.524268	53.6681	4.42668	-14.7664	11.5484	1554.74	1955.68	130.914	-86.6699	-0.000298575	185.242
30.0360	-0.0816205	400.268	1.85398	-77.9532	-0.0786402	-66.5779	-0.465967	-4.38378	11.5849	1555.33	1959.84	132.134	-85.907	-0.000298575	185.707
30.0367	-2.82407	388.652	1.85398	73.0783	0.222814	-150.492	-2.89935	2.01885	11.6086	1556.57	1964.15	133.664	-84.6863	-0.000145967	186.451
30.0373	-4.65237	311.11	1.24599	244.602	0.524268	-222.813	-2.89935	6.63335	11.6332	1556.84	1967.75	134.429	-83.9233	-0.000298575	187.079
30.0380	-4.04838	346.208	-0.585468	241.262	0.222814	-267.998	-3.49475	10.6134	11.6697	1556.25	1970.38	134.119	-84.2285	-0.000451137	187.218
30.0387	-3.44438	377.664	-1.20096	82.2413	0.222814	-230.744	-4.42668	5.07595	11.6944	1554.58	1971.42	132.899	-86.0596	-0.000145967	188.149
30.0393	-2.22008	358.451	-0.585468	-60.5751	1.14028	-202.368	-3.20999	-3.74928	11.725	1552.74	1972.38	131.679	-87.738	6.59448e-006	189.52
30.0400	-0.391778	8.41347	0.630503	-88.3349	1.44174	-178.261	-1.68266	-1.61508	11.7614	1551.98	1974.06	131.077	-88.6536	-0.000298575	190.59
30.0407	-0.99577	-554.661	1.85398	-73.0783	0.222814	-54.3531	-1.06137	1.73044	11.792	1550.91	1976.14	130.458	-89.1113	-0.000451137	191.194
30.0413	-1.59976	-562.572	1.54623	-65.134	-0.0786402	76.5633	-0.750724	-9.5751	11.8226	1550.31	1978.93	130.003	-88.8062	-0.000298575	192.101
30.0420	-0.99577	-212.22	0.630503	29.7459	-0.0786402	83.5715	-0.465967	-24.2261	11.8531	1550.42	1982.61	129.856	-88.3484	-0.000298575	192.869
30.0427	-1.30593	40.7488	-0.585468	132.886	-0.0786402	76.2471	-0.750724	-21.4574	11.8837	1550.74	1985.97	129.547	-88.0432	6.59448e-006	193.171
30.0433	-1.59976	178.064	-1.5012	136.271	0.222814	176.048	-1.37201	-10.4403	11.9084	1550.74	1989.16	129.238	-87.5854	0.000159203	194.101
30.0440	-1.30593	-139.325	-3.03242	107.88	-0.996109	249.292	-1.37201	-13.209	11.9449	1550.74	1992.36	128.783	-87.2803	6.59448e-006	195.17
30.0447	-0.0816205	-562.258	-4.85638	80.4358	-6.80238	202.895	-0.465967	-22.3803	11.9813	1551.07	1995.87	128.636	-87.2803	-0.000298575	195.914
30.0453	1.43652	-340.745	-5.77211	55.3842	-14.129	114.713	0.155322	-19.9001	12.006	1549.99	1998.43	128.327	-87.2803	0.000159203	196.077
30.0460	3.57498	74.905	-5.47187	33.1312	-18.7033	44.8156	2.30395	-9.8635	12.0306	1547.99	1999.63	126.342	-89.1113	0.000311811	196.984
30.0467	6.02359	127.081	-4.24839	23.0203	-21.4426	20.7084	3.83128	-8.30611	12.0671	1546.91	2001.31	125.122	-90.7898	-0.000145967	198.519
30.0473	5.71343	41.6278	-2.11669	61.4779	-22.6615	42.3654	3.52064	-11.7093	12.0977	1546.16	2004.26	125.577	-90.7898	0.000159203	199.425
30.0480	3.88513	82.2511	-1.5012	81.6545	-25.1124	55.8021	2.5887	-10.1519	12.1214	1546.16	2006.98	126.342	-90.4846	0.000616981	200.053
30.0487	2.36699	106.675	-1.5012	-6.86097	-29.6867	0.869438	1.37201	-11.9977	12.1579	1547.56	2010.5	128.018	-88.9587	0.000311811	200.797
30.0493	0.522371	-177.75	-0.585468	-103.321	-33.3434	-70.8461	-0.155322	-16.9006	12.1953	1548.75	2014.17	130.312	-86.6699	0.000311811	201.262
30.0500	-0.685612	-472.849	-0.893213	-113.071	-35.1784	-92.503	-1.06137	-15.6316	12.2259	1549.56	2017.05	131.679	-86.0596	0.000464373	201.564
30.0507	0.228537	-340.745	0.022518	-85.5815	-8.62421	-81.5164	-1.37201	-8.30611	12.2565	1549.99	2019.53	132.606	-85.6018	0.000311811	202.797
30.0513	1.74668	-50.2297	3.68544	-56.0162	41.1157	-48.267	0.776611	-2.53798	12.293	1550.15	2021.2	133.355	-85.4492	6.59448e-006	204.936
30.0520	0.522371	24.2358	5.51691	-21.2148	50.2642	-48.267	5.33273	-2.24957	12.3235	1548.91	2021.04	133.208	-86.3647	0.000159203	205.238
30.0527	-1.59976	-5.96477	5.20916	17.5587	24.942	-84.2828	8.10264	-7.7293	12.3472	1546.91	2020.24	131.988	-86.9751	0.000616981	204.936
30.0533	-1.30593	-5.02297	5.51691	23.3363	10.2888	-28.1118	8.3874	-13.209	12.3847	1546.64	2021.2	131.988	-86.9751	0.000159203	206.447
30.0540	0.832529	-105.106	4.90892	16.024	6.93344	69.8449	7.17071	-11.0748	12.4142	1547.23	2022.08	132.134	-86.9751	-0.000145967	207.68
30.0547	3.57498	-215.925	3.68544	45.6344	4.79705	65.2606	4.73733	-12.2861	12.4448	1546.91	2022.4	131.532	-87.1277	6.59448e-006	208.121
30.0553	6.33375	-322.412	1.85398	58.1377	3.87958	36.8853	2.5887	-15.9777	12.4754	1546.32	2022.88	131.386	-86.8225	6.59448e-006	209.354
30.0560	6.62758	-243.049	1.24599	-7.76372	3.87958	97.2981	2.30395	-5.88349	12.506	1546.91	2024.4	131.386	-86.2122	-0.000145967	209.958
30.0567	4.79928	154.896	1.54623	-19.9961	3.57813	184.584	2.89935	11.8247	12.5424	1547.72	2026.56	131.679	-85.4492	-0.000145967	209.819
30.0573	2.66083	131.664	1.54623	167.101	3.87958	201.367	2.5887	18.5157	12.573	1547.83	2028.08	132.297	-84.3811	-0.000298575	210.121
30.0580	1.43652	-42.2557	1.54623	380.422	4.4956	167.802	1.06137	10.9018	12.6105	1547.4	2028.79	131.842	-84.3811	-0.000451137	211.33
30.0587	1.14269	157.03	0.630503	390.759	5.09851	137.292	-0.155322	12.1131	12.6342	1545.72	2028.47	130.458	-85.907	-0.000298575	213.167
30.0593	3.28114	84.3858	-0.285228	243.384	6.31743	86.3115	-0.155322	25.5528	12.6706	1544.05	2027.6	129.092	-87.738	-0.000298575	214.376
30.0600	5.71343	-70.3215	0.330264	-18.7774	6.93344	14.596	-0.155322	26.1296	12.7012	1542.97	2027.44	128.327	-88.501	-0.000451137	215.748
30.0607	5.4196	194.577	0.938249	-349.864	6.63199	-8.589	0.465967	10.6134	12.7318	1542.05	2027.28	127.562	-88.8062	-0.000298575	216.98
30.0613	3.88513	376.722	1.24599	-449.077	6.01597	-0.948478	0.155322	-13.4974	12.7623	1541.73	2027.76	128.018	-88.8062	-0.000298575	217.585
30.0620	2.36699	292.211	1.54623	-271.775	5.09851	-67.1839	-3.8054	-27.8601	12.7929	1542.05	2028.63	129.092	-88.501	-0.000451137	217.887
30.0627	1.14269	325.488	0.938249	-135.955	5.41307	-188.642	-6.54942	-24.2261	12.8235	1542.21	2029.27	129.856	-88.0432	-0.000603745	218.515
30.0633	1.74668	379.485	0.330264	-28.5272	5.71452	-215.489	-7.76611	-18.6887	12.86	1541.73	2029.11	130.621	-88.0432	-0.000603745	219.259
30.0640	1.43652	246.753	0.022518	119.164	5.09851	-169.725	-9.00869	-10.1519	12.8965	1541.46	2028.79	131.077	-88.1958	-0.000145967	220.654
30.0647	0.522371	-12.3691	0.330264	124.987	5.71452	-127.597	-9.60409	4.49914	12.927	1541.3	2028.95	131.386	-87.738	0.000159203	221.863
30.0653	1.43652	-225.657	0.630503	-26.7217	5.71452	9.40574	-10.2254	8.76756	12.9635	1540.97	2028.24	131.988	-88.0432	6.59448e-006	222.467
30.0660	2.97098	-157.909	3.68544	-160.691	4.79705	131.786	-9.60409	3.28783	12.9941	1539.79	2025.44	131.077	-89.2639	0.000159203	223.397
30.0667	3.88513	-27.3124	11.0113	-105.442	4.79705	70.4509	-8.07676	0.519132	13.0247	1537.79	2022.24	129.238	-90.0269	0.000311811	224.606
30.0673	4.48913	-83.444	12.2273	111.22	4.4956	-42.4707	-6.23878	-0.403769	13.0552	1536.87	2020.88	128.327	-90.6372	6.59448e-006	225.839
30.0680	4.79928	-121.932	7.34837	259.227	4.19414	-135.237	-3.8054	-1.90348	13.0858	1537.95	2020.88	128.783	-89.8743	-0.000145967	227.35
30.0687	4.79928	37.9862	4.90892	239.096	3.87958	-220.073	-1.37201	3.28783	13.1164	1539.3	2021.2	129.238	-88.501	6.59448e-006	228.582
30.0693	5.71343	274.505	4.29343	180.823	3.57813	-248.765	0.465967	19.1502	13.1469	1539.89	2021.92	129.547	-87.5854	-0.000298575	228.885
30.0700	5.71343	286.121	5.20916	186.6	3.57813	-207.559	1.06137	35.9355	13.1834	1540.54	2023.2	130.458	-86.2122	-0.000145967	229.187
30.0707	3.28114	109.124	8.87208	191.204	3.27667	-111.13	1.37201	45.3952	13.214	1540.81	2023.44	131.077	-85.4492	0.000311811	230.419
30.0713	1.43652	34.6585	13.143	80.1198	2.05775	-12.8571	1.9933	55.1433	13.2446	1540.54	2023.04	130.621	-86.0596	0.000311811	231.93
30.0720	1.14269	63.0382	19.2454	-150.309	1.74319	46.0275	1.9933	63.6802	13.281	1539.79	2022.08	129.856	-86.5173	6.59448e-006	233
30.0727	0.522371	-80.1163	21.0768	-459.459	2.35921	65.8665	1.9933	49.952	13.3116	1538.98	2020.88	129.547	-86.6699	0.000311811	233.605
30.0733	0.832529	-491.497	2.16173	-688.94	2.35921	73.5071	2.5887	20.996	13.3422	1538.38	2019.85	129.694	-87.1277	6.59448e-006	234.535
30.0740	2.05684	-552.212	-21.9475	-621.188	2.05775	84.1774	3.52064	4.49914	13.3728	1538.11	2018.89	130.003	-87.2803	-0.000298575	235.744
30.0747	1.74668	62.0964	-24.3945	-386.516	1.44174	103.094	4.11604	1.15363	13.4033	1537.63	2017.53	130.312	-87.1277	6.59448e-006	236.813
30.0753	-0.391778	151.819	-14.0137	-179.92	0.524268	121.721	4.73733	-6.51799	13.4398	1537.79	2016.57	130.914	-86.8225	-0.000145967	237.883
30.0760	-1.90992	-570.232	-6.3876	-87.7481	-0.0786402	101.276	5.33273	-15.9777	13.4763	1538.38	2016.17	131.842	-86.0596	6.59448e-006	238.79
30.0767	-2.82407	-537.583	-4.24839	-161.594	-1.61212	44.5258	4.42668	-6.80639	13.501	1538.71	2015.21	133.208	-84.8389	0.000159203	239.417
30.0773	-3.44438	265.338	-3.64041	-263.831	-1.91358	-4.61066	2.89935	20.6499	13.5374	1539.3	2013.85	134.282	-83.9233	6.59448e-006	240.324
30.0780	-2.53023	583.355	-3.33266	-253.765	-1.31067	-14.0691	3.20999	34.7241	13.568	1539.3	2011.38	134.429	-84.2285	6.59448e-006	241.556
30.0787	-0.99577	269.294	-4.24839	-94.4737	-0.694655	-0.948478	3.52064	13.6705	13.5927	1537.47	2007.46	132.753	-86.2122	-0.000298575	242.928
30.0793	0.522371	-124.067	-5.47187	178.701	-1.31067	43.8935	1.9933	-17.4774	13.6232	1535.04	2003.94	130.621	-87.4329	-0.000451137	244.44
30.0800	1.14269	-229.047	-5.77211	406.648	-1.61212	151.335	0.465967	-29.7059	13.6597	1533.96	2000.43	129.401	-88.3484	-0.000298575	245.37
30.0807	0.832529	-23.3568	-6.07985	502.475	-1.91358	220.284	0.465967	-30.2827	13.6903	1533.36	1996.91	128.181	-89.2639	-0.000603745	246.276
30.0813	1.14269	332.771	-5.77211	583.363	-2.21503	185.19	-0.155322	-22.9572	13.7268	1532.88	1995.07	127.709	-89.4165	-0.000451137	246.881
30.0820	1.74668	583.983	-5.47187	669.396	-2.52959	60.6763	-0.750724	-12.2861	13.7514	1532.61	1993.08	127.709	-88.9587	6.59448e-006	247.648
30.0827	1.43652	514.352	-4.85638	659.646	-2.21503	-133.393	-1.06137	-6.80639	13.782	1533.04	1990.68	127.709	-88.501	-0.000145967	248.881
30.0833	1.14269	165.57	-3.03242	648.632	-1.91358	-206.031	-1.68266	1.44203	13.8126	1532.77	1988.2	127.871	-88.1958	-0.000145967	249.95
30.0840	1.14269	-98.1362	-0.893213	680.68	-1.61212	-77.2483	-2.27806	-3.11479	13.8431	1532.77	1985.49	128.018	-88.0432	-0.000298575	251.322
30.0847	1.14269	-182.962	-2.11669	696.253	-1.31067	60.3864	-2.5887	-20.2461	13.8796	1532.88	1982.85	128.636	-87.2803	-0.000145967	252.833
30.0853	2.05684	-210.713	-3.64041	655.042	-1.31067	162.005	-2.89935	-18.1119	13.9102	1532.12	1979.65	128.783	-87.4329	0.000311811	254.066
30.0860	2.97098	-191.814	-5.16412	392.294	-0.694655	257.538	-3.49475	-9.8635	13.9408	1531.04	1975.74	128.327	-88.8062	0.000311811	255.275
30.0867	3.57498	-371.888	-6.68784	-46.5372	0.222814	169.33	-3.20999	-11.3632	13.9713	1529.85	1972.22	127.562	-90.0269	-0.000298575	256.507
30.0873	3.57498	-569.604	-0.585468	-375.818	0.524268	-118.138	-0.465967	-12.9206	14.0019	1528.45	1969.03	127.107	-90.7898	-0.000298575	257.577
30.0880	2.36699	-519.563	10.3958	-535.742	0.524268	-321.692	2.30395	-19.3232	14.0325	1528.77	1967.75	128.636	-89.5691	0.000159203	258.786
30.0887	0.522371	-447.546	16.8059	-656.892	0.222814	-340.609	1.9933	-26.3604	14.063	1530.61	1967.75	130.914	-87.8906	0.000311811	259.855
30.0893	0.522371	-442.963	17.7217	-702.978	0.825722	-279.88	1.06137	-23.5917	14.0936	1531.69	1966.23	131.988	-87.1277	-0.000451137	260.46
30.0900	2.66083	-395.37	16.8059	-588.553	1.44174	-236.566	0.465967	-14.4203	14.1232	1531.96	1963.51	132.606	-86.0596	-0.000145967	260.925
30.0907	1.74668	-196.084	17.7217	-393.197	0.825722	-267.682	-1.06137	-6.80639	14.1478	1531.85	1960.64	132.606	-85.6018	0.000311811	261.832
30.0913	-2.82407	83.1301	19.5531	-243.971	0.524268	-230.138	-2.89935	-6.51799	14.1725	1531.04	1957.36	131.988	-86.0596	6.59448e-006	263.203
30.0920	-5.58284	262.576	19.5531	-250.109	0.222814	-28.428	-3.49475	-9.5751	14.209	1530.18	1954.16	131.679	-86.5173	0.000159203	264.436
30.0927	-7.10098	334.906	15.2822	-368.19	-0.0786402	103.727	-3.20999	-3.46088	14.2455	1529.69	1950.81	131.077	-86.9751	0.000159203	265.807
30.0933	-8.32529	432.603	4.29343	-400.238	0.222814	82.3595	-1.96742	-0.692176	14.276	1528.94	1948.25	130.768	-87.4329	0.000159203	266.877
30.0940	-6.18683	485.658	-9.43503	-298.001	0.222814	57.0141	-1.37201	-10.1519	14.3007	1528.61	1946.41	130.914	-87.2803	0.000311811	267.947
30.0947	-3.13423	453.951	-20.1161	-162.497	-0.0786402	53.9842	-1.68266	-12.5745	14.3313	1528.77	1944.73	130.768	-86.8225	-0.000145967	269.156
30.0953	-1.90992	412.448	-23.4787	-2.30203	0.524268	63.4427	-1.96742	-12.9206	14.3678	1528.77	1943.22	130.768	-86.6699	-0.000145967	270.527
30.0960	-1.59976	318.77	-20.7316	158.84	0.524268	98.2202	-2.5887	-15.0548	14.3983	1529.37	1941.86	131.223	-86.5173	-0.000451137	270.853
30.0967	-2.82407	168.897	-15.8452	274.213	0.825722	119.271	-4.11604	-6.1719	14.4289	1529.85	1940.58	132.444	-85.2966	-0.000908915	270.992
30.0973	-3.44438	-47.1531	-10.3508	387.103	1.44174	122.038	-5.64338	2.01885	14.4595	1529.85	1939.38	133.208	-84.5337	-0.000145967	272.364
30.0980	-1.90992	-160.044	-7.30333	415.495	1.44174	145.223	-5.95402	-0.403769	14.49	1529.53	1937.7	132.753	-84.6863	0.000311811	274.364
30.0987	-0.0816205	-73.3981	-7.30333	325.76	1.74319	172.386	-5.64338	-3.46088	14.5265	1527.86	1934.67	131.532	-86.2122	-0.000145967	276.177
30.0993	0.832529	25.4916	-7.91132	223.252	1.74319	162.611	-6.23878	-1.32667	14.5571	1526.02	1932.03	130.621	-87.8906	-0.000298575	277.712
30.1000	0.228537	187.859	-6.99559	84.9947	1.14028	106.467	-5.95402	-4.67219	14.5817	1524.83	1930.27	130.149	-88.6536	-0.000145967	278.619
30.1007	-0.0816205	330.323	-6.3876	-40.1276	0.825722	-0.658665	-5.02209	-18.1119	14.6182	1523.76	1927.63	129.547	-89.2639	6.59448e-006	279.549
30.1013	-0.99577	238.779	-6.3876	-41.0304	0.524268	-107.758	-5.33273	-14.7664	14.6429	1524.03	1925.64	130.003	-89.2639	-0.000145967	280.618
30.1020	-2.53023	53.8713	-4.24839	-51.4121	0.222814	-131.259	-5.02209	8.13306	14.6734	1524.67	1925.24	131.679	-88.501	-0.000298575	281.688
30.1027	-2.53023	-77.6676	-3.03242	-131.397	0.524268	-107.758	-3.8054	11.1902	14.7099	1524.19	1923.56	132.606	-88.1958	6.59448e-006	282.734
30.1033	-0.391778	-214.983	-6.68784	-129.546	0.825722	-77.5644	-3.49475	-0.980582	14.7405	1524.19	1921.56	133.208	-87.738	0.000311811	283.967
30.1040	2.05684	-525.339	-12.49	-12.3678	0.524268	-15.3074	-3.49475	4.78755	14.7711	1524.19	1920.28	133.517	-87.4329	0.000159203	285.338
30.1047	3.57498	-896.474	-12.1822	107.564	-0.0786402	40.2313	-0.465967	20.0731	14.8016	1523.92	1919.08	133.062	-87.5854	-0.000145967	286.71
30.1053	2.66083	-790.238	-6.68784	23.9682	-0.0786402	63.4427	4.11604	23.707	14.8194	1523.43	1917.57	131.988	-88.0432	-0.000145967	287.78
30.1060	1.74668	-206.758	-3.33266	-248.575	-0.0786402	73.1909	5.64338	13.6705	14.85	1522.51	1915.73	131.077	-88.501	-0.000298575	289.314
30.1067	0.832529	144.787	-2.72468	-490.875	-0.694655	64.6546	4.42668	-6.80639	14.8864	1521.16	1913.57	129.401	-89.4165	0.000159203	290.686
30.1073	-0.0816205	105.106	-1.20096	-557.092	-0.996109	53.0621	4.73733	-25.4375	14.917	1519.6	1911.49	127.562	-90.6372	-0.000298575	290.826
30.1080	1.14269	88.3414	0.022518	-389.54	-0.694655	32.9069	7.17071	-30.2827	14.9476	1519.49	1911.17	127.709	-90.332	-0.000603745	291.593
30.1087	2.36699	179.571	1.54623	-168.59	-0.694655	-50.0849	7.792	-27.5717	14.9782	1520.68	1912.05	128.783	-88.8062	0.000159203	293.43
30.1093	2.66083	282.416	2.16173	-59.9883	-0.694655	-153.864	4.73733	-19.3232	15.0028	1522.51	1913.49	130.149	-87.1277	0.000464373	294.802
30.1100	3.28114	290.076	3.99319	-63.0126	-0.393201	-191.698	2.5887	2.94175	15.0334	1523.76	1913.89	131.532	-85.907	0.000464373	296.011
30.1107	4.48913	234.196	7.34837	-148.459	-0.0786402	-170.015	0.465967	28.2638	15.064	1523.59	1913.49	131.532	-85.4492	0.000464373	297.383
30.1113	5.10944	215.925	3.99319	-236.342	-0.393201	-87.0229	-2.5887	38.3581	15.1004	1523.11	1912.85	131.077	-85.7544	0.000311811	299.08
30.1120	5.71343	166.449	-8.82705	-233.634	-0.393201	13.0679	-3.8054	39.5694	15.1251	1522.24	1911.81	131.077	-86.3647	0.000464373	300.149
30.1127	3.88513	128.023	-17.3689	-158.254	-0.694655	8.1938	-2.89935	37.1468	15.1557	1520.68	1910.22	130.621	-86.9751	0.000159203	300.754
30.1133	1.43652	102.092	-11.5742	-68.2034	-0.996109	-56.4871	-0.155322	29.8212	15.1793	1520.41	1909.66	130.621	-87.4329	-0.000145967	301.963
30.1140	0.228537	50.7947	-3.64041	39.8117	-0.996109	-64.7336	-0.465967	24.6299	15.2158	1520.52	1909.66	131.532	-87.2803	-0.000145967	303.498
30.1147	-0.0816205	80.1163	-2.11669	112.168	-0.694655	-25.9778	-2.27806	27.687	15.2464	1520.08	1908.86	131.988	-87.2803	-0.000145967	304.869
30.1153	0.832529	124.067	0.022518	118.261	-0.393201	44.2096	-0.465967	23.9954	15.271	1520.25	1908.14	132.444	-86.8225	-0.000145967	305.939
30.1160	1.14269	38.3001	-0.893213	93.8418	-0.0786402	118.375	2.30395	1.44203	15.3016	1520.84	1908.54	133.664	-85.4492	0.000159203	306.846
30.1167	0.228537	-40.1209	-8.21906	57.8217	0.524268	107.389	4.42668	-22.0343	15.3322	1521.6	1908.54	134.429	-84.9915	6.59448e-006	307.613
30.1173	0.522371	32.5237	-14.3214	112.168	1.74319	30.483	6.26466	-26.3604	15.3568	1521.76	1907.98	134.282	-84.8389	-0.000145967	308.683
30.1180	0.832529	28.8193	-10.6585	260.762	1.14028	1.1856	6.86007	-16.5545	15.3874	1521.16	1907.66	133.208	-84.5337	-0.000298575	310.054
30.1187	-0.391778	-286.435	-2.72468	359.659	0.524268	25.5826	8.69805	-8.6522	15.418	1519.17	1905.98	130.768	-86.0596	-0.000451137	312.031
30.1193	-1.30593	-558.93	-2.11669	440.817	0.524268	25.8987	10.8467	-4.96059	15.4485	1516.74	1903.66	128.327	-88.3484	-0.000298575	313.868
30.1200	-1.30593	-320.277	-5.16412	503.694	0.524268	-36.3583	9.31934	-6.51799	15.4791	1515.82	1903.1	127.562	-88.8062	-0.000451137	315.239
30.1207	-1.30593	32.7749	-5.16412	479.906	0.524268	-129.441	5.64338	-15.3432	15.5087	1515.33	1903.5	126.798	-88.8062	-0.000451137	316.17
30.1213	-0.0816205	-85.5788	-3.94815	424.342	1.74319	-175.205	4.11604	-14.1319	15.5333	1515.06	1903.82	126.488	-88.9587	-0.000298575	317.076
30.1220	-0.685612	-207.386	-2.41693	387.103	1.44174	-130.363	3.83128	8.13306	15.5639	1515.5	1905.5	127.253	-88.1958	-0.000298575	318.146
30.1227	-3.44438	-187.231	2.46197	460.046	-0.0786402	-76.3261	3.52064	27.0525	15.5945	1515.82	1907.18	127.709	-87.5854	-0.000145967	319.518
30.1233	-4.35853	-460.669	7.34837	632.473	0.524268	-95.5592	4.73733	20.996	15.6251	1515.33	1907.98	127.562	-87.738	-0.000145967	320.889
30.1240	-4.65237	-417.346	7.64861	795.15	2.35921	-130.047	5.04797	8.76756	15.6556	1515.17	1909.02	128.018	-87.2803	-0.000145967	322.726
30.1247	-6.49699	173.167	5.82465	794.834	3.27667	-112.342	3.20999	-3.74928	15.6803	1515.06	1910.37	128.327	-87.4329	0.000159203	323.935
30.1253	-7.10098	484.151	6.12489	544.905	2.35921	-57.7254	0.776611	-22.6688	15.7168	1514.31	1911.01	128.018	-88.3484	0.000311811	324.703
30.1260	-7.10098	367.556	7.04062	258.64	1.14028	-7.06089	-0.465967	-38.5311	15.7473	1513.23	1911.65	128.018	-88.9587	6.59448e-006	326.54
30.1267	-6.18683	364.856	5.51691	-30.3778	0.524268	60.0703	-1.68266	-45.5682	15.7779	1512.15	1911.81	127.709	-89.4165	-0.000298575	328.074
30.1273	-3.44438	405.73	7.95635	-359.343	-1.31067	127.518	-1.68266	-32.1285	15.8026	1511.23	1911.89	127.253	-90.6372	-0.000756307	328.981
30.1280	-1.30593	63.3522	16.5057	-529.333	-4.66598	145.223	-0.750724	-6.80639	15.8331	1511.39	1913.33	128.181	-90.1794	-0.000298575	330.05
30.1287	-0.99577	-152.761	20.7766	-475.302	-6.18636	164.139	-0.155322	9.05597	15.8696	1512.47	1915.89	129.694	-88.1958	0.000159203	330.957
30.1293	-1.30593	164	18.3296	-329.733	-5.26889	187.035	0.155322	19.1502	15.8933	1513.82	1918.92	130.914	-86.9751	6.59448e-006	332.027
30.1300	-2.53023	255.292	16.5057	-261.981	-3.1325	190.381	0.155322	27.687	15.9238	1514.9	1921.24	131.842	-85.7544	0.000159203	333.399
30.1307	-4.04838	-86.5206	16.1979	-243.068	-0.996109	180.316	-0.750724	29.8212	15.9544	1514.74	1921.88	131.386	-85.2966	0.000311811	334.468
30.1313	-3.13423	-141.459	15.8902	-212.555	-0.0786402	140.348	-1.06137	33.8012	15.985	1514.31	1922.92	130.003	-86.5173	0.000159203	336.003
30.1320	-1.30593	-23.0429	18.6374	-278.185	-0.996109	105.861	-0.155322	44.4723	16.0156	1513.39	1924.28	129.238	-87.2803	0.000159203	337.212
30.1327	-1.30593	-171.66	21.9926	-449.077	-1.61212	49.0837	1.9933	48.4523	16.0461	1511.56	1924.28	128.636	-87.4329	6.59448e-006	337.514
30.1333	-1.59976	-237.272	18.3296	-534.839	-1.31067	-54.9854	3.83128	46.6065	16.0708	1511.07	1925.48	128.327	-87.5854	-0.000145967	339.211
30.1340	-2.22008	-13.2481	0.022518	-470.428	-1.31067	-108.68	4.73733	49.952	16.1013	1511.56	1927.79	128.783	-87.1277	-0.000145967	341.188
30.1347	-2.22008	153.075	-23.171	-462.483	-3.44706	-104.095	4.42668	52.3746	16.1378	1511.56	1928.99	128.929	-86.9751	6.59448e-006	342.862
30.1353	-1.59976	-173.481	-25.6105	-567.158	-4.35142	-115.714	3.20999	40.7807	16.1684	1511.56	1931.47	129.547	-86.8225	-0.000298575	344.094
30.1360	-2.22008	-467.387	-9.43503	-528.43	-2.21503	-108.996	3.20999	20.0731	16.1931	1511.66	1934.19	130.621	-85.6018	-0.000451137	343.931
30.1367	-1.59976	-85.8927	0.022518	-293.713	-0.996109	-71.1359	4.42668	7.84466	16.2167	1512.31	1936.82	131.386	-84.8389	0.000159203	344.838
30.1373	1.14269	263.203	-0.893213	-93.5258	-0.393201	-62.5996	4.73733	0.519132	16.2542	1513.07	1939.22	131.842	-84.9915	-0.000298575	346.675
30.1380	0.832529	204.623	-1.80894	-40.1276	0.222814	-26.8999	4.11604	-14.4203	16.2907	1511.66	1939.86	131.532	-85.2966	-0.000756307	347.442
30.1387	-1.30593	180.513	-3.33266	-37.0582	-0.393201	24.6868	4.42668	-26.9372	16.3144	1509.07	1939.06	129.856	-87.1277	-0.000145967	348.977
30.1393	-0.0816205	239.721	-9.13479	4.10755	-0.694655	22.2365	5.33273	-24.5146	16.339	1507.72	1939.38	128.473	-89.2639	-0.000451137	351.116
30.1400	1.43652	209.834	-7.91132	-18.1454	-0.694655	27.7166	4.42668	-12.5745	16.3696	1506.97	1940.58	128.636	-89.4165	-0.000603745	352.488
30.1407	-0.391778	119.17	5.20916	-76.1477	-0.996109	45.7377	3.20999	2.65334	16.4061	1506.97	1942.26	129.401	-88.9587	-0.000298575	353.999
30.1413	-3.13423	56.32	15.5899	-24.871	-0.694655	48.188	1.37201	19.727	16.4307	1507.4	1944.25	130.312	-88.501	-0.000451137	355.371
30.1420	-3.13423	-119.484	14.3665	66.9847	-0.393201	46.3437	0.155322	32.2439	16.4613	1507.56	1945.93	130.768	-88.1958	-0.000298575	356.441
30.1427	0.228537	-372.139	11.6193	112.755	-0.0786402	23.4485	0.465967	42.0497	16.4918	1507.72	1947.29	130.914	-87.5854	6.59448e-006	357.975
30.1433	2.66083	-350.163	8.56434	100.883	0.222814	-14.7014	0.776611	58.2004	16.5165	1507.72	1948.89	130.914	-86.6699	0.000311811	359.951
30.1440	2.05684	-357.51	4.29343	51.4121	-0.0786402	-35.1464	0.776611	72.217	16.553	1506.97	1950.57	130.312	-86.9751	0.000464373	360.882
30.1447	3.88513	-609.6	22.3003	85.3107	-0.0786402	-35.4362	0.776611	65.526	16.5836	1506.21	1952.09	129.401	-87.8906	0.000464373	361.184
30.1453	7.54173	-713.073	52.8197	177.482	0.222814	-13.1733	2.30395	40.2039	16.6082	1505.57	1954.64	128.783	-88.501	-0.000298575	362.695
30.1460	9.68019	-383.127	38.4757	141.146	0.524268	24.0545	4.11604	5.99886	16.6388	1504.54	1956.32	127.871	-89.5691	-0.000451137	364.369
30.1467	9.38635	363.914	-18.9001	-27.9404	0.825722	69.2389	4.42668	-35.1856	16.6684	1503.14	1956.96	126.342	-90.4846	0.000159203	365.904
30.1473	7.54173	363.6	-44.8408	-160.375	0.222814	160.477	5.33273	-79.1388	16.6989	1502.06	1958.48	125.577	-90.6372	0.000159203	367.136
30.1480	4.79928	-345.015	-22.563	-76.7345	-1.31067	252.348	4.73733	-98.9811	16.7177	1502.81	1962.39	126.488	-89.5691	6.59448e-006	368.345
30.1487	2.36699	-214.104	5.51691	159.156	-2.52959	271.555	2.5887	-80.6385	16.7542	1504.97	1967.35	128.473	-87.5854	0.000159203	369.717
30.1493	-0.391778	146.922	22.6081	394.46	-2.21503	246.841	1.37201	-48.9137	16.7906	1505.57	1970.06	129.238	-86.6699	0.000464373	370.787
30.1500	-2.53023	66.6799	23.824	599.206	-1.61212	179.394	1.37201	-33.0514	16.8153	1505.57	1972.62	129.694	-86.3647	0.000464373	371.693
30.1507	-5.27268	8.09953	14.3665	537.864	-0.996109	60.9924	3.20999	-31.494	16.8459	1505.57	1975.58	130.458	-86.0596	-0.000145967	372.623
30.1513	-7.41114	-5.02297	-1.5012	168.319	-0.393201	-54.3531	4.11604	-28.4946	16.8764	1504.97	1977.26	130.914	-86.3647	-0.000298575	374.135
30.1520	-7.41114	123.753	-31.1048	-64.8632	0.222814	-119.666	1.06137	-26.3604	16.907	1504.65	1979.09	131.223	-86.5173	0.000159203	375.972
30.1527	-5.58284	335.848	-43.3096	-16.3399	0.222814	-110.208	-0.750724	-43.1456	16.9376	1504.22	1980.77	131.223	-86.6699	6.59448e-006	377.343
30.1533	-4.35853	592.522	-21.0318	16.9267	-0.0786402	-14.3853	-0.465967	-65.699	16.9681	1503.46	1981.97	131.077	-87.1277	-0.000145967	378.273
30.1540	-4.35853	840.279	-10.0505	-20.3121	-0.0786402	89.0779	-0.155322	-52.8938	16.9987	1503.14	1983.49	131.532	-87.1277	0.000159203	379.785
30.1547	-4.65237	819.246	-17.9844	16.3399	1.44174	86.3115	0.776611	-11.9977	17.0224	1502.97	1985.17	131.679	-86.8225	0.000311811	381.319
30.1553	-4.65237	665.731	-18.9001	99.3486	1.74319	-17.4415	2.30395	16.6699	17.053	1503.14	1986.68	132.134	-86.3647	0.000311811	382.691
30.1560	-2.82407	476.554	-16.7609	151.844	2.05775	-140.111	3.52064	19.1502	17.0835	1503.62	1989.16	132.753	-85.4492	0.000159203	383.761
30.1567	-0.0816205	314.814	-17.0686	115.192	3.27667	-192.304	2.30395	14.5357	17.1141	1504.38	1991.72	133.355	-84.5337	-0.000145967	384.97
30.1573	2.66083	185.975	-16.4531	-43.4678	3.27667	-186.508	-1.06137	5.42204	17.1447	1504.65	1993.56	133.517	-84.2285	-0.000451137	386.039
30.1580	4.19529	-206.758	-14.3214	-164.663	2.96211	-239.912	-5.64338	-10.7864	17.1752	1503.46	1993.56	131.679	-85.144	-0.000451137	386.969
30.1587	5.10944	-462.49	-11.5742	-32.1833	2.35921	-286.915	-10.2254	-16.2661	17.2058	1501.14	1993.4	129.401	-86.9751	-0.000603745	388.783
30.1593	4.48913	-129.53	-8.82705	241.849	1.74319	-195.044	-12.6588	-9.8635	17.2364	1499.63	1994.36	128.327	-88.3484	-0.000603745	390.922
30.1600	2.97098	131.099	-7.30333	344.989	1.74319	-66.5779	-12.0375	0.519132	17.2669	1498.39	1995.07	127.416	-88.9587	-0.000451137	392.294
30.1607	1.14269	-46.5252	-6.99559	224.155	1.74319	1.79157	-10.536	9.97887	17.2916	1497.63	1996.19	126.798	-89.4165	6.59448e-006	393.991
30.1613	-0.0816205	-178.064	-5.77211	95.0605	1.44174	65.2606	-7.48136	18.8041	17.3222	1497.79	1999.07	127.253	-89.1113	-0.000298575	394.735
30.1620	-0.685612	-305.334	-4.55614	130.178	2.35921	137.582	-4.11604	26.7641	17.3586	1497.95	2001.79	128.327	-88.501	-0.000298575	395.665
30.1627	-0.99577	-519.249	-5.16412	265.366	2.35921	136.976	-1.96742	19.4386	17.3892	1498.12	2003.62	129.092	-88.3484	-0.000145967	396.874
30.1633	0.832529	-421.301	-6.07985	318.764	1.44174	55.1962	-2.89935	-1.90348	17.4139	1497.95	2004.98	129.694	-88.1958	-0.000298575	397.944
30.1640	4.48913	-38.614	-6.07985	232.686	1.44174	25.2928	-2.89935	-14.4203	17.4504	1498.55	2006.5	130.458	-87.4329	6.59448e-006	400.548
30.1647	9.38635	362.407	-6.68784	-17.2427	2.05775	92.1078	-0.465967	-15.3432	17.4809	1498.71	2007.62	131.223	-87.1277	0.000159203	402.385
30.1653	13.043	495.767	-7.30333	-424.342	2.66066	135.448	1.9933	-13.209	17.5046	1497.04	2006.66	130.621	-88.1958	0.000311811	402.687
30.1660	12.1288	99.6431	-5.16412	-659.962	2.66066	99.4321	2.89935	-7.7293	17.5352	1495.53	2005.3	129.547	-89.4165	0.000159203	404.198
30.1667	5.71343	-385.889	0.630503	-563.502	2.35921	48.7939	1.37201	-0.115363	17.5657	1494.12	2004.66	128.783	-90.1794	6.59448e-006	406.5
30.1673	0.228537	-345.643	12.8428	-421.001	1.74319	50.6119	-2.89935	8.47915	17.6022	1493.37	2004.42	128.783	-90.4846	0.000159203	407.872
30.1680	-1.90992	-59.9617	26.5712	-357.222	0.825722	65.5767	-7.17071	16.3815	17.6328	1494.28	2004.98	129.694	-89.5691	6.59448e-006	408.779
30.1687	-5.27268	-11.4272	33.5893	-318.448	-0.0786402	23.1587	-9.91474	19.4386	17.6515	1495.8	2006.5	131.077	-87.8906	6.59448e-006	410.011
30.1693	-8.32529	-31.5819	36.3365	-252.818	-0.694655	-51.3232	-8.69805	24.3415	17.6821	1497.04	2007.78	132.297	-86.0596	0.000616981	411.523
30.1700	-7.10098	10.5482	38.4757	-187.548	-0.393201	-112.658	-6.23878	27.687	17.7127	1497.63	2008.5	132.753	-85.144	0.000616981	412.453
30.1707	-2.53023	-74.3399	36.952	-222.62	0.222814	-144.696	-6.23878	20.0731	17.7432	1496.44	2008.18	131.988	-85.7544	-0.000145967	412.453
30.1713	2.97098	-197.905	32.0656	-242.752	0.222814	-148.042	-5.02209	17.016	17.7738	1495.2	2006.66	130.914	-86.5173	0.000159203	413.522
30.1720	5.71343	-159.479	26.5712	-57.5057	0.222814	-118.454	-2.5887	20.6499	17.8044	1494.88	2005.3	130.149	-87.2803	6.59448e-006	415.801
30.1727	6.02359	-42.2557	23.824	272.362	-0.0786402	-51.613	-0.155322	21.8612	17.828	1494.61	2004.82	130.312	-87.1277	-0.000145967	417.777
30.1733	7.2479	-140.517	15.5899	520.801	0.222814	11.5662	2.30395	28.2638	17.8527	1495.04	2004.66	130.914	-86.5173	0.000311811	419.614
30.1740	8.76604	-285.807	-11.882	535.426	1.14028	43.8935	3.52064	37.4352	17.8833	1495.04	2003.94	130.621	-87.1277	0.000159203	421.149
30.1747	14.8712	-213.162	-44.2253	325.174	1.74319	66.4725	1.9933	44.1839	17.9138	1493.85	2002.59	130.149	-87.4329	-0.000145967	422.055
30.1753	26.7715	-59.9617	-46.0568	18.1454	1.44174	107.679	1.37201	56.3546	17.9385	1493.69	2002.27	131.077	-86.3647	-0.000145967	423.125
30.1760	24.0291	111.259	-20.7316	-229.03	0.825722	160.477	2.89935	63.3918	17.9691	1495.2	2002.99	132.444	-84.9915	-0.000145967	424.497
30.1767	2.36699	-11.1133	-3.33266	-348.375	0.825722	194.649	2.5887	37.4352	18.0055	1496.6	2003.62	133.973	-83.9233	6.59448e-006	425.729
30.1773	-15.6385	-95.0596	0.330264	-285.497	1.74319	187.641	0.465967	-0.403769	18.0302	1495.96	2002.99	134.738	-83.9233	-0.000298575	426.799
30.1780	-20.8295	19.4012	0.022518	-33.1312	2.35921	155.603	-0.750724	-15.0548	18.0539	1494.01	2000.43	133.208	-85.4492	-0.000451137	427.845
30.1787	-18.3973	-218.373	-6.68784	203.076	2.35921	99.4321	-0.465967	-16.5545	18.0844	1492.02	1997.71	131.532	-87.5854	6.59448e-006	429.845
30.1793	-12.292	-336.79	-13.7135	190.888	2.05775	22.5527	0.776611	-16.2661	18.115	1490.78	1995.23	131.077	-88.501	-0.000298575	431.681
30.1800	-7.10098	-128.965	-12.49	4.10755	1.44174	-11.935	1.9933	-6.80639	18.1397	1489.86	1992.04	130.149	-88.8062	-0.000451137	433.053
30.1807	-5.58284	97.5083	-7.91132	-109.73	0.825722	-5.53279	1.06137	10.9018	18.1643	1489.43	1989.4	130.003	-88.9587	-0.000145967	434.727
30.1813	-4.35853	198.219	-3.03242	-77.0504	1.44174	18.2582	1.9933	23.1302	18.1949	1489.59	1989	130.458	-88.3484	-0.000145967	436.239
30.1820	-0.0816205	108.182	-1.20096	26.7217	2.66066	19.7863	6.26466	24.9183	18.2195	1489.7	1987.72	130.149	-88.0432	-0.000451137	437.006
30.1827	5.4196	59.0198	-3.94815	96.5952	2.66066	6.98185	9.00869	25.2644	18.2432	1489.7	1985.65	129.238	-87.8906	-0.000298575	438.075
30.1833	6.62758	265.966	-6.68784	80.4358	1.44174	93.952	6.57531	27.687	18.2738	1489.59	1984.85	129.238	-87.4329	0.000311811	440.075
30.1840	2.05684	576.009	-7.60357	77.3664	0.524268	217.86	-0.465967	19.4386	18.2984	1489.59	1984.37	129.856	-86.5173	0.000464373	441.586
30.1847	-5.27268	503.678	-7.30333	91.7203	0.222814	236.461	-7.17071	0.519132	18.3231	1488.94	1982.61	129.547	-87.1277	-0.000145967	442.191
30.1853	-10.7576	217.746	-6.07985	-25.5029	-0.393201	166.59	-10.536	-14.7664	18.3536	1487.75	1980.13	128.181	-88.9587	-0.000603745	443.26
30.1860	-10.7576	89.2832	-5.77211	-128.011	-0.996109	46.9497	-9.60409	-29.9943	18.3842	1486.35	1977.26	127.253	-90.0269	-0.000145967	444.958
30.1867	-8.01513	21.536	-6.3876	-96.2792	-1.91358	-90.3689	-7.17071	-51.9709	18.4079	1485.16	1974.22	126.798	-90.7898	0.000311811	446.771
30.1873	-5.27268	63.6033	-6.3876	-60.5751	-1.91358	-183.768	-7.17071	-73.3129	18.4325	1484.51	1971.9	126.798	-90.9424	0.000311811	448.445
30.1880	-1.90992	148.491	-7.30333	-30.6487	-1.31067	-232.588	-8.69805	-88.8869	18.4631	1485.16	1970.94	128.327	-89.7217	0.000159203	449.376
30.1887	-0.0816205	192.128	-8.21906	-15.1212	-0.694655	-238.068	-10.2254	-92.8669	18.4937	1486.84	1970.7	130.621	-87.8906	0.000159203	450.887
30.1893	0.522371	235.452	-7.60357	-86.8002	-1.61212	-204.502	-11.1314	-78.5043	18.5183	1488.02	1970.06	131.988	-86.6699	6.59448e-006	451.956
30.1900	-0.99577	185.41	-6.68784	-182.041	-1.91358	-174.309	-9.60409	-54.3935	18.543	1488.35	1968.39	133.355	-86.0596	-0.000298575	452.584
30.1907	-4.65237	176.557	-4.55614	-138.709	-2.21503	-158.422	-5.95402	-34.2627	18.5735	1487.75	1966.23	133.664	-85.4492	6.59448e-006	454.095
30.1913	-6.79082	270.863	-1.5012	-1.08331	-3.74852	-155.366	-1.37201	-20.823	18.5972	1487.11	1963.51	132.899	-86.2122	0.000159203	456.095
30.1920	-5.87667	112.452	0.330264	130.178	-4.96744	-168.197	0.776611	-19.0348	18.6219	1486.94	1960.88	132.606	-87.1277	0.000159203	457.769
30.1927	-3.44438	-255.292	-0.285228	173.51	-4.04997	-140.111	-0.465967	-29.9943	18.6524	1486.51	1959.04	132.606	-86.9751	6.59448e-006	459.141
30.1933	-0.99577	-389.845	-2.11669	63.6445	-2.83105	-48.5568	-2.5887	-41.8766	18.683	1485.43	1956.96	132.134	-86.6699	-0.000298575	460.35
30.1940	0.522371	-289.134	-2.72468	45.3185	-2.52959	11.5662	-2.27806	-44.6453	18.7136	1485.16	1954.96	131.532	-86.8225	-0.000298575	461.582
30.1947	1.74668	-267.473	-3.33266	237.561	-2.83105	-4.61066	-0.465967	-34.2627	18.7382	1485	1952.96	131.077	-87.1277	-0.000298575	462.652
30.1953	2.97098	-309.603	-3.94815	359.659	-2.52959	-32.0902	1.06137	-9.8635	18.756	1484.84	1950.81	130.768	-86.9751	0.000159203	463.861
30.1960	4.48913	-70.0704	-4.55614	204.294	-0.0786402	-35.4362	0.465967	17.016	18.7806	1486.08	1950.09	131.223	-85.907	0.000159203	465.233
30.1967	6.02359	147.236	-6.3876	7.76372	2.35921	-38.2026	-2.27806	33.8012	18.8171	1486.94	1949.29	132.297	-84.3811	-0.000298575	466.163
30.1973	6.33375	-263.831	-6.3876	82.5573	1.44174	-22.0258	-4.42668	35.9355	18.8477	1486.35	1946.73	132.606	-83.9233	-0.000145967	467.07
30.1980	3.57498	-593.715	-3.64041	180.507	-0.393201	-13.4631	-4.11604	20.6499	18.8723	1484.68	1943.38	130.621	-85.7544	0.000159203	469.046
30.1987	1.43652	-212.22	-0.585468	117.629	-0.393201	-58.6476	-1.68266	10.2673	18.9029	1483.43	1939.86	128.929	-87.738	-0.000145967	471.046
30.1993	0.832529	-4.39509	0.630503	194.86	-0.694655	-92.8191	-0.465967	23.4186	18.9335	1482.25	1936.34	128.181	-88.501	-0.000298575	472.417
30.2000	0.522371	-190.559	1.24599	325.174	-1.31067	-115.398	-1.68266	38.3581	18.9641	1480.74	1933.63	127.416	-88.6536	-0.000298575	473.789
30.2007	0.522371	-160.358	1.85398	167.101	-0.393201	-189.248	-3.20999	42.6265	18.9946	1480.74	1932.03	128.018	-88.6536	6.59448e-006	475.626
30.2013	-0.0816205	-112.452	3.07746	-82.8732	0.524268	-222.813	-2.5887	40.4923	19.0311	1481.01	1930.35	129.092	-88.501	-0.000145967	476.37
30.2020	-1.90992	-34.6585	3.99319	-211.652	0.524268	-144.696	-1.37201	31.667	19.0617	1480.41	1927.79	128.783	-88.501	-0.000298575	477.137
30.2027	-2.82407	220.822	3.68544	-314.792	0.524268	-29.3501	-0.465967	24.3415	19.0982	1480.41	1925.64	129.092	-88.0432	-0.000145967	478.672
30.2033	-1.30593	268.101	4.29343	-373.381	0.825722	99.1423	1.37201	28.8983	19.1287	1480.84	1923.4	129.856	-87.738	-0.000145967	480.183
30.2040	0.228537	354.747	5.20916	-287.303	1.44174	210.826	3.20999	40.7807	19.1534	1480.41	1920.44	130.003	-87.738	-0.000298575	481.578
30.2047	1.43652	518.37	4.29343	-71.5436	2.05775	229.453	0.776611	39.9155	19.1899	1479.82	1917.73	130.312	-87.5854	6.59448e-006	482.787
30.2053	2.05684	366.99	2.16173	127.108	1.44174	190.987	-1.37201	14.2473	19.2204	1479.01	1913.73	129.694	-88.1958	6.59448e-006	484.159
30.2060	0.832529	110.003	0.938249	226.908	0.825722	193.753	3.83128	-24.803	19.251	1477.66	1909.34	128.327	-89.5691	-0.000298575	485.694
30.2067	-0.391778	-62.0964	0.330264	245.505	0.524268	271.555	10.2254	-50.1251	19.2816	1476.58	1905.5	127.562	-90.4846	-0.000298575	487.066
30.2073	1.14269	-108.81	-1.20096	262.928	1.14028	313.367	11.7527	-50.7596	19.3181	1476.15	1902.14	127.416	-90.4846	6.59448e-006	488.275
30.2080	2.97098	-153.954	-2.72468	302.56	2.96211	188.853	11.1314	-37.0314	19.3417	1477.34	1900.79	128.327	-89.2639	0.000159203	490.274
30.2087	3.28114	-283.672	-2.11669	275.116	3.27667	-21.7096	11.4421	-14.1319	19.3851	1479.17	1900.15	129.694	-87.4329	0.000464373	491.344
30.2093	5.10944	-431.661	-1.5012	136.858	1.74319	-154.47	13.9013	4.49914	19.4157	1479.01	1898.63	130.621	-85.907	0.000616981	490.879
30.2100	6.93774	-537.897	-0.585468	-158.254	0.524268	-151.704	17.8621	-0.403769	19.4394	1478.74	1897.11	130.914	-85.2966	0.000464373	491.948
30.2107	6.93774	-522.012	3.3777	-465.237	-2.21503	-89.157	19.3894	-18.4003	19.4768	1479.01	1895.59	130.914	-85.2966	0.000464373	494.227
30.2113	7.85189	-290.704	7.04062	-523.826	-4.35142	-60.1493	21.2015	-27.2256	19.5192	1478.41	1893.04	130.149	-86.0596	6.59448e-006	495.297
30.2120	9.38635	131.099	5.51691	-392.926	-5.26889	-36.3583	22.1334	-25.7259	19.5439	1477.66	1890.56	129.238	-86.6699	-0.000298575	496.529
30.2127	8.76604	421.929	3.07746	-256.519	-8.62421	-10.1171	15.7134	-18.1119	19.5804	1477.66	1889.04	129.092	-86.9751	-0.000145967	498.668
30.2133	6.02359	454.264	3.3777	-176.218	-15.6494	-15.9134	9.00869	-12.5745	19.6109	1476.74	1887.36	129.092	-87.4329	-0.000298575	499.575
30.2140	4.79928	423.75	7.34837	-133.202	-23.8935	-17.1253	7.792	-15.9777	19.6474	1475.82	1885.36	129.092	-87.4329	-0.000451137	500.179
30.2147	3.57498	452.13	13.7585	-134.737	-30.6041	-7.66687	-1.06137	-18.4003	19.6898	1475.99	1883.69	129.401	-87.2803	6.59448e-006	501.714
30.2153	-1.30593	449.367	19.5531	-148.775	-33.9595	-20.1815	-15.0921	-15.6316	19.7263	1476.9	1882.33	130.621	-86.6699	0.000159203	502.923
30.2160	-4.04838	323.353	28.7104	-89.5537	-35.4798	-37.2805	-17.8362	-11.7093	19.7569	1478.15	1881.53	132.606	-85.144	0.000159203	504.155
30.2167	-0.391778	289.134	28.7104	59.0404	-34.8769	-36.3583	-13.8755	-11.3632	19.7934	1478.25	1880.97	133.827	-84.3811	-0.000145967	505.225
30.2173	3.28114	426.513	1.54623	237.877	-29.0707	-40.3367	-9.91474	-18.6887	19.8308	1477.82	1879.61	134.282	-84.6863	-0.000451137	506.294
30.2180	2.36699	304.078	-27.7497	290.688	-31.5216	-65.6558	-5.95402	-29.7059	19.8614	1476.42	1876.97	133.517	-85.907	-0.000451137	507.666
30.2187	-0.0816205	-101.778	-31.7128	169.538	-28.1663	-59.5434	-3.20999	-29.7059	19.8979	1474.31	1873.46	131.842	-87.5854	-0.000451137	509.178
30.2193	-1.30593	-249.453	-22.2553	48.3879	19.4503	-35.1464	-2.27806	-9.5751	19.9285	1472.48	1870.1	130.458	-88.501	-0.000298575	510.875
30.2200	-0.0816205	-153.954	-13.098	35.5687	60.0287	-35.4362	-1.68266	15.4586	19.959	1471.88	1867.87	129.401	-89.1113	6.59448e-006	512.688
30.2207	-0.685612	-77.3537	-8.5193	39.2249	43.5536	-58.9374	-2.27806	24.3415	20.0014	1471.99	1866.91	128.929	-89.2639	-0.000298575	513.921
30.2213	-3.13423	0.753445	-6.07985	-45.3185	17.6154	-86.1007	-3.8054	22.4957	20.0379	1471.99	1866.03	128.929	-88.6536	-0.000451137	514.828
30.2220	-3.44438	-51.7365	-4.24839	-211.923	9.9873	-79.9883	-2.89935	15.4586	20.0685	1472.48	1865.23	128.783	-88.1958	6.59448e-006	516.362
30.2227	-1.90992	-248.888	-4.55614	-301.07	7.54946	-104.095	-2.27806	2.65334	20.0932	1472.8	1865.23	128.929	-87.1277	6.59448e-006	517.873
30.2233	-1.90992	-276.64	-4.24839	-121.015	7.2349	-171.543	-4.11604	-0.692176	20.1296	1472.64	1864.59	128.636	-86.8225	0.000159203	519.245
30.2240	-1.90992	-240.914	-3.94815	167.687	8.45382	-225.58	-4.73733	5.07595	20.1661	1471.99	1863.07	127.562	-87.738	0.000464373	520.175
30.2247	-1.59976	-334.906	-3.64041	277.237	8.76838	-200.55	-5.02209	6.34494	20.2026	1471.56	1862.19	127.562	-88.1958	0.000464373	520.78
30.2253	-0.99577	-425.257	-2.11669	321.788	8.15237	-54.0633	-4.42668	3.86465	20.2391	1470.97	1861.39	128.018	-88.501	0.000159203	522.314
30.2260	-1.30593	-542.48	1.85398	413.057	7.54946	-2.18677	-1.37201	-5.88349	20.2697	1469.29	1859.71	127.107	-89.5691	0.000159203	524.128
30.2267	-2.22008	-505.248	5.82465	304.41	6.63199	-78.7764	0.465967	-15.6316	20.3002	1468.05	1858.04	126.342	-90.332	0.000159203	525.965
30.2273	-2.22008	-170.467	6.43264	77.3664	6.01597	8.50996	0.776611	-1.61508	20.3367	1467.73	1857	126.798	-90.1794	0.000159203	527.197
30.2280	-1.30593	99.6431	3.3777	61.7938	5.71452	173.914	0.465967	21.2844	20.3614	1468.81	1857.48	128.473	-89.2639	6.59448e-006	528.104
30.2287	-0.0816205	168.018	4.60117	93.5258	5.09851	147.357	-1.06137	21.8612	20.386	1470.05	1858.2	130.149	-87.5854	6.59448e-006	528.871
30.2293	3.57498	252.844	12.2273	-24.2391	5.71452	19.1803	-1.37201	4.78755	20.4166	1470.32	1857.88	131.386	-86.0596	0.000616981	529.336
30.2300	8.16205	419.48	20.1611	-210.704	6.31743	-25.3718	-0.155322	-4.67219	20.4472	1470.64	1857.64	132.297	-85.4492	0.000922151	530.708
30.2307	8.76604	561.065	23.216	-308.382	6.93344	16.4403	0.465967	8.76756	20.4718	1470.8	1857.16	132.297	-85.907	0.000311811	532.847
30.2313	6.33375	188.424	23.824	-194.229	7.54946	78.0914	-0.465967	29.1867	20.4955	1470.21	1856.04	131.988	-86.3647	-0.000145967	533.894
30.2320	6.02359	-562.258	24.7398	-115.824	8.15237	135.448	-2.89935	30.1096	20.5261	1469.56	1855	131.679	-86.8225	-0.000298575	534.661
30.2327	6.33375	-617.511	27.1867	-259.227	8.15237	181.844	-4.73733	19.4386	20.5566	1468.65	1853.96	131.223	-87.1277	-0.000145967	535.893
30.2333	5.10944	-66.9938	27.7947	-304.094	7.2349	207.48	-3.20999	12.4015	20.5872	1467.89	1853.32	130.458	-87.2803	0.000311811	537.404
30.2340	2.05684	121.305	23.824	-208.582	6.93344	209.614	-2.27806	10.6134	20.6237	1468.05	1853.32	130.312	-87.1277	0.000159203	539.102
30.2347	-1.30593	-78.2955	13.143	-209.801	6.31743	186.113	-2.89935	18.5157	20.6543	1468.05	1853.48	130.003	-86.8225	-0.000298575	540.171
30.2353	-0.685612	-37.3583	-3.03242	-181.409	5.09851	110.129	-1.68266	32.8783	20.6789	1468.05	1854.28	130.149	-86.0596	-0.000451137	541.078
30.2360	2.97098	236.644	-19.8158	-37.3742	4.19414	-5.84895	0.155322	33.4552	20.7095	1468.97	1856.04	131.386	-85.144	-0.000145967	542.287
30.2367	6.02359	256.485	-29.8814	67.6166	2.96211	-76.0363	0.465967	9.97887	20.7401	1469.56	1857.64	132.134	-84.2285	0.000159203	543.52
30.2373	6.62758	-107.24	-27.1342	94.4737	2.05775	-84.2828	1.06137	-7.0948	20.7765	1469.4	1858.36	132.297	-84.3811	-0.000145967	544.589
30.2380	4.79928	-404.223	-16.1529	86.2134	2.05775	-69.6341	1.37201	4.21074	20.8071	1468.05	1858.04	131.679	-85.4492	0.000159203	546.263
30.2387	3.28114	-189.994	-7.30333	-3.20479	2.66066	-62.3097	1.06137	14.2473	20.8377	1465.89	1856.36	130.312	-87.1277	6.59448e-006	547.937
30.2393	1.74668	154.582	-5.47187	-99.6194	2.66066	-94.9532	0.776611	3.28783	20.8682	1464.38	1855.48	129.547	-88.3484	-0.000298575	549.007
30.2400	0.228537	99.6431	-6.99559	16.9267	2.66066	-122.117	0.776611	-8.9406	20.8988	1463.46	1855	129.401	-89.1113	-0.000451137	549.937
30.2407	-0.391778	23.9847	-6.68784	324.542	2.35921	-81.8326	1.9933	-4.96059	20.9294	1463.14	1855	129.694	-89.2639	-0.000298575	551.146
30.2413	-2.53023	254.35	-4.85638	549.148	2.05775	-17.7313	2.5887	9.34437	20.9659	1463.3	1855.64	130.621	-88.6536	-0.000145967	552.378
30.2420	-3.44438	237.586	-4.85638	554.339	1.14028	12.7781	2.5887	17.3044	20.9964	1463.14	1855.64	131.223	-88.1958	-0.000298575	553.448
30.2427	-1.90992	5.02297	-4.85638	381.641	0.222814	9.11593	2.5887	13.9589	21.027	1463.3	1856.2	131.988	-88.0432	-0.000298575	555.122
30.2433	-1.90992	63.3522	-3.33266	139.612	-0.0786402	-23.5539	1.68266	15.4586	21.0576	1463.3	1856.36	132.134	-87.5854	-0.000298575	556.191
30.2440	-2.22008	181.141	-3.33266	6.27417	-0.393201	-39.4145	1.68266	23.4186	21.0882	1462.38	1855.8	131.532	-87.5854	6.59448e-006	556.796
30.2447	-0.99577	168.018	-4.55614	-16.9267	-0.393201	-25.0556	3.20999	27.0525	21.1187	1462.28	1855.8	131.223	-88.3484	6.59448e-006	558.331
30.2453	-0.685612	212.848	-4.24839	-122.234	0.222814	-29.9561	4.42668	20.0731	21.1552	1461.63	1855.64	130.768	-89.1113	-0.000298575	559.702
30.2460	-1.59976	143.594	-2.41693	-282.157	-0.0786402	-26.5837	4.11604	8.13306	21.1917	1459.79	1855.64	129.547	-89.7217	-0.000145967	561.679
30.2467	-1.59976	-173.481	-2.41693	-275.748	-0.694655	-4.00469	3.52064	1.15363	21.2223	1458.71	1855.64	128.327	-90.4846	0.000159203	563.353
30.2473	-0.685612	-205.816	-3.03242	-84.3628	-0.393201	-14.9912	2.89935	2.94175	21.2528	1458.61	1855.96	127.871	-90.6372	6.59448e-006	563.818
30.2480	-0.391778	77.3537	-2.41693	178.972	-1.31067	-48.5568	2.89935	13.6705	21.2893	1459.79	1858.68	128.783	-89.2639	0.000159203	565.027
30.2487	-0.0816205	210.713	-1.80894	427.095	-0.996109	-78.4602	4.11604	21.5728	21.314	1461.95	1862.35	130.312	-87.1277	0.000311811	566.399
30.2493	0.522371	276.326	-1.5012	508.569	-0.694655	-68.712	4.73733	24.6299	21.3445	1462.28	1864.59	130.768	-85.7544	0.000159203	566.701
30.2500	-0.391778	135.934	-1.5012	274.213	-1.61212	87.2337	4.73733	25.8412	21.3751	1461.79	1866.19	130.621	-85.4492	-0.000298575	567.026
30.2507	-0.685612	-337.355	-0.285228	-189.354	-2.21503	274.611	6.57531	17.016	21.4047	1461.47	1867.95	130.149	-86.3647	-0.000603745	569.003
30.2513	1.43652	-567.784	0.330264	-534.839	-2.21503	271.871	10.536	8.13306	21.4353	1460.71	1869.78	129.694	-87.2803	-0.000451137	570.677
30.2520	5.10944	-585.803	0.938249	-324.858	-0.996109	194.043	14.1861	21.2844	21.4727	1459.79	1871.3	129.856	-86.9751	-0.000451137	570.84
30.2527	6.02359	-502.171	1.85398	234.537	1.14028	172.992	15.4287	36.2239	21.4964	1459.36	1872.26	130.312	-86.8225	-0.000145967	572.049
30.2533	4.48913	39.807	0.938249	427.411	1.14028	108.285	11.7527	19.4386	21.5329	1459.52	1874.26	130.768	-87.1277	0.000159203	574.025
30.2540	2.97098	594.907	-1.20096	226.592	0.524268	2.7137	1.06137	-18.4003	21.5635	1459.2	1876.1	131.077	-87.1277	0.000159203	575.42
30.2547	0.522371	593.401	-3.03242	11.7359	1.14028	-32.38	-11.7527	-41.5882	21.594	1458.71	1876.81	131.077	-86.9751	-0.000145967	576.327
30.2553	-2.22008	171.346	-3.03242	-55.3842	1.14028	-41.5486	-19.6742	-47.9908	21.6246	1459.36	1878.81	131.988	-86.0596	-0.000145967	577.396
30.2560	-2.53023	-113.08	-0.893213	-43.7838	1.44174	-87.3127	-19.0788	-54.7396	21.668	1460.44	1881.37	133.355	-84.5337	-0.000145967	578.466
30.2567	-1.90992	-126.83	-0.585468	-160.059	2.96211	-120.588	-13.2801	-55.6048	21.6917	1461.2	1883.37	133.664	-83.7708	-0.000145967	579.373
30.2573	0.522371	-111.824	-0.585468	-371.846	3.27667	-90.9749	-7.48136	-37.0314	21.7291	1460.55	1884.33	132.899	-84.9915	-0.000451137	580.442
30.2580	0.832529	-29.1332	0.938249	-459.73	2.66066	-25.688	-5.95402	-10.7864	21.7656	1458.44	1884.17	131.532	-86.5173	-0.000603745	581.512
30.2587	-4.96252	164	1.85398	-450.883	2.66066	13.9901	-9.29345	10.2673	21.7893	1456.45	1883.85	129.856	-87.2803	-0.000145967	583.047
30.2593	-8.92928	258.306	0.022518	-470.743	1.74319	14.3062	-13.8755	32.5899	21.8139	1455.2	1884.49	128.473	-88.6536	6.59448e-006	584.558
30.2600	-7.10098	64.859	-2.11669	-449.664	1.44174	26.8209	-15.7134	48.4523	21.8504	1454.45	1885.2	127.871	-89.5691	-0.000451137	585.627
30.2607	-3.13423	-161.3	-3.94815	-279.404	1.14028	108.917	-14.4967	43.261	21.881	1454.18	1886.16	127.871	-88.9587	-0.000451137	586.697
30.2613	1.43652	-164.063	-3.33266	-67.3007	1.14028	162.927	-9.29345	24.6299	21.9116	1454.61	1888.16	128.181	-88.0432	-0.000145967	587.767
30.2620	3.28114	-91.9831	0.022518	-29.1591	2.05775	95.164	-0.465967	5.71045	21.9421	1454.94	1889.92	128.636	-87.8906	-0.000298575	588.836
30.2627	-0.0816205	-22.415	4.60117	-130.765	2.96211	2.08138	7.48136	-16.2661	21.9786	1454.77	1891.6	128.783	-87.8906	-0.000145967	590.068
30.2633	-3.13423	53.8713	6.43264	-198.201	4.19414	-22.3156	8.69805	-32.1285	22.0092	1454.34	1893.28	129.401	-87.1277	6.59448e-006	591.277
30.2640	-4.65237	100.271	4.29343	-186.6	7.2349	37.4912	5.33273	-28.783	22.0398	1454.02	1894.95	129.547	-86.5173	-0.000145967	592.045
30.2647	-6.79082	120.677	0.630503	-128.327	9.68585	57.9362	1.06137	-20.823	22.0762	1454.02	1896.95	128.929	-87.8906	-0.000298575	592.952
30.2653	-8.01513	103.599	-0.893213	-77.0504	9.06983	-43.9988	-0.155322	-22.9572	22.1068	1452.78	1897.59	128.473	-89.7217	-0.000298575	594.184
30.2660	-7.10098	73.0842	0.938249	-107.564	6.01597	-117.532	1.68266	-26.3604	22.1374	1450.51	1897.27	128.018	-90.6372	-0.000145967	595.393
30.2667	-4.35853	39.807	3.07746	-187.548	4.4956	-97.0873	5.04797	-25.4375	22.1739	1449.27	1898.47	127.562	-90.9424	6.59448e-006	596.625
30.2673	-2.22008	-8.97855	6.43264	-181.139	3.57813	-57.7254	8.10264	-30.6288	22.2044	1449.75	1900.95	128.327	-90.6372	0.000311811	597.997
30.2680	-1.90992	-24.5497	8.56434	-90.5015	1.14028	-47.0287	8.69805	-37.0314	22.235	1451.1	1904.14	130.914	-88.9587	0.000464373	599.067
30.2687	0.228537	0.125574	6.12489	-23.3363	-2.83105	-78.7764	5.95402	-35.474	22.2656	1453.1	1907.66	132.899	-86.9751	6.59448e-006	600.136
30.2693	3.28114	24.5497	3.07746	10.2012	-6.48781	-122.723	3.20999	-29.3598	22.2961	1454.45	1910.14	133.664	-86.0596	-0.000603745	601.206
30.2700	3.28114	16.9525	2.46197	26.4057	-8.0213	-142.878	2.30395	-23.5917	22.3208	1453.69	1911.49	133.517	-85.7544	-0.000298575	601.647
30.2707	2.05684	-26.1194	1.24599	8.07969	-7.40528	-140.717	0.776611	-18.1119	22.3455	1452.61	1912.69	132.444	-85.7544	0.000159203	602.415
30.2713	2.05684	-32.8376	0.330264	-23.3363	-6.48781	-129.125	-4.11604	-8.0177	22.3819	1452.02	1913.33	131.223	-86.5173	0.000159203	603.787
30.2720	1.43652	6.52986	-0.285228	-35.5687	-8.62421	-108.68	-10.536	9.97887	22.4125	1451.86	1914.37	130.312	-86.9751	6.59448e-006	605.461
30.2727	1.14269	3.20214	-1.20096	-38.5929	-8.0213	-76.3261	-12.0375	26.7641	22.4431	1451.59	1916.21	129.856	-86.8225	6.59448e-006	607.158
30.2733	2.05684	-98.4501	-0.585468	3.52076	-2.52959	-40.0205	-9.91474	33.8012	22.4667	1450.51	1917.89	129.401	-86.6699	0.000159203	608.065
30.2740	1.74668	-206.758	1.54623	75.2449	-0.996109	16.4403	-7.48136	33.4552	22.4973	1450.02	1919.24	128.929	-86.9751	6.59448e-006	608.832
30.2747	0.522371	-355.375	2.46197	102.102	-1.31067	85.4157	-6.86007	27.687	22.522	1449.75	1920.04	128.929	-87.2803	-0.000298575	609.599
30.2753	0.832529	-640.742	0.938249	194.86	-0.0786402	113.791	-8.3874	17.9389	22.5585	1450.02	1921.4	129.694	-86.5173	-0.000145967	610.204
30.2760	1.74668	-788.103	-0.285228	432.286	0.524268	140.638	-7.76611	13.036	22.589	1451.26	1923.24	131.223	-84.9915	6.59448e-006	611.111
30.2767	1.74668	-629.44	-0.285228	628.185	0.222814	171.174	-5.02209	19.727	22.6078	1451.59	1924.12	132.444	-84.3811	-0.000298575	612.18
30.2773	0.522371	-162.493	0.022518	708.485	-0.0786402	87.2337	-1.96742	27.687	22.6383	1450.67	1923.4	131.842	-84.9915	-0.000145967	612.948
30.2780	-0.391778	688.335	0.330264	728.932	0.222814	-85.1786	0.465967	31.9554	22.6689	1449	1921.72	130.312	-86.6699	-0.000451137	614.157
30.2787	1.14269	1036.55	-0.585468	547.929	0.825722	-206.031	0.776611	25.8412	22.6926	1447.43	1919.56	129.547	-88.1958	-0.000603745	615.389
30.2793	4.79928	290.39	-1.5012	186.329	1.44174	-181.923	1.9933	-4.38378	22.7172	1446.41	1917.73	129.401	-89.1113	-0.000298575	616.924
30.2800	5.4196	-73.0842	-0.585468	-110.317	0.825722	-12.5673	5.95402	-34.2627	22.7537	1445.76	1916.93	129.401	-89.4165	-0.000145967	618.737
30.2807	0.522371	281.537	0.022518	-256.519	0.825722	110.419	9.31934	-37.3198	22.7784	1445.6	1916.53	130.149	-88.6536	-0.000145967	619.969
30.2813	-3.73822	173.167	0.022518	-257.422	1.44174	134.236	9.62998	-23.5917	22.8089	1446.08	1916.05	131.077	-88.501	-0.000145967	620.737
30.2820	-2.82407	103.285	0.630503	-190.256	2.66066	183.662	9.31934	-9.8635	22.8454	1446.24	1915.17	131.223	-88.1958	-0.000603745	621.481
30.2827	-0.391778	329.758	0.330264	-92.939	3.87958	198.627	9.91474	0.230725	22.8701	1445.92	1914.05	131.386	-87.1277	-0.000451137	622.411
30.2833	1.14269	168.332	0.938249	64.2313	4.79705	115.319	10.2254	5.99886	22.8947	1445.92	1913.49	131.532	-86.9751	-0.000145967	623.48
30.2840	1.14269	-42.5696	2.46197	119.796	4.4956	28.0328	9.31934	3.86465	22.9184	1445.17	1911.89	130.768	-87.5854	0.000159203	624.248
30.2847	1.74668	13.2481	1.54623	44.4157	4.4956	17.6522	7.17071	3.86465	22.9559	1444.57	1910.69	129.547	-87.8906	0.000311811	625.294
30.2853	2.97098	91.9831	-1.5012	57.2349	4.79705	-3.39871	3.20999	0.807538	22.9864	1443.92	1910.14	128.636	-88.6536	0.000311811	626.828
30.2860	0.228537	79.1745	-2.11669	151.844	3.57813	-98.2992	0.465967	-20.5345	23.016	1442.25	1908.86	127.107	-89.7217	0.000159203	627.898
30.2867	-4.04838	-28.8193	-0.585468	219.28	1.74319	-162.084	1.37201	-45.2798	23.0466	1441.33	1907.66	126.033	-90.1794	0.000159203	628.805
30.2873	-4.04838	-123.439	0.022518	238.193	0.222814	-171.859	3.52064	-54.1051	23.0772	1441.66	1907.82	126.651	-89.8743	0.000464373	630.177
30.2880	-2.53023	-62.7243	-0.285228	222.936	-3.1325	-175.521	3.52064	-42.2227	23.1077	1442.84	1909.34	128.473	-88.501	0.000159203	630.944
30.2887	-0.685612	12.0551	-3.03242	256.519	-6.80238	-98.9315	1.37201	-28.783	23.1383	1444.09	1910.53	130.458	-86.8225	-0.000298575	631.409
30.2893	1.43652	4.14395	-3.03242	238.193	-8.62421	42.6815	0.155322	-30.2827	23.1748	1444.57	1910.53	131.223	-86.0596	6.59448e-006	632.176
30.2900	2.36699	-16.9525	6.74038	38.3221	-8.0213	78.3812	1.68266	-26.9372	23.2053	1444.09	1909.34	131.532	-86.0596	6.59448e-006	632.176
30.2907	4.48913	-118.228	15.8902	-126.206	-4.66598	2.39754	5.33273	-11.9977	23.2428	1443.17	1907.34	131.679	-86.5173	-0.000145967	632.479
30.2913	7.2479	-328.816	17.4214	-95.9632	-2.52959	-55.5914	9.62998	3.86465	23.2724	1442.57	1905.82	131.077	-86.9751	0.000311811	634.153
30.2920	6.62758	-395.998	16.8059	-0.767345	-2.83105	-55.5914	8.3874	15.1702	23.303	1442.09	1904.62	130.621	-87.2803	0.000311811	635.524
30.2927	3.57498	-181.141	14.3665	116.727	-3.44706	-34.5404	2.30395	7.55625	23.3404	1441.98	1902.94	130.914	-87.2803	-0.000145967	637.199
30.2933	0.228537	-5.96477	11.3115	198.201	-4.66598	-7.98302	-1.68266	-13.4974	23.37	1441.98	1901.11	130.768	-87.1277	0.000159203	638.431
30.2940	-0.685612	-13.562	13.143	171.344	-5.88491	20.1025	-2.27806	-19.0348	23.4006	1441.66	1899.59	130.621	-87.1277	0.000311811	638.896
30.2947	2.05684	-23.9847	13.7585	152.431	-6.18636	38.0972	-2.27806	-4.38378	23.444	1441.17	1898.63	130.621	-87.1277	6.59448e-006	639.803
30.2953	4.79928	11.1133	3.68544	75.5158	-6.80238	51.8501	-3.20999	9.69046	23.4746	1441.82	1898.63	131.532	-85.7544	0.000311811	641.174
30.2960	4.79928	1.69525	-17.9844	-183.847	-6.48781	54.274	-4.11604	10.2673	23.5051	1443.33	1898.07	132.444	-84.3811	0.000159203	641.477
30.2967	2.36699	-50.7947	-29.8814	-360.246	-4.96744	32.9069	-5.02209	9.34437	23.5416	1443.76	1896.63	133.062	-83.9233	-0.000298575	642.244
30.2973	0.832529	-71.5773	-16.4531	-338.309	-4.04997	9.11593	-4.42668	18.2273	23.5722	1442.84	1893.91	132.753	-84.2285	-0.000451137	643.151
30.2980	0.228537	74.591	-6.68784	-337.361	-2.52959	-22.0258	-1.06137	23.1302	23.6087	1440.42	1889.92	131.386	-86.0596	-0.000145967	644.081
30.2987	-3.13423	432.289	-11.882	-380.107	1.44174	-47.0287	0.465967	22.7841	23.6452	1438.47	1885.84	129.238	-88.1958	-0.000298575	645.29
30.2993	-7.41114	569.918	-4.85638	-357.222	5.71452	-14.9912	-1.68266	32.5899	23.6816	1437.23	1881.53	127.709	-89.4165	-0.000756307	646.22
30.3000	-8.92928	248.574	7.04062	-265.366	10.2888	-21.3935	-4.42668	48.4523	23.7181	1436.64	1878.33	126.96	-89.5691	-0.000298575	647.127
30.3007	-8.92928	-147.236	8.2641	-199.149	8.15237	-95.5592	-6.23878	58.4888	23.7487	1435.99	1875.62	126.651	-88.9587	0.000311811	647.894
30.3013	-8.61912	-343.194	7.95635	-138.077	-1.91358	-59.8595	-6.86007	60.9691	23.7921	1436.15	1873.14	126.798	-88.3484	6.59448e-006	648.964
30.3020	-6.79082	-460.355	7.64861	-80.7066	-8.93877	43.8935	-6.54942	46.8949	23.8345	1437.07	1872.1	127.416	-88.0432	-0.000145967	650.173
30.3027	-4.04838	-522.64	4.60117	-69.1062	-10.7606	67.7108	-6.23878	26.1296	23.871	1437.23	1870.58	127.709	-87.738	-0.000145967	651.103
30.3033	-2.53023	-427.706	-0.285228	-7.4929	-12.5955	32.301	-5.64338	17.5928	23.9015	1436.74	1868.42	127.871	-87.8906	-0.000298575	651.707
30.3040	-1.59976	-223.836	-5.77211	6.86097	-12.2941	-24.7658	-4.42668	13.3244	23.944	1436.64	1866.19	128.783	-87.5854	-0.000145967	652.777
30.3047	-0.99577	207.386	-8.21906	-25.7738	-7.40528	-81.2266	-3.8054	13.3244	23.9804	1436.31	1862.67	129.547	-87.4329	0.000159203	653.684
30.3053	-0.99577	673.956	-4.55614	43.4678	-3.44706	-112.658	-2.27806	22.4957	24.011	1434.32	1856.52	128.473	-88.9587	-0.000145967	653.986
30.3060	-0.99577	694.739	-0.285228	12.3678	-2.52959	-93.4251	-0.465967	17.016	24.0544	1432.32	1850.29	127.416	-90.4846	6.59448e-006	654.753
30.3067	-1.30593	566.842	-0.285228	-73.7102	-2.83105	-7.98302	0.465967	-2.82638	24.0909	1432.21	1845.57	127.562	-90.7898	0.000311811	656.288
30.3073	-1.59976	531.744	-0.585468	19.6801	-3.44706	71.6628	0.776611	-2.53798	24.1215	1432.48	1841.58	128.018	-90.1794	0.000159203	657.497
30.3080	-0.99577	312.931	-0.585468	73.0783	-4.04997	54.274	1.37201	17.016	24.1579	1433.4	1838.38	129.238	-88.8062	6.59448e-006	657.66
30.3087	-0.0816205	-36.1654	-2.11669	-12.9546	-3.74852	-0.658665	1.68266	17.9389	24.1944	1434.8	1835.82	130.621	-87.1277	0.000159203	657.962
30.3093	0.228537	-333.713	-4.24839	-55.0683	-3.1325	-16.2295	1.68266	-10.4403	24.2309	1435.72	1833.83	131.223	-86.2122	0.000464373	658.869
30.3100	0.228537	-236.331	-4.85638	-72.7623	-2.83105	-12.5673	1.68266	-38.8195	24.2743	1436.15	1831.03	131.386	-85.4492	0.000311811	659.496
30.3107	1.74668	170.467	-3.03242	-91.9911	-2.21503	-15.3074	2.89935	-45.2798	24.3108	1436.31	1828.15	131.386	-85.6018	6.59448e-006	660.868
30.3113	3.57498	164.314	0.330264	-38.277	-2.21503	-29.3501	6.26466	-32.4169	24.3414	1435.72	1825.6	131.077	-86.2122	-0.000145967	662.077
30.3120	3.88513	-45.3323	3.3777	28.2112	-1.61212	3.60949	10.536	-16.2661	24.3778	1434.05	1821.6	129.547	-87.1277	0.000159203	662.682
30.3127	3.28114	5.65084	3.99319	-8.71162	1.14028	90.2899	12.6588	-10.1519	24.4143	1433.13	1817.29	128.929	-87.8906	0.000159203	663.147
30.3133	2.97098	-178.692	1.85398	-156.403	3.57813	122.644	11.4421	-9.8635	24.4449	1433.24	1814.25	129.694	-87.738	-0.000298575	663.751
30.3140	3.57498	-315.693	-1.20096	-223.839	2.66066	69.8449	7.792	-19.0348	24.4755	1432.8	1811.05	129.856	-87.4329	6.59448e-006	664.821
30.3147	2.97098	1.38132	-3.94815	-38.0061	1.14028	-0.658665	3.52064	-29.9943	24.512	1432.64	1807.54	130.312	-86.9751	6.59448e-006	665.588
30.3153	1.43652	-115.842	-5.16412	306.532	-0.0786402	-29.3501	1.68266	-24.2261	24.5484	1433.4	1804.66	131.842	-85.4492	-0.000145967	665.891
30.3160	0.228537	-605.33	-5.47187	632.157	-0.393201	-23.8437	0.776611	-13.8435	24.579	1434.32	1802.02	133.208	-84.5337	-0.000145967	666.193
30.3167	-0.99577	-704.471	-5.47187	852.52	0.825722	-46.1329	-2.89935	-4.96059	24.6155	1434.48	1798.83	133.973	-84.2285	-0.000298575	666.821
30.3173	-3.73822	-789.359	-0.893213	814.649	2.66066	-101.355	-10.536	8.47915	24.652	1434.05	1795.23	134.429	-84.5337	-0.000145967	667.867
30.3180	-6.79082	-1007.86	6.12489	475.934	2.35921	-123.329	-16.0241	9.97887	24.6826	1432.64	1790.44	133.664	-86.0596	6.59448e-006	669.262
30.3187	-6.79082	-581.534	9.17983	190.256	-0.996109	-105.94	-14.4967	-14.7664	24.7072	1430.65	1784.68	132.444	-87.8906	6.59448e-006	670.471
30.3193	-2.82407	402.088	6.74038	100.883	-2.83105	-83.9667	-11.1314	-45.2798	24.7437	1429.3	1779.97	131.842	-88.6536	-0.000145967	671.378
30.3200	0.832529	997.184	2.76971	151.844	-0.694655	-50.4011	-9.91474	-52.2593	24.7683	1428.54	1776.45	131.223	-88.9587	-0.000298575	672.006
30.3207	2.97098	797.898	0.938249	424.974	2.05775	-4.61066	-9.00869	-29.9943	24.7989	1428.38	1773.1	131.077	-88.8062	-0.000298575	672.912
30.3213	3.88513	251.902	0.630503	625.747	5.09851	48.188	-8.07676	-5.88349	24.8354	1428.38	1769.74	131.077	-88.0432	6.59448e-006	673.517
30.3220	2.05684	-13.8759	0.630503	348.961	7.85091	106.151	-7.17071	-2.82638	24.8601	1428.38	1766.55	130.621	-87.738	0.000311811	673.517
30.3227	-0.99577	-92.6109	0.630503	-106.029	7.85091	216.938	-7.17071	-9.5751	24.8837	1428.22	1763.59	130.149	-88.1958	-0.000145967	673.982
30.3233	-3.44438	-263.831	0.938249	-277.237	5.71452	292.922	-7.76611	-17.4774	24.9212	1428.22	1761.19	130.312	-87.8906	-0.000451137	674.586
30.3240	-4.04838	-325.802	3.07746	-295.247	3.27667	185.19	-6.54942	-19.6116	24.9518	1427.89	1758.55	130.149	-87.2803	0.000159203	675.516
30.3247	-2.53023	-5.3369	7.34837	-322.42	1.74319	78.0914	-5.02209	2.65334	24.9813	1427.3	1756	128.929	-88.3484	-0.000145967	676.423
30.3253	0.228537	463.996	13.143	-363.902	-1.61212	84.7834	-3.20999	42.6265	25.0119	1426.11	1753.12	127.709	-89.2639	-0.000145967	677.632
30.3260	2.97098	390.159	15.8902	-495.163	-5.58345	52.7459	-1.96742	65.8144	25.0366	1424.87	1749.69	126.798	-90.0269	0.000464373	678.865
30.3267	3.28114	29.4471	12.8428	-608.369	-2.52959	-29.9561	-0.155322	61.8344	25.0671	1423.95	1747.13	126.196	-90.4846	0.000311811	679.167
30.3273	1.43652	-12.0551	7.04062	-467.99	-4.96744	-87.3127	1.9933	52.7207	25.0977	1423.79	1746.25	126.342	-90.332	0.000159203	679.33
30.3280	1.43652	22.101	1.85398	-220.815	-16.2654	-105.334	2.5887	45.972	25.1224	1425.3	1746.25	128.018	-88.9587	6.59448e-006	680.399
30.3287	3.28114	65.173	-5.77211	-261.394	-15.0334	-137.371	1.9933	31.667	25.1529	1427.46	1746.33	130.458	-86.6699	0.000159203	681.771
30.3293	3.28114	249.453	-12.49	-499.406	-5.26889	-217.017	1.9933	16.3815	25.1835	1427.89	1745.61	131.842	-85.907	6.59448e-006	681.469
30.3300	1.43652	374.023	-15.2372	-606.518	0.825722	-177.971	0.465967	15.8047	25.2082	1427.3	1742.97	132.134	-86.2122	-0.000298575	681.143
30.3307	2.05684	290.704	-19.8158	-547.929	6.31743	46.0275	-2.27806	16.0931	25.2377	1426.54	1739.06	132.134	-86.2122	6.59448e-006	681.911
30.3313	4.19529	175.615	-23.4787	-402.36	6.31743	190.697	-2.27806	5.71045	25.2683	1425.79	1735.54	131.842	-86.5173	0.000159203	682.98
30.3320	5.10944	166.197	-18.2846	-270.828	-3.1325	138.214	1.37201	-3.74928	25.2989	1425.19	1732.67	131.386	-86.8225	6.59448e-006	684.05
30.3327	3.88513	190.245	-4.24839	-221.086	-10.4591	23.4485	5.04797	-8.30611	25.3235	1425.03	1730.51	131.223	-87.1277	-0.000145967	685.119
30.3333	-0.99577	160.672	6.43264	-193.01	-7.40528	-44.8946	5.33273	-8.6522	25.36	1424.38	1728.51	131.223	-87.2803	6.59448e-006	684.654
30.3340	-2.82407	149.057	2.16173	-161.594	-6.48781	-25.9778	2.5887	3.57624	25.3906	1423.36	1725.47	130.458	-87.738	-0.000145967	685.119
30.3347	2.97098	184.468	-5.77211	-166.469	-12.5955	32.6171	-1.37201	32.2439	25.4152	1423.95	1724.12	130.312	-87.1277	-0.000603745	686.491
30.3353	6.62758	77.9815	-5.77211	-124.987	-14.129	59.4643	-4.11604	54.8549	25.4458	1425.3	1724.12	131.077	-85.7544	-0.000451137	686.956
30.3360	4.79928	-70.6355	-2.72468	43.197	-8.93877	75.9573	-3.20999	47.241	25.4705	1425.63	1723.48	131.842	-84.6863	-0.000145967	687.096
30.3367	2.97098	-54.7503	-2.11669	186.6	-3.1325	106.467	-0.155322	26.4757	25.4941	1425.95	1722.84	132.297	-84.3811	-0.000145967	687.723
30.3373	3.57498	38.928	-3.64041	242.481	1.74319	89.9737	3.20999	13.036	25.5247	1425.63	1721.96	132.134	-84.5337	6.59448e-006	688.467
30.3380	5.71343	-176.243	-6.68784	416.397	9.06983	50.928	5.95402	-0.980582	25.5553	1423.47	1718.92	130.914	-85.907	6.59448e-006	689.397
30.3387	8.76604	-717.907	-9.74278	582.144	11.2062	77.4591	7.48136	-6.1719	25.5799	1421.36	1715.73	129.092	-87.8906	-0.000451137	690.165
30.3393	11.5085	-650.474	-11.5742	425.876	4.19414	132.102	7.48136	8.47915	25.6105	1420.12	1713.41	128.181	-88.6536	6.59448e-006	691.072
30.3400	10.9045	56.32	-9.43503	90.7724	-1.91358	159.265	7.48136	8.47915	25.6411	1419.53	1711.25	128.636	-88.501	0.000311811	691.839
30.3407	4.19529	274.505	-3.03242	-176.534	-0.393201	143.378	6.57531	-13.209	25.6657	1419.85	1710.53	129.547	-88.501	-0.000298575	692.443
30.3413	-6.18683	36.4793	4.60117	-233.634	4.19414	112.263	6.26466	-22.3803	25.6963	1420.12	1709.73	129.856	-88.0432	-0.000145967	692.746
30.3420	-16.2588	-48.346	10.3958	-72.4915	3.57813	92.1078	6.26466	-21.169	25.7269	1420.12	1708.37	129.694	-87.738	6.59448e-006	693.048
30.3427	-21.1397	-83.7579	11.0113	73.7102	-6.48781	37.4912	5.95402	-28.4946	25.7574	1419.85	1707.74	130.149	-87.4329	-0.000145967	693.35
30.3433	-12.896	-80.1163	10.7035	73.7102	-14.4305	-20.4977	6.86007	-34.2627	25.787	1419.53	1706.86	130.458	-87.4329	-0.000145967	694.28
30.3440	-0.391778	126.516	12.535	27.6244	-9.54168	-11.935	7.48136	-29.0714	25.8117	1419.69	1705.9	130.312	-87.738	-0.000145967	695.047
30.3447	2.05684	459.162	10.7035	-17.5587	-7.40528	78.3812	4.42668	-24.5146	25.8422	1418.77	1705.66	129.856	-87.5854	-0.000451137	694.582
30.3453	-1.30593	662.09	7.34837	-59.3564	-17.4843	165.351	0.465967	-20.2461	25.861	1416.61	1704.38	129.092	-88.6536	0.000159203	694.885
30.3460	-4.96252	598.926	5.51691	-81.0226	-19.6207	129.968	-2.27806	-10.1519	25.8915	1415.26	1702.54	126.96	-90.7898	0.000616981	696.559
30.3467	-7.10098	465.88	3.68544	-166.785	-11.0752	0.869438	-3.8054	-9.22901	25.928	1414.78	1701.98	125.886	-91.5527	0.000159203	697.931
30.3473	-5.87667	138.697	2.16173	-264.734	-8.0213	-112.342	-2.89935	-14.7664	25.9458	1415.1	1703.18	127.107	-90.0269	-0.000145967	697.931
30.3480	-4.04838	-664.224	-1.5012	-247.672	-15.0334	-159.66	0.155322	-14.7664	25.9763	1416.18	1704.38	128.327	-88.0432	6.59448e-006	697.024
30.3487	-1.90992	-1303.59	-6.68784	-170.125	-22.6615	-168.487	2.30395	-24.803	26.0069	1416.77	1705.5	128.783	-87.1277	6.59448e-006	696.419
30.3493	0.832529	-1096.95	-10.0505	-55.3842	-27.5503	-177.049	2.30395	-43.7224	26.0375	1417.53	1707.02	129.238	-86.3647	0.000616981	697.628
30.3500	2.97098	-411.255	-10.6585	85.8975	-32.4391	-182.24	1.68266	-38.2427	26.0621	1417.69	1707.74	129.092	-86.0596	0.00107471	698.558
30.3507	3.57498	173.795	-8.82705	133.834	-0.996109	-153.864	1.37201	-10.7864	26.0927	1416.61	1708.21	128.636	-86.3647	6.59448e-006	698.233
30.3513	2.66083	413.955	-5.16412	94.7445	54.8515	-116.926	3.20999	1.44203	26.1233	1416.18	1708.85	128.181	-86.9751	-0.000298575	699.302
30.3520	-0.685612	337.983	0.022518	63.9153	60.6447	-104.095	6.26466	-2.82638	26.1538	1415.86	1709.57	128.018	-87.4329	-0.000145967	699.93
30.3527	-6.18683	167.39	0.938249	79.1719	33.7891	-120.588	5.64338	-0.980582	26.1844	1415.1	1710.69	128.473	-87.1277	-0.000298575	700.07
30.3533	-10.4637	25.8055	-2.72468	92.623	22.1896	-165.747	3.20999	-4.38378	26.2091	1415.53	1711.41	128.929	-86.9751	6.59448e-006	702.046
30.3540	-8.32529	3.51608	-2.72468	47.7559	17.3139	-182.529	4.42668	-19.9001	26.2327	1415.86	1711.73	129.238	-86.9751	0.000159203	702.674
30.3547	-3.44438	70.6355	-0.285228	35.5687	11.8222	-122.117	5.95402	-28.783	26.2633	1414.78	1711.41	129.238	-86.8225	-0.000145967	701.744
30.3553	-0.685612	67.3077	1.54623	83.46	9.9873	-31.168	2.5887	-22.9572	26.2998	1415.1	1711.57	129.856	-86.6699	-0.000145967	702.209
30.3560	-0.391778	1.38132	1.54623	98.4007	8.15237	34.435	-1.06137	-8.9406	26.3244	1416.61	1712.21	131.386	-85.6018	0.000159203	703.116
30.3567	0.832529	-30.7029	-2.41693	134.421	1.74319	35.6733	-3.20999	0.519132	26.3432	1417.37	1712.61	132.899	-84.6863	6.59448e-006	703.581
30.3573	4.19529	-2.57427	-6.99559	194.229	0.825722	-47.3449	-1.68266	-4.03769	26.3797	1416.61	1711.89	133.062	-85.2966	-0.000756307	703.743
30.3580	6.62758	-58.4548	-10.3508	180.507	6.01597	-127.597	4.42668	-16.2661	26.4102	1414.02	1709.01	131.077	-87.2803	-0.000451137	704.348
30.3587	6.93774	-108.81	-9.74278	173.781	4.19414	-145.012	9.91474	-18.6887	26.428	1411.75	1706.86	129.092	-88.6536	0.000464373	705.557
30.3593	3.28114	-35.5375	-1.80894	159.472	-0.996109	-143.484	10.8467	-15.0548	26.4586	1411.11	1707.02	128.783	-89.1113	-0.000145967	706.324
30.3600	-2.22008	-141.773	2.16173	55.3842	-6.18636	-98.2992	6.86007	-19.3232	26.495	1410.67	1707.34	128.929	-88.8062	-0.000603745	706.487
30.3607	-6.49699	-296.794	-1.5012	42.881	-19.9222	34.7512	0.465967	-22.6688	26.5197	1410.51	1708.05	128.929	-88.501	-0.000145967	706.929
30.3613	-9.84343	-263.517	-1.80894	243.971	-31.5216	126.912	-3.8054	-15.3432	26.5443	1411.11	1709.25	128.636	-88.3484	6.59448e-006	707.394
30.3620	-11.0677	-274.505	0.330264	496.653	-29.3852	72.5849	-3.49475	-3.74928	26.5749	1411	1710.37	128.783	-87.738	-0.000145967	707.092
30.3627	-9.54959	-355.689	-2.72468	527.798	-24.195	5.13759	-1.96742	9.69046	26.5937	1411.11	1711.41	128.929	-87.4329	0.000159203	707.696
30.3633	-7.41114	-412.448	-6.99559	347.427	-23.2775	30.7728	-1.96742	34.3781	26.6173	1411.59	1712.53	128.473	-87.4329	0.000311811	708.626
30.3640	-3.73822	-365.17	-7.30333	145.705	-33.658	103.727	-4.11604	64.6031	26.6479	1410.35	1712.61	128.181	-87.2803	0.000159203	708.161
30.3647	2.97098	-108.182	-5.77211	39.2249	-43.121	169.014	-6.23878	72.217	26.6785	1409.16	1712.93	128.018	-87.4329	0.000311811	708.161
30.3653	7.54173	138.697	-0.585468	189.67	-28.1663	230.665	-5.95402	62.1805	26.7031	1408.41	1713.09	126.96	-88.8062	0.000311811	709.37
30.3660	3.57498	246.753	9.48007	406.016	-9.24022	265.758	-2.5887	55.4317	26.7337	1407.17	1712.77	125.74	-90.332	-0.000145967	709.998
30.3667	-4.35853	358.451	21.6923	356.59	-5.26889	195.281	-1.37201	52.0862	26.7583	1406.41	1713.09	125.74	-90.4846	-0.000145967	710.3
30.3673	-8.01513	432.917	22.3003	164.934	-0.996109	86.9438	-1.68266	42.3381	26.782	1406.41	1714.21	126.798	-89.7217	0.000159203	710.44
30.3680	-7.41114	393.549	3.99319	70.6409	12.7266	50.0059	-0.155322	16.6699	26.8067	1408.08	1716.29	128.929	-88.1958	0.000464373	710.765
30.3687	-7.10098	169.839	-1.5012	94.7445	27.3799	-10.7231	0.776611	-12.9206	26.8372	1410.51	1719.32	131.386	-86.5173	6.59448e-006	711.37
30.3693	-2.53023	-114.9	12.535	-8.71162	38.9793	-153.232	-0.155322	-30.2827	26.8619	1409.92	1719.48	131.988	-86.6699	-0.000145967	710.602
30.3700	2.66083	-17.5804	22.9083	-385.297	47.8263	-139.505	0.155322	-27.8601	26.8924	1408.41	1718.6	131.532	-86.6699	0.000616981	709.835
30.3707	-6.79082	328.188	25.6555	-717.603	49.6613	32.6171	1.06137	-8.30611	26.923	1407.6	1718.44	131.679	-86.0596	0.000616981	710.137
30.3713	-20.8295	381.62	15.8902	-745.408	62.1651	61.5984	1.9933	6.63335	26.9467	1407.17	1717.64	130.768	-87.1277	0.000464373	711.068
30.3720	-16.569	120.112	12.2273	-530.867	72.2441	-15.5972	1.06137	7.21016	26.9713	1407.17	1717.8	130.149	-87.8906	0.000159203	711.974
30.3727	-2.53023	-17.2664	24.7398	-268.706	48.7438	-45.527	-3.20999	3.57624	26.9901	1406.73	1718.44	130.312	-87.2803	0.000159203	712.277
30.3733	3.28114	54.7503	26.879	-111.22	30.7352	-56.4871	-6.23878	0.519132	27.0206	1406.41	1719.08	130.149	-87.2803	6.59448e-006	712.742
30.3740	3.28114	-42.2557	17.4214	-5.95821	30.1323	-54.9854	-3.8054	-0.692176	27.0512	1406.84	1719.96	130.003	-86.8225	0.000159203	713.648
30.3747	4.79928	-201.295	-1.80894	141.733	-2.21503	-22.3156	1.06137	1.44203	27.0749	1406.73	1720.76	129.694	-86.5173	6.59448e-006	713.811
30.3753	6.02359	-216.553	-25.9182	312.941	-30.3027	-6.45492	3.83128	-0.692176	27.0995	1407.17	1722.44	130.003	-85.7544	-0.000451137	713.207
30.3760	3.88513	-201.86	-32.9363	442.668	-17.1698	-31.168	4.73733	-6.51799	27.1242	1408.41	1724.99	131.077	-84.6863	-0.000298575	713.346
30.3767	1.14269	-56.9479	-23.171	487.806	-3.44706	-42.7606	3.20999	-4.96059	27.1548	1408.08	1726.51	131.532	-83.9233	-0.000298575	713.951
30.3773	1.14269	341.624	2.46197	373.381	-2.21503	-13.4631	1.37201	3.57624	27.1794	1406.84	1726.35	130.149	-84.6863	-0.000451137	714.253
30.3780	4.19529	533.313	24.1318	160.962	1.74319	7.27167	0.465967	7.84466	27.2031	1405.49	1725.31	128.636	-87.4329	-0.000756307	714.253
30.3787	6.62758	210.086	9.17983	211.336	5.09851	18.2582	-2.27806	-2.53798	27.2277	1403.06	1724.28	128.018	-88.6536	-0.000451137	714.253
30.3793	4.79928	-65.7381	-16.7609	448.445	3.87958	82.9655	-7.17071	-24.2261	27.2524	1401.5	1723.48	127.107	-88.9587	0.000311811	715.323
30.3800	2.05684	-58.7687	-20.7316	346.524	2.66066	122.327	-9.29345	-48.9137	27.277	1401.5	1723.16	126.651	-89.8743	-0.000298575	715.95
30.3807	0.832529	-216.239	-6.99559	-24.871	2.35921	52.7459	-5.64338	-62.3535	27.3076	1401.98	1723.64	127.709	-89.2639	-0.000756307	715.648
30.3813	-0.99577	-528.102	3.99319	-442.668	5.09851	-34.5404	0.465967	-51.3364	27.3313	1402.15	1723.96	128.473	-88.1958	-0.000298575	715.788
30.3820	-1.59976	-143.594	0.630503	-803.681	9.06983	-82.1224	5.64338	-28.783	27.3559	1402.31	1724.12	128.636	-87.8906	6.59448e-006	716.09
30.3827	0.228537	583.355	-4.55614	-777.727	10.2888	-119.377	9.31934	-21.4574	27.3806	1402.15	1724.12	129.401	-87.738	0.000159203	716.392
30.3833	2.05684	608.972	-3.94815	-424.026	9.68585	-134.921	11.4421	-27.8601	27.4111	1402.31	1724.28	130.458	-87.1277	0.000159203	716.857
30.3840	1.74668	285.179	-1.5012	-177.437	8.76838	-105.94	11.1314	-14.1319	27.4358	1401.98	1723.8	130.768	-86.5173	-0.000145967	716.857
30.3847	2.36699	-45.6462	2.16173	-166.469	8.15237	-25.0556	8.10264	18.2273	27.4535	1400.47	1721.96	129.401	-87.4329	6.59448e-006	716.555
30.3853	4.19529	-244.618	6.43264	-221.718	6.93344	66.7887	3.83128	32.8783	27.4841	1398.91	1720.12	127.562	-89.4165	-0.000145967	717.159
30.3860	3.28114	-60.9035	9.48007	-266.269	6.01597	83.8876	-0.155322	32.8783	27.5088	1398.15	1718.76	126.798	-90.4846	-0.000145967	718.229
30.3867	0.832529	89.5972	10.3958	-285.813	5.41307	56.7243	-1.96742	35.301	27.5334	1397.88	1717.4	126.798	-90.4846	0.000311811	718.392
30.3873	0.522371	-14.1899	9.48007	-236.974	5.41307	64.6546	-2.5887	37.1468	27.5571	1398.64	1716.92	127.107	-89.7217	0.000159203	718.392
30.3880	1.43652	-71.5773	8.2641	-166.469	5.09851	84.4936	-2.5887	33.8012	27.5817	1399.56	1717.08	128.473	-88.0432	0.000159203	718.229
30.3887	2.05684	-31.8958	5.51691	-157.306	5.09851	97.2981	-2.5887	23.9954	27.6005	1400.58	1717.56	129.856	-86.5173	0.000769543	718.694
30.3893	2.36699	8.09953	0.938249	-188.135	5.71452	91.5018	-1.96742	5.99886	27.6251	1401.5	1717.96	130.768	-85.4492	0.000464373	718.531
30.3900	3.28114	-41.9418	-4.85638	-207.996	5.09851	45.7377	-0.465967	-12.9206	27.6547	1400.74	1716.29	130.621	-85.6018	0.000159203	717.624
30.3907	2.36699	-250.395	-11.2665	-198.201	3.87958	-7.98302	0.155322	-21.4574	27.6794	1399.39	1713.73	129.856	-86.3647	0.000311811	718.229
30.3913	0.832529	-339.176	-13.4057	-152.431	2.96211	-65.3396	0.465967	-16.9006	27.6981	1399.39	1712.53	130.003	-86.9751	6.59448e-006	718.996
30.3920	-0.99577	-101.15	-9.13479	-96.5952	2.66066	-139.505	-0.155322	-7.44089	27.7228	1399.23	1711.09	130.312	-86.8225	6.59448e-006	719.136
30.3927	-1.90992	144.222	-3.03242	-10.8331	2.35921	-218.545	-2.27806	-10.1519	27.7523	1398.8	1709.25	130.768	-86.5173	-0.000145967	719.298
30.3933	-2.22008	147.55	1.24599	188.451	2.35921	-271.95	-3.49475	-10.4403	27.777	1397.99	1707.02	131.077	-86.9751	0.000159203	719.298
30.3940	-3.44438	37.3583	3.07746	412.154	2.05775	-158.738	-2.89935	11.4786	27.8016	1396.96	1703.82	130.768	-87.5854	0.000769543	719.298
30.3947	-4.35853	9.92036	3.3777	343.77	2.05775	102.199	-1.96742	19.1502	27.8204	1396.96	1701.82	131.532	-87.4329	6.59448e-006	719.136
30.3953	-4.35853	-41.3767	2.76971	35.2527	2.05775	198.943	-2.27806	-2.53798	27.8441	1398.31	1700.78	133.355	-86.2122	-0.000603745	719.136
30.3960	-4.65237	-232.061	1.85398	-197.885	2.66066	34.435	-3.49475	-10.1519	27.8687	1399.56	1699.19	134.884	-84.6863	-0.000145967	719.298
30.3967	-4.35853	-356.003	1.24599	-286.4	3.57813	-119.982	-3.20999	12.4015	27.8934	1399.39	1696.95	135.047	-84.3811	-0.000298575	719.763
30.3973	-3.73822	-389.531	1.24599	-110.001	3.87958	-67.4737	-2.89935	29.1867	27.9239	1398.15	1693.75	133.664	-85.4492	-0.000603745	720.368
30.3980	-3.44438	-423.122	1.24599	292.223	2.35921	40.2313	-2.89935	17.9389	27.9486	1396.32	1690.08	131.988	-86.8225	-0.000603745	720.205
30.3987	-2.82407	-358.451	1.85398	550.367	0.222814	85.7055	-3.20999	-3.46088	27.9663	1394.64	1687.04	130.312	-88.3484	-0.000451137	720.531
30.3993	-1.59976	-147.236	2.46197	452.733	-0.393201	140.638	-2.89935	-8.30611	27.9851	1393.56	1685.04	129.092	-89.2639	-0.000298575	721.275
30.4000	0.832529	16.3246	1.54623	185.381	-0.0786402	124.778	-1.68266	4.49914	28.0087	1393.46	1683.68	128.929	-89.2639	-0.000145967	721.577
30.4007	2.97098	-47.1531	0.022518	78.9011	-0.0786402	23.1587	-0.465967	11.8247	28.0393	1393.13	1682.25	128.929	-88.8062	6.59448e-006	720.973
30.4013	5.10944	-142.966	0.022518	279.088	0.524268	11.856	0.776611	3.57624	28.064	1393.56	1681.05	128.327	-88.8062	-0.000298575	720.833
30.4020	6.62758	55.6921	0.938249	574.516	0.524268	114.713	1.37201	-11.3632	28.0827	1394.21	1680.57	129.092	-88.501	-0.000451137	721.135
30.4027	5.4196	350.791	0.938249	617.848	0.222814	219.072	0.465967	-15.9777	28.1064	1392.97	1678.65	129.401	-88.0432	0.000159203	721.275
30.4033	2.05684	339.804	0.630503	405.429	-0.393201	170.858	-0.750724	6.63335	28.1369	1392.65	1676.17	128.636	-88.3484	6.59448e-006	721.903
30.4040	-0.0816205	277.268	6.74038	139.025	-0.393201	-27.822	-0.155322	25.2644	28.1616	1392.97	1674.33	128.783	-88.1958	-0.000145967	721.438
30.4047	1.14269	248.574	17.4214	-130.449	0.524268	-115.398	1.9933	10.6134	28.1862	1391.62	1671.3	128.018	-88.6536	0.000311811	721.275
30.4053	3.57498	59.9617	22.9083	-341.333	0.222814	15.5182	3.52064	-13.209	28.2109	1390.54	1668.42	127.107	-89.8743	-0.000145967	722.205
30.4060	3.57498	16.0107	24.1318	-352.031	-0.996109	185.796	3.83128	-18.1119	28.2346	1389.62	1665.23	126.96	-90.1794	-0.000145967	722.344
30.4067	2.05684	187.231	26.271	-243.384	-0.393201	274.611	4.11604	3.28783	28.2592	1388.87	1661.95	126.96	-90.332	0.000311811	722.205
30.4073	0.832529	370.318	28.7104	-178.385	0.222814	314.289	3.83128	36.2239	28.2839	1389.62	1660.43	128.473	-89.7217	0.000464373	722.042
30.4080	1.14269	479.254	29.3184	-151.528	-0.0786402	227.002	1.9933	53.0091	28.3144	1391.14	1659.87	130.914	-87.4329	0.000769543	722.042
30.4087	2.36699	254.664	25.0475	-119.796	-0.0786402	-39.4145	-0.465967	45.3952	28.345	1392.38	1657.87	131.988	-86.2122	0.000159203	721.577
30.4093	1.43652	-66.6799	13.7585	-56.9189	-0.0786402	-252.717	-1.68266	18.5157	28.3627	1392.81	1655	132.297	-86.5173	-0.000145967	721.275
30.4100	-0.99577	-9.29249	-3.64041	-41.3463	-0.694655	-260.963	-0.465967	-17.189	28.3874	1392.65	1651.8	132.753	-86.2122	-0.000145967	720.833
30.4107	-0.0816205	53.2434	-21.3395	-103.908	-0.694655	-184.057	1.06137	-43.1456	28.4121	1391.62	1647.33	132.134	-86.2122	-0.000451137	720.368
30.4113	2.97098	-139.638	-32.3283	-130.765	0.825722	-108.68	1.68266	-55.6048	28.4367	1390.7	1642.13	131.077	-86.5173	-0.000298575	720.833
30.4120	4.19529	-170.467	-30.1891	-128.327	0.825722	-48.873	4.11604	-60.2193	28.4673	1390.22	1638.06	130.458	-86.8225	6.59448e-006	720.67
30.4127	2.97098	52.0505	-19.5081	-84.6788	0.825722	-5.53279	9.31934	-53.4706	28.4909	1390.06	1635.26	130.312	-86.6699	0.000159203	720.67
30.4133	4.48913	151.505	-12.1822	-38.277	1.44174	14.3062	12.9694	-33.9743	28.5156	1389.46	1632.22	130.003	-86.8225	6.59448e-006	720.368
30.4140	8.76604	101.15	-9.43503	-124.671	1.74319	-26.2939	15.4287	-5.249	28.5403	1388.87	1629.03	129.238	-87.2803	6.59448e-006	720.066
30.4147	8.76604	102.092	-7.30333	-212.555	1.44174	-89.157	17.8621	20.996	28.5649	1389.46	1627.03	129.694	-86.8225	0.000159203	720.066
30.4153	3.88513	79.8024	-0.585468	-128.327	0.524268	-87.6288	15.4287	34.0897	28.5827	1390.54	1625.83	131.077	-85.2966	-0.000145967	719.136
30.4160	-0.391778	28.5053	12.8428	-12.3678	-0.393201	-27.2161	5.95402	36.5123	28.6191	1390.97	1624.31	132.134	-84.0759	-0.000298575	718.694
30.4167	-0.99577	169.525	21.3846	3.83672	-0.694655	-14.3853	-2.89935	23.1302	28.6566	1390.87	1621.52	132.606	-83.9233	-0.000145967	718.833
30.4173	-0.685612	227.791	21.0768	17.5587	-0.996109	-46.7389	-7.17071	4.78755	28.6684	1389.79	1617.6	131.842	-85.2966	-0.000145967	718.833
30.4180	-2.82407	-279.716	20.1611	63.0126	-1.61212	1.47541	-8.69805	11.1902	28.6931	1387.95	1613.13	130.768	-86.8225	-0.000451137	718.996
30.4187	-2.82407	-677.661	21.0768	71.2728	-1.31067	84.1774	-7.48136	27.3986	28.7237	1386.12	1608.41	129.856	-87.8906	-0.000145967	719.136
30.4193	0.522371	-397.505	24.7398	72.4915	-2.52959	73.5071	-4.11604	23.4186	28.7473	1384.6	1603.86	128.473	-89.2639	-0.000145967	718.833
30.4200	2.66083	-1.06738	33.5893	105.126	-4.66598	20.3923	-1.06137	15.1702	28.772	1384.44	1600.66	128.181	-89.7217	-0.000603745	718.392
30.4207	2.66083	220.508	38.7835	57.8217	-5.58345	36.8853	-2.5887	16.6699	28.7966	1384.71	1597.63	129.694	-88.501	-0.000603745	717.927
30.4213	2.05684	301.064	22.9083	-30.6487	-5.26889	90.2899	-7.48136	15.4586	28.8144	1384.44	1594.11	130.149	-87.8906	-0.000298575	717.764
30.4220	1.14269	116.407	-17.3689	85.3107	-4.04997	84.4936	-11.1314	10.2673	28.845	1384.6	1590.59	130.149	-87.8906	-0.000145967	717.927
30.4227	0.522371	-222.957	-46.3645	285.181	-4.04997	50.928	-11.7527	4.78755	28.8696	1384.71	1587.08	130.621	-87.5854	-0.000145967	717.764
30.4233	1.74668	-431.347	-34.46	378.888	-4.66598	61.9145	-11.1314	-4.03769	28.8943	1384.12	1582.92	130.003	-87.738	6.59448e-006	716.857
30.4240	2.05684	-319.649	-10.3508	468.577	-4.96744	100.96	-9.91474	-15.3432	28.9248	1384.44	1579.73	130.003	-87.8906	6.59448e-006	717.02
30.4247	-0.391778	80.7442	-0.893213	473.497	-3.74852	112.263	-6.86007	-28.783	28.9495	1384.44	1576.69	130.458	-87.738	6.59448e-006	717.624
30.4253	-2.82407	372.453	4.60117	418.564	-3.1325	71.979	-6.23878	-30.6288	28.9672	1382.28	1571.5	128.018	-89.2639	6.59448e-006	717.462
30.4260	-4.04838	284.3	11.927	421.904	-3.44706	36.8853	-8.3874	-19.3232	28.9978	1380.61	1566.46	125.74	-91.095	-0.000451137	717.159
30.4267	-4.04838	16.6386	-2.11669	256.79	-4.35142	60.3864	-9.60409	-15.0548	29.0225	1380.18	1563.27	125.886	-90.4846	-0.000145967	717.02
30.4273	-2.53023	-77.9815	-36.5992	-49.6066	-4.96744	135.448	-7.76611	-10.7864	29.0471	1380.77	1561.27	126.342	-89.4165	0.000159203	716.857
30.4280	-1.90992	-70.9494	-46.6723	-259.543	-5.58345	130.89	-3.20999	5.71045	29.0708	1382.01	1559.91	127.562	-88.1958	6.59448e-006	716.253
30.4287	-2.22008	-221.073	-27.7497	-373.697	-4.66598	-41.8648	1.37201	21.2844	29.0954	1383.2	1558.23	129.238	-86.6699	-0.000145967	715.788
30.4293	-3.13423	-356.882	-12.49	-389.27	-2.21503	-182.846	2.5887	19.4386	29.126	1383.79	1556.23	131.077	-85.4492	0.000159203	715.183
30.4300	-2.53023	-404.537	-5.16412	-283.06	-0.393201	-197.494	1.37201	5.07595	29.1566	1383.52	1552.88	131.532	-84.8389	0.000464373	715.02
30.4307	-0.391778	-400.519	-2.72468	-162.497	0.825722	-242.046	1.37201	-4.67219	29.1753	1383.04	1548.32	130.003	-86.3647	6.59448e-006	715.485
30.4313	0.522371	-267.473	-4.85638	-168.906	1.14028	-308.282	0.155322	-5.88349	29.199	1382.12	1544.17	129.401	-87.4329	-0.000603745	714.881
30.4320	-1.30593	-76.4747	-6.68784	-305.629	1.44174	-248.449	-3.49475	-1.61508	29.2295	1380.93	1540.49	130.149	-87.1277	-0.000145967	713.951
30.4327	-3.13423	-107.24	-6.07985	-461.265	1.44174	-73.2963	-6.23878	1.73044	29.2483	1380.45	1536.74	130.312	-87.4329	0.000464373	713.648
30.4333	-4.35853	-168.018	-5.77211	-487.219	0.825722	53.3519	-8.69805	-0.980582	29.2789	1380.61	1533.38	130.003	-87.5854	0.000159203	713.951
30.4340	-5.58284	164.942	-7.60357	-342.552	-0.0786402	66.7887	-13.5648	-3.74928	29.3094	1380.45	1529.55	130.458	-87.1277	-0.000298575	713.951
30.4347	-6.49699	469.208	-8.82705	-124.355	-0.0786402	40.8636	-16.9301	0.807538	29.34	1380.45	1526.19	130.312	-86.3647	-0.000145967	713.207
30.4353	-7.41114	413.076	-7.60357	25.7738	-0.996109	4.84778	-13.8755	9.97887	29.3646	1381.37	1524.51	128.929	-85.144	0.000159203	712.742
30.4360	-6.18683	374.902	-6.3876	7.17693	-1.31067	-45.2108	-7.17071	13.036	29.3883	1382.01	1522.67	127.107	-83.9233	0.000159203	712.277
30.4367	-3.44438	359.33	-6.3876	-162.497	-0.0786402	-61.6774	-2.5887	0.230725	29.413	1381.69	1520.2	122.681	-84.2285	6.59448e-006	711.672
30.4373	-0.0816205	70.6355	-6.99559	-337.361	1.44174	-20.7875	0.776611	-15.3432	29.4435	1380.77	1518.52	115.961	-86.0596	-0.000756307	711.509
30.4380	1.74668	-194.263	-6.68784	-248.575	3.27667	14.596	6.26466	-10.1519	29.4682	1378.61	1516.76	108.639	-87.5854	-0.000908915	711.509
30.4387	1.74668	-152.447	-7.30333	70.6409	3.87958	6.98185	12.0634	-1.90348	29.4859	1376.51	1516.12	101.171	-88.501	-0.000298575	711.812
30.4393	0.522371	-3.51608	-8.5193	304.094	2.96211	-11.935	13.2801	-3.11479	29.5165	1375.86	1518.28	94.1423	-88.9587	-0.000451137	711.672
30.4400	-0.99577	77.6676	-6.99559	409.717	1.74319	-52.825	12.9694	10.2673	29.553	1376.18	1521.88	87.4388	-88.8062	-0.000451137	711.207
30.4407	-1.30593	218.373	-4.85638	453.636	1.14028	-89.7629	16.0241	32.2439	29.5776	1376.18	1525.87	80.719	-88.501	-0.000451137	710.44
30.4413	-0.0816205	341.938	-3.64041	395.363	1.44174	-22.6317	18.7681	34.7241	29.5964	1376.02	1530.59	74.1619	-88.1958	-0.000145967	710.3
30.4420	2.05684	8.41347	-3.64041	263.515	2.35921	64.3384	16.6454	17.9389	29.627	1376.78	1536.1	67.2956	-87.738	0.000311811	710.44
30.4427	4.79928	-397.819	-4.85638	150.625	2.96211	41.1534	13.2801	0.807538	29.6506	1376.94	1541.13	59.8111	-87.1277	6.59448e-006	709.998
30.4433	4.48913	-447.86	-3.33266	27.9404	2.35921	-24.4497	11.7527	-13.4974	29.6812	1376.78	1545.53	51.7246	-87.1277	-0.000451137	709.696
30.4440	1.74668	-370.318	2.46197	-181.409	1.44174	-50.6909	11.1314	-32.1285	29.7058	1376.67	1549.04	42.4177	-87.8906	-0.000145967	709.37
30.4447	1.43652	-38.3001	4.60117	-261.078	0.222814	26.5047	9.31934	-36.3969	29.7246	1375.1	1552.56	32.037	-88.8062	0.000464373	708.928
30.4453	3.57498	337.041	-1.5012	-94.7445	-0.996109	158.343	8.10264	-13.209	29.7482	1373.75	1556.71	21.819	-89.7217	0.000311811	708.463
30.4460	4.79928	378.292	-6.68784	47.7559	-2.83105	170.858	10.536	11.8247	29.7729	1373.16	1560.63	12.5122	-91.5527	0.000159203	708.766
30.4467	6.33375	306.213	-5.16412	53.2628	-2.52959	45.7377	12.6588	13.036	29.7976	1372.84	1565.1	2.74975	-86.9751	0.000464373	708.626
30.4473	8.16205	277.268	-1.80894	-46.2212	-1.31067	-75.1142	11.7527	-3.46088	29.8163	1374.08	1571.02	-6.86624	-78.125	0.000464373	707.859
30.4480	9.0762	214.104	6.43264	-219.867	-1.31067	-132.787	9.91474	-7.7293	29.84	1375.75	1577.49	-16.4822	-138.397	0.000464373	707.254
30.4487	7.85189	142.087	24.4395	-266.855	-1.91358	-158.132	8.69805	5.07595	29.8587	1376.51	1582.92	-27.0094	-2.13623	0.000464373	706.324
30.4493	5.71343	45.3323	38.7835	-112.439	-1.31067	-152.942	10.536	4.21074	29.8833	1376.35	1587.56	-37.0809	-83.0078	-0.000145967	704.952
30.4500	8.76604	-132.292	25.6555	68.2034	-0.0786402	-165.457	12.9694	-6.1719	29.9011	1376.67	1591.79	-46.3878	-428.009	-0.000451137	704.65
30.4507	14.5611	-207.072	-11.882	212.555	-0.694655	-199.628	12.374	0.519132	29.9198	1376.78	1596.67	-55.239	1773.07	0.000159203	704.65
30.4513	12.1288	-94.4318	-32.3283	303.507	-2.83105	-159.66	11.1314	2.36493	29.9435	1375.75	1600.34	-64.5459	4892.88	0.000311811	704.185
30.4520	4.79928	56.0061	-25.0025	224.742	-4.96744	-66.2617	10.536	-20.2461	29.9622	1375.59	1602.5	-72.7789	4999.85	0.000159203	704.487
30.4527	1.74668	59.3338	-14.3214	64.5472	-4.66598	14.9122	9.62998	-30.9172	29.981	1376.02	1603.54	-78.4248	4827.27	6.59448e-006	704.348
30.4533	-1.30593	-26.9984	-5.77211	-24.871	-3.74852	87.8396	9.62998	-10.1519	29.9987	1375.75	1602.66	-82.3948	4999.85	6.59448e-006	703.743
30.4540	-5.87667	13.2481	2.76971	-66.0819	-4.35142	111.341	11.7527	13.6705	30.0175	1376.02	1600.34	-84.9982	4855.5	-0.000145967	703.278
30.4547	-10.1536	82.8789	8.2641	-102.689	-5.26889	62.8103	12.374	32.2439	30.0352	1376.67	1597.31	-86.0557	4999.85	-0.000145967	702.511
30.4553	-11.3779	69.7564	5.20916	-91.0883	-5.58345	33.5392	10.2254	47.241	30.0539	1377.26	1592.43	-85.7466	4999.85	-0.000145967	701.604
30.4560	-8.32529	55.6921	-6.68784	56.603	-4.96744	76.2471	9.31934	34.3781	30.0658	1378.5	1586.44	-83.4687	2348.63	-0.000603745	700.837
30.4567	-6.49699	75.8468	-18.5923	130.765	-4.66598	140.638	8.69805	-6.80639	30.0786	1378.34	1578.69	-80.8654	-346.985	-0.000603745	699.767
30.4573	-5.58284	84.6998	-16.1529	-4.73948	-5.88491	103.727	6.26466	-36.1085	30.0963	1376.51	1568.78	-81.1745	-130.92	-0.000145967	699.767
30.4580	-2.53023	16.0107	2.46197	-118.261	-7.40528	-87.6288	6.57531	-30.2827	30.1092	1375.43	1558.71	-82.5575	120.239	-0.000451137	700.372
30.4587	1.14269	-181.706	16.8059	-156.719	-9.24022	-237.172	6.57531	-18.6887	30.121	1374.35	1548.16	-83.306	-527.802	-0.000298575	700.232
30.4593	3.57498	-464.624	24.7398	-126.476	-11.0752	-199.628	1.9933	-21.4574	30.1269	1373.75	1538.58	-84.8354	1090.7	0.000311811	699.93
30.4600	4.19529	-485.407	32.3734	-76.1477	-11.9926	-133.103	-4.11604	-20.5345	30.1397	1373.92	1530.59	-86.5113	4461.36	0.000311811	699.302
30.4607	4.19529	-203.43	32.9813	-136.587	-11.6781	-105.624	-6.86007	-8.6522	30.1516	1374.08	1523.55	-87.4388	4999.85	-0.000298575	698.396
30.4613	5.4196	44.0765	33.2891	-180.507	-10.7606	53.6681	-9.29345	-1.32667	30.1634	1374.83	1517.64	-88.0408	4831.24	-0.000145967	697.931
30.4620	4.79928	253.471	40.9152	-86.2134	-7.40528	319.163	-14.8074	3.28783	30.1703	1375	1512.13	-89.2611	4984.74	0.000159203	697.791
30.4627	3.88513	295.853	43.3546	117.629	-4.04997	439.093	-19.6742	23.4186	30.1762	1375.1	1507.57	-90.0258	4982.91	0.000159203	697.024
30.4633	4.79928	0.125574	25.9632	334.607	-3.74852	398.519	-20.8908	47.5294	30.1881	1375.1	1503.58	-90.6441	4987.49	0.000159203	695.954
30.4640	5.4196	-396.563	3.68544	421.317	-3.1325	332.6	-20.2954	43.8378	30.194	1374.67	1499.9	-91.2461	4976.2	0.000159203	695.652
30.4647	5.10944	-549.136	2.76971	418.248	-0.996109	243.785	-18.4575	12.1131	30.2068	1374.35	1496.15	-91.3925	4837.65	0.000159203	695.489
30.4653	4.48913	-412.762	11.927	420.054	-3.1325	162.005	-15.4028	-21.7459	30.2127	1373.27	1492.31	-92.32	4999.85	0.000159203	695.047
30.4660	4.19529	-144.473	0.630503	262.928	-8.93877	141.56	-12.0375	-35.8201	30.2186	1372.08	1489.11	-93.2311	4329.53	-0.000145967	694.722
30.4667	3.28114	77.6676	-25.6105	-105.442	-12.897	162.927	-10.8208	-37.0314	30.2186	1371.92	1487.28	-91.7017	938.568	-0.000298575	694.117
30.4673	1.74668	74.591	-40.2621	-354.784	-13.513	184.584	-11.7527	-40.0885	30.2245	1373.27	1486.8	-88.6591	-468.903	-0.000145967	693.211
30.4680	-0.99577	19.4012	-38.7309	-199.735	-11.0752	147.673	-10.536	-27.2256	30.2305	1375	1486.96	-85.9093	18.6157	-0.000298575	691.978
30.4687	-3.13423	111.259	-30.4969	190.256	-3.1325	47.2658	-6.86007	14.8818	30.2374	1376.18	1486.48	-84.2334	-60.4248	-0.000145967	691.072
30.4693	-2.53023	274.505	-19.2003	441.449	4.79705	-52.219	-2.27806	57.912	30.2374	1377.26	1485.76	-83.0131	-124.512	-0.000298575	690.769
30.4700	-0.685612	188.424	-11.5742	438.696	4.19414	-107.468	1.37201	80.177	30.2374	1377.26	1484.8	-81.9393	-71.106	-0.000756307	690.165
30.4707	0.228537	-87.4624	-10.9663	243.384	-0.393201	-69.0018	1.9933	97.8852	30.2305	1376.35	1482.24	-82.3948	-85.4492	-0.000145967	689.537
30.4713	-0.685612	-71.5773	-16.1529	-47.1691	0.524268	60.6763	1.68266	101.519	30.2305	1375.75	1478.57	-83.0131	-86.9751	0.000311811	689.397
30.4720	-2.82407	-8.7274	-22.2553	-201.586	4.4956	144.906	0.776611	71.0057	30.2305	1375.75	1476.25	-83.4687	-87.1277	-0.000145967	689.235
30.4727	-3.73822	18.7733	-28.3576	-15.392	8.45382	95.77	-1.68266	30.7441	30.2305	1375.86	1474.89	-84.3799	-87.2803	-0.000145967	688.467
30.4733	-2.82407	214.104	-34.46	187.232	9.68585	40.2313	-4.11604	6.92176	30.2245	1375.59	1473.85	-84.689	-87.1277	6.59448e-006	687.723
30.4740	-0.685612	-62.7243	-36.907	84.092	7.54946	143.694	-6.54942	5.99886	30.2186	1375.75	1473.69	-83.1596	-86.9751	-0.000145967	687.863
30.4747	0.522371	-569.29	-33.852	-63.6445	5.41307	317.635	-6.86007	20.6499	30.2186	1376.94	1474.17	-80.2634	-86.2122	-0.000145967	687.723
30.4753	-0.685612	-369.753	-26.5262	-162.181	2.66066	254.166	-3.49475	32.2439	30.2127	1377.69	1474.01	-77.3672	-84.9915	-0.000451137	685.421
30.4760	-1.59976	32.5237	-25.3102	-268.39	-0.694655	-46.7389	-0.465967	37.1468	30.2127	1377.59	1473.53	-73.9992	-84.2285	-0.000603745	683.445
30.4767	-0.685612	183.589	-23.171	-251.012	-1.91358	-212.433	1.06137	42.3381	30.2068	1378.02	1472.49	-71.103	-84.3811	-0.000145967	683.445
30.4773	0.228537	298.301	-7.30333	-203.076	-0.0786402	-128.229	2.30395	38.6465	30.2068	1377.1	1469.86	-69.8827	-85.4492	-0.000145967	683.747
30.4780	1.14269	214.983	9.17983	-262.297	1.14028	19.1803	2.30395	32.8783	30.2068	1375.27	1466.34	-68.9715	-86.9751	6.59448e-006	683.445
30.4787	5.71343	122.498	11.927	-350.496	2.35921	78.3812	2.5887	33.8012	30.1999	1373.59	1462.43	-67.7512	-88.501	-0.000298575	682.841
30.4793	10.9045	248.574	5.82465	-358.44	4.79705	12.7781	6.26466	16.6699	30.1999	1372.51	1458.43	-67.2956	-89.5691	-0.000451137	681.911
30.4800	10.3005	309.603	1.24599	-205.558	6.63199	8.50996	9.62998	-12.2861	30.1999	1373	1456.91	-66.3682	-89.1113	-0.000298575	681.608
30.4807	7.2479	193.321	-5.77211	-20.5829	6.63199	125.99	9.00869	-18.4003	30.194	1374.08	1456.75	-65.457	-88.1958	-0.000451137	681.143
30.4813	6.02359	137.755	-13.4057	-34.9368	6.01597	66.1827	8.10264	-13.209	30.1881	1374.35	1456.43	-65.7662	-87.738	-0.000451137	680.841
30.4820	4.19529	183.275	-16.7609	-104.81	4.79705	-117.848	4.73733	-24.803	30.1881	1374.35	1457.07	-66.84	-87.4329	-0.000145967	679.934
30.4827	-1.30593	94.4318	-11.882	-24.871	2.05775	-162.401	-1.96742	-43.7224	30.1881	1374.51	1458.91	-68.0603	-87.4329	-0.000298575	678.865
30.4833	-5.27268	38.928	6.12489	16.6108	-0.0786402	-201.762	-7.76611	-54.3935	30.1881	1374.19	1461.47	-69.5735	-87.5854	-0.000298575	678.097
30.4840	-3.73822	137.504	20.7766	-116.727	0.524268	-350.384	-9.60409	-60.2193	30.1881	1373.75	1464.98	-71.7213	-87.738	-0.000145967	677.493
30.4847	-2.22008	215.611	15.5899	-225.058	0.524268	-416.909	-7.17071	-65.0645	30.1821	1373.27	1469.3	-74.3083	-88.3484	-0.000145967	677.028
30.4853	-2.22008	162.807	3.68544	-202.805	0.825722	-275.928	-4.73733	-59.5848	30.1821	1372.35	1472.81	-77.058	-89.4165	0.000159203	676.726
30.4860	-2.22008	-77.9815	-0.893213	-124.355	1.14028	-89.4468	-4.42668	-42.5111	30.1821	1371.43	1476.73	-79.6451	-90.6372	0.000159203	676.26
30.4867	-4.35853	-206.13	-0.285228	-2.88883	1.14028	-22.6317	-4.11604	-25.0914	30.1821	1370.84	1482.4	-81.1745	-90.6372	0.000159203	674.889
30.4873	-7.10098	-106.989	-2.41693	186.329	0.825722	-58.9374	-4.11604	-7.7293	30.1762	1371.76	1488.16	-81.3372	-89.4165	0.000464373	673.215
30.4880	-8.61912	-74.3399	-1.20096	348.375	1.44174	-119.982	-5.64338	2.36493	30.1703	1373.92	1495.03	-81.1745	-88.0432	-0.000145967	672.447
30.4887	-8.92928	-60.2756	8.56434	249.477	1.74319	-137.371	-6.86007	-4.38378	30.1703	1375.43	1501.9	-81.0281	-86.8225	-0.000451137	672.145
30.4893	-5.87667	-27.3124	17.4214	-39.5408	1.74319	-112.948	-5.95402	-13.209	30.1703	1376.18	1507.73	-81.0281	-85.907	6.59448e-006	671.541
30.4900	-0.99577	-430.782	25.3552	-183.847	2.05775	-112.342	-2.5887	-18.1119	30.1634	1376.18	1512.13	-81.7928	-85.7544	0.000159203	670.634
30.4907	2.05684	-931.886	35.4208	-59.6723	2.96211	-130.969	1.37201	-22.3803	30.1575	1375.59	1515.08	-83.306	-86.3647	-0.000298575	670.169
30.4913	2.05684	-570.546	43.0544	267.487	3.57813	-118.744	3.83128	-14.1319	30.1575	1375	1517.96	-84.0707	-86.6699	0.000159203	669.866
30.4920	0.522371	-12.0551	48.5488	508.569	1.74319	-59.8595	3.83128	5.71045	30.1575	1375.1	1520.68	-84.2334	-86.5173	0.000464373	669.099
30.4927	-0.391778	-52.0505	49.4645	467.087	-1.91358	46.3437	2.5887	26.7641	30.1575	1375.1	1522.35	-85.1446	-87.1277	6.59448e-006	668.495
30.4933	-1.90992	-103.599	42.4389	291.004	-4.66598	216.622	1.9933	42.3381	30.1516	1374.67	1523.31	-85.9093	-87.738	0.000159203	667.262
30.4940	-1.90992	-127.081	28.7104	69.7381	-6.48781	430.873	1.68266	50.5865	30.1457	1374.67	1523.87	-85.4537	-87.4329	0.000159203	666.053
30.4947	1.74668	-203.995	-3.03242	-122.82	-9.85624	566.057	2.30395	49.952	30.1516	1375.75	1524.83	-84.0707	-86.2122	-0.000298575	665.751
30.4953	5.4196	190.559	-40.2621	-247.04	-12.2941	610.609	3.52064	27.9754	30.1516	1377.1	1524.67	-82.3948	-84.9915	-0.000451137	664.681
30.4960	6.33375	583.669	-35.6835	-329.417	-11.3766	616.405	5.33273	0.230725	30.1516	1377.69	1523.55	-81.1745	-84.3811	-0.000298575	663.612
30.4967	5.4196	453.951	-6.99559	-91.4043	-8.0213	508.384	5.95402	-8.0177	30.1516	1377.59	1521.64	-81.1745	-84.5337	-0.000145967	663.147
30.4973	3.88513	357.196	-0.893213	384.079	-4.04997	206.874	4.42668	2.94175	30.1634	1376.18	1517.96	-82.3948	-85.907	-0.000298575	662.24
30.4980	1.14269	205.565	-4.85638	516.197	0.825722	-230.454	2.89935	21.5728	30.1634	1373.92	1513.41	-84.5263	-87.8906	-0.000451137	661.473
30.4987	-0.685612	-79.1745	-4.55614	212.555	3.57813	-503.273	1.9933	26.4757	30.1575	1372.68	1510.05	-85.6002	-89.1113	-0.000298575	660.868
30.4993	0.832529	2.88821	-6.68784	-216.211	5.09851	-490.152	1.37201	3.57624	30.1634	1372.08	1507.41	-86.0557	-89.2639	-0.000451137	659.938
30.5000	3.28114	212.848	-10.0505	-436.845	7.2349	-410.19	0.155322	-19.9001	30.1634	1372.35	1505.57	-86.3649	-89.4165	-0.000451137	659.334
30.5007	2.66083	249.767	-10.3508	-417.932	8.15237	-387.928	-0.155322	-22.9572	30.1634	1373.16	1504.22	-86.3649	-89.2639	-0.000145967	658.427
30.5013	2.05684	194.577	-8.82705	-374.013	7.2349	-316.212	2.5887	-25.0914	30.1703	1373.43	1502.7	-86.2185	-88.8062	-0.000145967	657.195
30.5020	2.66083	106.989	-6.3876	-237.877	6.01597	-59.2535	5.04797	-38.8195	30.1821	1373.59	1501.02	-85.9093	-88.3484	-0.000298575	656.288
30.5027	2.36699	99.0152	-4.85638	9.61438	4.19414	257.222	4.73733	-46.4911	30.194	1373.59	1499.66	-85.7466	-87.8906	-0.000298575	655.823
30.5033	1.43652	170.153	-5.16412	172.291	3.57813	386.004	4.11604	-38.2427	30.194	1374.19	1497.98	-85.6002	-87.4329	0.000159203	655.66
30.5040	3.28114	297.673	-7.30333	286.084	6.31743	208.692	5.95402	-26.3604	30.1999	1374.35	1496.15	-85.9093	-87.1277	0.000311811	654.916
30.5047	9.68019	594.342	-9.43503	342.868	9.06983	-161.795	9.31934	-20.823	30.2127	1373.27	1493.83	-86.9832	-88.501	-0.000603745	653.219
30.5053	11.8186	671.508	-7.30333	156.719	9.68585	-385.477	11.1314	-27.8601	30.2127	1371.92	1491.27	-88.2035	-90.4846	-0.000298575	652.312
30.5060	5.71343	93.2388	-2.72468	-51.4121	8.45382	-247.843	9.62998	-53.1822	30.2186	1371	1488.63	-89.2611	-90.9424	0.000464373	652.01
30.5067	-1.90992	-279.402	-0.285228	-159.472	5.71452	56.4081	6.57531	-67.8332	30.2305	1371.33	1488.08	-89.2611	-90.332	0.000464373	651.544
30.5073	-5.87667	-50.2297	-0.285228	-340.114	2.35921	198.943	2.5887	-47.9908	30.2374	1373.27	1489.27	-87.4388	-88.8062	0.000311811	650.638
30.5080	-7.70497	-208.579	-0.893213	-411.523	-0.0786402	159.555	-1.68266	-26.3604	30.2374	1374.67	1489.75	-85.9093	-87.4329	0.000159203	649.103
30.5087	-6.49699	-644.07	-0.893213	-262.297	-0.996109	75.6411	-3.20999	-17.189	30.2433	1375.59	1490.31	-85.1446	-86.6699	0.000159203	648.336
30.5093	-0.685612	-565.021	-1.80894	-153.65	-0.393201	-0.658665	-1.96742	2.94175	30.2492	1376.35	1491.43	-83.7778	-85.7544	0.000311811	647.127
30.5100	2.97098	-249.202	-3.94815	-182.628	0.524268	-52.825	-2.27806	26.7641	30.2492	1375.43	1490.31	-84.0707	-86.2122	0.000159203	645.592
30.5107	1.43652	-35.5375	-5.16412	-172.878	0.524268	-130.653	-5.33273	29.8212	30.2551	1374.67	1489.43	-84.689	-87.2803	6.59448e-006	645.29
30.5113	-2.22008	80.7442	-5.16412	-132.615	-0.0786402	-249.687	-6.54942	10.2673	30.2551	1375	1490.15	-84.0707	-87.2803	6.59448e-006	644.825
30.5120	-4.65237	31.268	-4.55614	-163.128	0.222814	-216.411	-3.20999	-11.3632	30.261	1375	1490.63	-83.4687	-87.1277	0.000311811	643.779
30.5127	-4.35853	-3.83001	-3.64041	-182.628	1.14028	16.4403	0.155322	-15.0548	30.2679	1375	1490.79	-83.306	-87.1277	0.000311811	643.314
30.5133	-3.13423	23.9847	-3.03242	-135.324	0.524268	145.223	0.155322	-9.22901	30.2738	1374.67	1491.27	-83.306	-87.2803	0.000311811	642.244
30.5140	-4.96252	-39.2419	-2.41693	-72.4915	1.44174	83.2817	-0.465967	-5.59509	30.2679	1374.51	1491.99	-83.0131	-87.2803	6.59448e-006	640.709
30.5147	-6.79082	-86.5206	-3.33266	-42.2491	3.27667	20.1025	-0.750724	-2.53798	30.2679	1375.1	1493.83	-81.9393	-86.5173	-0.000451137	639.64
30.5153	-6.49699	-49.6018	-8.21906	-63.0126	0.825722	-1.26464	-0.750724	-5.249	30.2798	1376.18	1496.47	-80.719	-85.4492	-0.000145967	638.896
30.5160	-6.18683	-46.2113	-11.5742	-95.3764	-2.52959	-29.9561	-0.465967	-14.4203	30.2798	1377.1	1499.02	-79.8078	-84.3811	0.000159203	637.664
30.5167	-6.18683	-130.472	-1.80894	-78.2692	0.222814	-70.8461	-1.37201	-20.5345	30.2798	1377.26	1500.22	-79.8078	-84.3811	6.59448e-006	636.896
30.5173	-5.27268	-236.331	14.6742	-17.5587	6.31743	-94.0311	-1.37201	-22.3803	30.2857	1375.75	1499.82	-81.3372	-86.0596	-0.000145967	636.594
30.5180	-1.90992	-204.623	18.9451	38.0061	6.31743	-91.6072	0.155322	-22.6688	30.2857	1373.59	1499.18	-83.6151	-88.0432	-0.000298575	635.524
30.5187	3.28114	-144.222	14.3665	56.0162	0.825722	-94.9532	1.06137	-24.803	30.2857	1372.24	1499.9	-84.9982	-89.2639	-0.000298575	634.153
30.5193	6.93774	-262.889	13.143	76.4637	-3.44706	-101.355	2.5887	-32.763	30.2916	1371.92	1500.86	-85.4537	-89.5691	-0.000298575	633.548
30.5200	7.54173	-284.865	21.6923	147.872	-4.35142	-71.452	6.26466	-40.3769	30.2916	1372.24	1502.38	-85.1446	-88.9587	6.59448e-006	632.944
30.5207	7.2479	-133.799	37.56	185.697	-2.21503	22.5527	7.48136	-42.2227	30.2916	1372.84	1504.86	-84.689	-88.1958	0.000159203	631.572
30.5213	8.16205	-127.081	51.9039	151.528	0.222814	122.038	2.89935	-46.145	30.2916	1373.59	1506.93	-84.689	-87.738	0.000159203	630.502
30.5220	9.99035	-293.153	53.7354	200.051	-1.61212	117.453	-3.20999	-42.5111	30.2975	1373.59	1508.21	-84.689	-87.8906	0.000159203	629.874
30.5227	10.3005	-393.235	23.216	370.628	-4.35142	32.9069	-4.42668	-20.5345	30.2975	1373.43	1509.57	-84.689	-88.3484	-0.000145967	628.665
30.5233	8.76604	-189.366	-31.1048	441.72	-4.35142	-32.0902	-1.96742	5.42204	30.2975	1373.75	1511.41	-84.2334	-87.5854	6.59448e-006	627.898
30.5240	5.71343	1.38132	-59.1848	391.707	-3.44706	-66.2617	-1.06137	29.8212	30.3044	1373.92	1513.41	-83.6151	-86.8225	0.000616981	627.131
30.5247	2.05684	-33.0888	-42.7016	462.483	-2.83105	-93.4251	-2.27806	54.5088	30.3044	1373	1513.81	-84.689	-88.8062	-0.000145967	626.061
30.5253	-0.391778	72.7702	-2.41693	543.054	-0.996109	-116.004	-3.8054	64.3147	30.3044	1371.33	1513.81	-86.3649	-90.6372	-0.000298575	625.294
30.5260	-0.391778	250.709	26.879	322.104	2.05775	-144.09	-4.73733	38.9926	30.2975	1370.57	1514.92	-86.674	-90.6372	0.000159203	624.387
30.5267	-1.59976	259.562	17.7217	42.881	6.01597	-141.639	-3.49475	-10.4403	30.2975	1370.84	1516.84	-86.0557	-90.332	0.000159203	623.318
30.5273	-4.35853	211.341	-11.882	84.3628	9.68585	-65.3396	-0.465967	-26.3604	30.3044	1372.35	1519.48	-84.0707	-88.9587	0.000464373	622.248
30.5280	-6.49699	213.79	-9.13479	186.329	8.76838	45.4216	0.776611	11.8247	30.3044	1374.35	1522.2	-81.9393	-86.9751	0.000159203	620.737
30.5287	-6.49699	243.677	19.8609	54.4815	4.4956	140.638	0.465967	48.4523	30.3044	1375.43	1524.35	-80.8654	-85.907	0.000311811	619.667
30.5293	-5.58284	178.378	31.1499	-186.013	1.74319	124.778	1.9933	54.5088	30.3044	1375.86	1525.55	-80.4098	-85.4492	0.000769543	619.365
30.5300	-6.18683	75.8468	25.9632	-359.975	0.524268	-19.5755	4.42668	52.3746	30.3044	1375.59	1526.19	-80.5725	-85.907	6.59448e-006	617.365
30.5307	-6.49699	111.51	10.0956	-377.669	-0.0786402	-81.2266	5.04797	45.6836	30.3103	1374.51	1526.35	-81.6301	-86.9751	-0.000298575	615.389
30.5313	-5.58284	177.436	-9.74278	-272.678	0.825722	22.5527	3.83128	28.8983	30.3103	1373.92	1526.35	-82.5575	-87.1277	0.000311811	615.087
30.5320	-5.27268	144.222	-12.1822	-222.304	0.825722	132.102	2.89935	6.63335	30.3162	1373.75	1526.35	-82.704	-87.2803	0.000311811	614.482
30.5327	-5.27268	90.4762	3.07746	-244.918	-0.393201	126.595	4.11604	-13.8435	30.3162	1373.92	1526.51	-82.704	-87.2803	0.000159203	613.25
30.5333	-3.44438	65.7381	16.1979	-178.069	-0.0786402	75.0352	6.57531	-26.9372	30.3162	1374.08	1526.67	-82.8504	-87.2803	6.59448e-006	612.343
30.5340	-0.0816205	-14.5038	17.1137	-27.9404	1.44174	106.151	7.17071	-32.1285	30.3222	1373.92	1526.91	-82.8504	-87.1277	6.59448e-006	611.413
30.5347	2.36699	-101.464	4.29343	15.708	2.35921	165.668	5.64338	-28.1485	30.3281	1374.83	1527.71	-82.5575	-86.3647	6.59448e-006	609.739
30.5353	3.57498	-6.27871	-16.4531	-21.8016	3.27667	128.124	2.89935	-17.4774	30.3281	1376.35	1528.35	-81.4837	-85.144	-0.000145967	608.53
30.5360	4.79928	231.496	-23.779	110.949	3.27667	27.7166	-1.06137	-11.7093	30.3281	1376.94	1528.51	-80.8654	-84.2285	6.59448e-006	607.46
30.5367	5.4196	344.073	-11.5742	330.68	2.66066	-44.6048	-1.06137	-16.9006	30.3281	1376.67	1527.39	-81.3372	-84.5337	6.59448e-006	606.53
30.5373	5.10944	456.713	4.90892	413.373	2.66066	-64.4438	2.89935	-27.8601	30.335	1375.43	1525.23	-83.1596	-86.2122	-0.000298575	605.926
30.5380	3.88513	558.617	11.927	437.793	2.35921	-45.527	3.52064	-38.5311	30.3409	1373.92	1522.35	-84.8354	-88.0432	-0.000451137	605.321
30.5387	-0.0816205	-48.346	9.78782	495.163	1.14028	-28.1118	0.776611	-45.8566	30.3409	1372.84	1519.96	-85.7466	-88.6536	6.59448e-006	604.089
30.5393	-3.73822	-963.279	3.3777	437.793	0.825722	-36.9643	-1.37201	-52.2593	30.3468	1371.92	1517.96	-86.9832	-89.2639	6.59448e-006	602.717
30.5400	-2.82407	-1131.42	-1.20096	170.125	1.14028	-52.219	-3.49475	-52.2593	30.3527	1371.6	1515.96	-87.5852	-89.5691	-0.000603745	601.206
30.5407	-0.99577	-677.975	-1.80894	-88.9669	0.524268	-53.4573	-5.02209	-35.1856	30.3527	1372.51	1514.76	-86.8205	-88.8062	-0.000145967	600.276
30.5413	0.228537	-22.7289	-1.80894	-78.2692	-0.0786402	-47.3449	-2.5887	-15.9777	30.3587	1373.43	1514.12	-86.0557	-88.0432	0.000311811	599.508
30.5420	3.28114	557.11	-11.5742	74.297	-0.393201	-42.1546	2.30395	-7.7293	30.3587	1373.59	1512.61	-86.3649	-87.738	6.59448e-006	598.137
30.5427	6.62758	581.534	-32.0206	90.5015	-0.0786402	-33.9081	4.73733	-2.24957	30.3715	1373.43	1510.61	-86.5113	-87.738	-0.000145967	596.927
30.5433	9.0762	163.121	-38.4307	35.5687	-0.0786402	-32.0902	5.95402	7.55625	30.3774	1373.27	1509.25	-86.2185	-87.738	6.59448e-006	596.16
30.5440	8.76604	-93.5527	-28.0499	68.8353	0.222814	-46.7389	7.48136	27.0525	30.3715	1372.84	1507.25	-86.3649	-87.8906	0.000159203	594.951
30.5447	6.62758	-3.20214	-23.4787	-10.5171	0.524268	-65.3396	5.95402	46.3181	30.3715	1372.35	1504.94	-86.674	-88.6536	6.59448e-006	594.021
30.5453	5.10944	373.709	-19.8158	-428.946	-0.694655	-67.7898	2.5887	48.7407	30.3774	1371.76	1502.7	-87.5852	-89.5691	0.000311811	593.719
30.5460	5.71343	561.065	-3.33266	-732.589	-1.91358	-55.8812	0.465967	39.5694	30.3833	1370.84	1500.7	-88.2035	-90.0269	0.000159203	592.649
30.5467	6.93774	53.8713	13.4507	-547.929	-1.61212	-37.8864	-2.89935	36.5123	30.3833	1370.57	1499.5	-87.8943	-90.0269	-0.000145967	590.812
30.5473	6.93774	-484.151	14.6742	-268.074	-1.61212	3.00351	-5.02209	42.6265	30.3833	1372.08	1499.5	-86.3649	-88.9587	0.000159203	589.603
30.5480	6.33375	-555.603	4.90892	-170.441	-1.61212	37.8074	-4.73733	34.3781	30.3833	1374.08	1500.38	-84.689	-86.9751	0.000311811	588.232
30.5487	6.62758	-610.793	-1.80894	-241.262	-0.996109	30.483	-3.20999	9.69046	30.3892	1375.43	1501.34	-83.306	-85.4492	0.000311811	586.999
30.5493	6.93774	-502.799	1.85398	-390.172	-0.694655	30.7728	-2.27806	-0.115363	30.3892	1376.18	1501.34	-82.5575	-85.4492	6.59448e-006	585.93
30.5500	7.85189	-4.39509	10.7035	-461.265	-0.996109	54.5902	-1.96742	9.97887	30.3892	1375.75	1500.7	-82.8504	-86.0596	0.000159203	584.721
30.5507	13.043	265.966	29.3184	-401.141	-1.61212	53.3519	-1.96742	18.8041	30.3892	1375.1	1500.22	-83.306	-86.2122	0.000159203	583.488
30.5513	20.0623	246.439	36.3365	-240.946	-2.21503	17.6522	-2.27806	23.9954	30.3892	1374.35	1499.82	-84.0707	-86.6699	-0.000145967	581.977
30.5520	22.4946	392.294	11.0113	-32.4993	-2.21503	4.53162	-2.27806	31.3209	30.3892	1373.27	1499.66	-85.291	-87.2803	6.59448e-006	580.442
30.5527	16.0956	257.741	-4.24839	195.176	-1.61212	58.8583	-2.27806	33.4552	30.3961	1373.43	1500.86	-84.9982	-87.2803	0.000159203	579.838
30.5533	6.93774	-235.765	7.95635	321.517	-1.31067	96.4023	-3.49475	24.9183	30.3961	1374.19	1501.9	-84.689	-87.2803	6.59448e-006	579.071
30.5540	-1.90992	-310.545	31.1499	326.392	-0.694655	46.6599	-3.8054	13.036	30.3961	1374.67	1503.42	-84.3799	-86.9751	6.59448e-006	578.001
30.5547	-11.0677	-219.88	54.9514	280.893	-0.0786402	3.31967	-2.27806	2.94175	30.3961	1375.27	1506.21	-83.1596	-85.7544	-0.000145967	576.629
30.5553	-12.292	-402.402	40.6074	158.254	0.222814	46.0275	-0.750724	-4.38378	30.3892	1376.18	1508.61	-82.0857	-84.5337	-0.000451137	574.955
30.5560	-7.70497	-452.444	-11.2665	103.592	0.524268	104.333	-0.465967	-10.1519	30.3961	1377.1	1510.61	-81.6301	-84.3811	-0.000603745	573.723
30.5567	-11.6717	-148.177	-38.7309	165.25	-0.0786402	71.0568	-0.155322	-8.30611	30.402	1376.67	1511.57	-81.9393	-84.9915	-0.000298575	572.816
30.5573	-19.6052	337.041	-25.0025	164.934	-0.694655	-11.329	-0.155322	4.49914	30.3961	1374.83	1511.09	-83.9243	-86.8225	-0.000145967	571.909
30.5580	-19.0012	431.347	-10.6585	63.9153	-0.996109	-27.2161	-0.465967	9.34437	30.3961	1373	1510.77	-85.291	-88.501	-0.000908915	570.537
30.5587	-14.7243	130.472	-8.82705	-84.6788	-0.996109	27.7166	-0.465967	1.44203	30.3961	1371.43	1510.77	-85.6002	-89.2639	-0.000298575	569.305
30.5593	-12.292	266.845	-9.43503	-131.983	-0.393201	91.5018	0.465967	3.28783	30.402	1371.43	1511.25	-86.0557	-90.0269	0.000311811	568.84
30.5600	-10.7576	381.934	-12.49	-50.1934	0.222814	114.081	1.37201	26.4757	30.402	1372.24	1512.93	-85.6002	-89.5691	-0.000451137	567.631
30.5607	-9.84343	-98.4501	-14.9294	-12.9546	0.825722	108.601	1.9933	46.3181	30.402	1372.68	1514.92	-84.2334	-88.501	-0.000298575	566.259
30.5613	-6.79082	-188.424	-13.7135	18.1454	0.524268	83.2817	4.11604	33.8012	30.402	1373	1516.28	-83.4687	-88.1958	0.000159203	565.19
30.5620	-1.59976	146.043	-10.9663	35.8395	0.222814	40.2313	5.64338	2.01885	30.402	1372.84	1516.6	-83.306	-87.8906	-0.000145967	563.655
30.5627	8.45588	281.851	-9.43503	-131.397	0.222814	16.7301	5.04797	-23.5917	30.402	1373.43	1517.32	-83.0131	-87.8906	-0.000298575	562.748
30.5633	25.2534	369.439	-9.74278	-334.607	0.524268	10.644	3.83128	-32.4169	30.402	1374.35	1518.52	-81.9393	-87.4329	6.59448e-006	562.446
30.5640	27.6857	289.762	-10.3508	-333.705	0.524268	1.79157	1.68266	-25.4375	30.402	1373.92	1519.16	-82.5575	-87.5854	6.59448e-006	561.214
30.5647	10.5943	109.375	-10.9663	-208.266	0.524268	-53.7471	-0.155322	-2.53798	30.408	1372.51	1518.28	-84.5263	-89.5691	-0.000298575	559.702
30.5653	-2.53023	134.741	-11.882	-131.081	1.14028	-66.5779	-0.750724	8.47915	30.408	1371.33	1516.44	-85.6002	-90.4846	-0.000298575	558.331
30.5660	-3.73822	231.496	-11.882	-139.025	0.825722	13.3841	0.776611	8.13306	30.408	1370.68	1515.96	-85.9093	-90.1794	0.000311811	557.261
30.5667	2.05684	323.667	-11.2665	-147.872	0.825722	0.263466	2.30395	39.281	30.408	1371.16	1516.6	-85.4537	-89.7217	0.000616981	556.029
30.5673	8.16205	410.627	-10.6585	-85.8975	1.14028	-33.9081	1.06137	87.7909	30.408	1372.68	1517.8	-84.3799	-88.6536	0.000159203	554.494
30.5680	6.93774	428.019	-10.3508	-31.9125	0.524268	33.8291	-0.155322	100.942	30.4139	1373.75	1519.64	-83.1596	-87.4329	-0.000145967	552.68
30.5687	1.14269	341.624	-9.74278	-34.034	-0.0786402	75.9573	-0.750724	72.8515	30.4198	1375	1520.68	-82.0857	-86.2122	6.59448e-006	551.448
30.5693	-2.53023	-62.7243	-7.91132	-16.024	-0.393201	77.4591	-0.155322	38.6465	30.4139	1375.75	1521.48	-81.7928	-85.2966	6.59448e-006	550.541
30.5700	-4.04838	-638.607	-6.3876	35.5687	-0.393201	120.193	1.06137	6.63335	30.4139	1375	1521.32	-82.8504	-85.7544	0.000159203	549.17
30.5707	-1.90992	-870.543	-6.07985	72.7623	0.825722	190.987	-0.155322	-21.4574	30.4198	1373.92	1520.36	-84.3799	-86.5173	0.000159203	548.1
30.5713	1.43652	-834.189	-6.99559	60.5751	1.14028	227.925	-1.06137	-30.9172	30.4198	1373.75	1520.2	-85.1446	-87.1277	-0.000145967	547.03
30.5720	1.43652	-860.748	-6.3876	31.5966	0.825722	157.131	0.155322	-26.0143	30.4257	1373.92	1520.52	-84.9982	-87.4329	6.59448e-006	545.496
30.5727	3.57498	-515.921	-5.77211	87.1162	0.222814	33.5392	0.465967	-23.3032	30.4326	1374.08	1520.52	-85.1446	-87.2803	6.59448e-006	544.426
30.5733	5.4196	214.983	-4.24839	218.964	-0.393201	23.1587	-0.465967	-33.9743	30.4326	1373.75	1519.96	-85.291	-87.4329	-0.000298575	543.659
30.5740	-0.685612	263.831	-2.11669	227.811	-0.996109	48.4778	-1.96742	-52.6054	30.4257	1373.75	1519.48	-85.1446	-87.2803	6.59448e-006	542.287
30.5747	-10.1536	-80.9953	-1.20096	57.2349	-0.694655	28.9549	-3.49475	-69.3906	30.4326	1374.51	1520.2	-84.0707	-86.2122	0.000159203	540.311
30.5753	-19.9154	193.007	-0.893213	-46.2212	-0.0786402	87.5498	-2.89935	-78.2159	30.4444	1376.02	1521.64	-82.5575	-84.6863	6.59448e-006	538.939
30.5760	-25.4166	548.885	-0.585468	21.2148	0.222814	161.083	-0.465967	-73.9474	30.4444	1376.94	1521.88	-81.7928	-83.9233	-0.000451137	537.567
30.5767	-27.2449	478.061	0.022518	74.613	-0.393201	92.1078	0.465967	-68.7561	30.4444	1376.02	1521	-82.3948	-84.5337	-0.000451137	536.498
30.5773	-29.3834	341.311	0.330264	44.6866	-1.31067	-116.32	-0.465967	-69.0445	30.4444	1374.19	1518.84	-84.0707	-86.3647	-0.000451137	535.893
30.5780	-34.8683	135.934	0.630503	2.57286	-0.996109	-387.611	-2.5887	-63.5648	30.4504	1372.51	1516.12	-85.9093	-88.1958	-0.000603745	534.359
30.5787	-37.3169	-118.856	0.938249	-27.9404	-0.393201	-497.187	-6.23878	-53.4706	30.4504	1371.16	1514.12	-86.8205	-89.1113	-0.000145967	532.522
30.5793	-13.8102	-130.785	0.022518	-10.8331	-0.393201	-334.207	-8.3874	-39.7424	30.4563	1371.43	1513.41	-86.9832	-89.8743	-0.000298575	531.917
30.5800	11.8186	-12.3691	-2.11669	53.8496	-0.393201	-138.583	-8.69805	-22.3803	30.4563	1371.6	1512.93	-86.5113	-89.4165	-0.000603745	530.406
30.5807	11.8186	84.3858	-2.72468	94.1577	-0.996109	-32.6962	-9.00869	-8.30611	30.4504	1371.76	1512.29	-86.2185	-88.3484	-0.000145967	529.011
30.5813	17.9239	171.032	-1.5012	100.883	-1.31067	7.58783	-8.69805	5.42204	30.4563	1373	1512.77	-85.6002	-88.0432	0.000311811	528.406
30.5820	35.0152	239.093	-0.285228	106.345	-0.996109	-28.1118	-8.3874	13.6705	30.4632	1373	1512.93	-85.291	-88.0432	0.000159203	526.732
30.5827	38.3779	282.416	0.330264	155.771	-0.996109	-50.4011	-10.2254	7.55625	30.4632	1372.84	1512.93	-85.6002	-87.8906	-0.000298575	525.36
30.5833	19.7522	63.9172	0.022518	256.203	-0.996109	-33.6183	-13.2801	3.28783	30.4632	1373.59	1513.25	-85.1446	-87.2803	6.59448e-006	524.895
30.5840	-4.04838	-345.329	-0.585468	269.022	0.524268	-70.2401	-12.0375	19.727	30.4563	1373.43	1512.61	-85.4537	-87.5854	0.000464373	523.989
30.5847	-6.49699	-329.13	-0.585468	208.898	1.44174	-121.8	-5.95402	39.9155	30.4563	1371.76	1511.09	-87.5852	-89.4165	0.000159203	522.314
30.5853	6.02359	8.7274	0.022518	279.675	1.44174	-82.4386	-1.68266	38.0697	30.4632	1370.25	1510.45	-88.8055	-90.9424	0.000159203	521.384
30.5860	15.1814	105.106	0.022518	362.096	1.74319	-0.658665	-1.68266	22.7841	30.4632	1369.76	1510.45	-88.8055	-91.095	0.000311811	520.315
30.5867	-3.73822	-179.571	-0.585468	200.638	1.74319	32.301	-3.8054	8.76756	30.4563	1370.68	1511.25	-88.0408	-90.1794	0.000159203	518.804
30.5873	-50.1313	-588.252	-0.893213	-15.708	1.14028	4.24181	-5.33273	1.73044	30.4563	1372.51	1513.41	-86.3649	-88.501	6.59448e-006	516.967
30.5880	-74.242	-639.486	-1.80894	8.98245	0.524268	-17.1253	-6.23878	2.01885	30.4632	1373.59	1515.32	-85.1446	-87.1277	-0.000145967	515.13
30.5887	-84.3139	-326.367	-1.5012	172.878	-0.0786402	16.4403	-6.86007	-4.96059	30.4563	1374.67	1517.32	-84.3799	-86.3647	-0.000145967	514.223
30.5893	-114.22	-34.6585	0.022518	165.566	-0.694655	6.05972	-7.17071	-15.9777	30.4563	1375.59	1518.68	-83.4687	-85.7544	6.59448e-006	513.456
30.5900	-132.225	94.1178	-0.285228	-62.4258	-1.61212	-100.749	-3.8054	-8.0177	30.4563	1374.83	1518.68	-83.7778	-86.5173	-0.000145967	511.782
30.5907	-111.477	226.599	-1.80894	-306.532	-1.91358	-200.234	3.20999	6.34494	30.4563	1374.35	1519.16	-84.689	-87.4329	-0.000298575	510.108
30.5913	-77.5884	520.756	-1.20096	-352.031	-1.91358	-188.036	8.10264	7.84466	30.4563	1373.75	1519.8	-84.8354	-87.1277	6.59448e-006	508.736
30.5920	-74.5521	678.226	0.330264	-168.319	-2.52959	-158.422	7.792	0.519132	30.4504	1373	1520.36	-84.8354	-87.1277	6.59448e-006	507.503
30.5927	-41.5775	189.68	2.16173	-76.4637	-2.83105	-175.811	9.00869	-12.2861	30.4444	1373.43	1521.88	-84.5263	-87.2803	-0.000145967	506.434
30.5933	46.3115	-819.874	3.68544	-168.319	-1.91358	-79.3824	15.118	-21.4574	30.4444	1374.08	1522.99	-84.0707	-86.8225	0.000311811	505.829
30.5940	7.54173	-1344.15	1.54623	-189.67	-1.31067	150.097	16.0241	-21.7459	30.4444	1374.19	1524.19	-83.7778	-86.3647	0.000159203	504.597
30.5947	-115.134	-896.16	-1.5012	-81.0226	-0.393201	320.401	5.95402	-15.6316	30.4385	1374.67	1526.51	-82.8504	-86.0596	-0.000298575	502.621
30.5953	-141.073	-293.153	-3.03242	35.2527	0.222814	331.678	-7.17071	-7.0948	30.4385	1376.18	1528.91	-81.6301	-85.144	-0.000145967	500.947
30.5960	-119.705	233.631	-2.41693	125.258	-0.0786402	252.348	-14.4967	1.73044	30.4385	1376.78	1530.74	-80.8654	-84.2285	-0.000145967	499.714
30.5967	-51.0454	541.225	0.330264	188.767	-0.0786402	97.9304	-16.3347	15.4586	30.4326	1376.02	1531.38	-81.4837	-84.6863	-0.000298575	498.668
30.5973	-1.59976	230.554	2.76971	10.2012	-0.694655	-128.229	-12.3481	29.8212	30.4326	1374.08	1530.59	-83.6151	-86.8225	-0.000298575	497.273
30.5980	-73.9318	-173.795	7.04062	-354.468	-0.694655	-212.433	-5.64338	26.7641	30.4326	1372.24	1530.27	-85.4537	-88.501	-0.000145967	496.366
30.5987	-78.2087	-477.747	11.3115	-460.678	-0.694655	-9.80094	-10.8208	-1.90348	30.4326	1371.76	1531.22	-86.0557	-88.9587	-0.000298575	495.459
30.5993	25.2534	-394.742	11.0113	-293.126	-0.393201	222.128	-31.5822	-37.9543	30.4326	1371.33	1531.86	-86.8205	-89.4165	-0.000451137	493.925
30.6000	77.4252	223.836	6.43264	-162.181	0.524268	273.399	-48.0722	-55.3164	30.4326	1371.43	1533.38	-86.9832	-88.8062	-0.000145967	492.855
30.6007	84.4445	513.159	1.24599	-95.0605	2.05775	241.361	-47.7616	-49.5482	30.4257	1372.24	1535.78	-86.3649	-88.0432	6.59448e-006	491.786
30.6013	70.4221	255.857	-0.285228	-1.35414	2.35921	205.346	-32.4882	-38.5311	30.4257	1372.51	1536.9	-86.3649	-87.8906	-0.000145967	489.809
30.6020	33.1869	30.3889	4.29343	13.9025	2.05775	168.408	-10.536	-35.474	30.4385	1372.51	1537.14	-86.9832	-88.3484	-0.000298575	488.275
30.6027	11.8186	227.478	8.56434	-76.4637	2.66066	118.981	5.04797	-31.8401	30.4385	1372.51	1537.78	-86.9832	-88.1958	-0.000298575	487.205
30.6033	27.3918	562.007	7.95635	-19.6801	3.27667	28.6388	13.9013	-20.2461	30.4326	1373.27	1539.14	-86.0557	-86.8225	0.000159203	486.298
30.6040	70.716	714.894	3.3777	202.173	3.57813	-71.452	27.6215	-1.90348	30.4326	1372.84	1538.74	-86.3649	-86.9751	0.000311811	484.462
30.6047	111.004	651.73	-2.11669	300.754	3.57813	-109.286	45.6389	12.1131	30.4326	1371	1536.42	-88.2035	-88.9587	0.000616981	483.09
30.6053	124.128	175.301	-5.77211	257.738	4.4956	-87.0229	67.3063	19.4386	30.4385	1370.25	1534.9	-89.5702	-90.6372	6.59448e-006	482.625
30.6060	114.056	-253.471	-5.47187	200.367	5.41307	-71.7682	90.7859	22.4957	30.4385	1369.92	1534.1	-89.7167	-91.095	6.59448e-006	481.416
30.6067	102.156	-128.651	-3.03242	110.949	5.71452	-96.7711	101.788	19.727	30.4504	1370.57	1534.58	-88.8055	-90.1794	0.000769543	480.044
30.6073	96.051	64.859	-2.11669	69.7381	6.63199	-106.256	105.127	17.016	30.4504	1372.24	1535.78	-87.276	-88.3484	6.59448e-006	478.37
30.6080	96.3611	-31.5819	-2.72468	112.755	7.2349	-63.2055	108.182	12.7476	30.4504	1373.43	1535.62	-85.9093	-86.8225	-0.000298575	476.231
30.6087	80.7879	-132.92	-1.5012	122.82	6.01597	-65.3396	85.9191	-0.692176	30.4632	1374.35	1535.3	-84.9982	-85.7544	0.000616981	474.859
30.6093	36.8435	-57.8269	-0.285228	199.419	5.41307	-122.723	48.0722	-7.7293	30.4632	1374.67	1534.42	-84.9982	-85.907	0.000464373	473.789
30.6100	11.2147	29.1332	-1.80894	330.951	6.31743	-80.9105	34.3262	2.01885	30.4691	1373.75	1531.54	-86.0557	-86.9751	6.59448e-006	472.557
30.6107	27.9958	86.2066	-2.72468	302.876	6.63199	25.2928	20.6061	11.1902	30.4691	1373.92	1529.71	-86.5113	-87.2803	-0.000145967	471.65
30.6113	48.1398	311.424	-1.20096	183.847	5.71452	10.9338	-32.4882	15.1702	30.475	1374.19	1528.35	-86.3649	-86.9751	-0.000145967	470.418
30.6120	49.6579	540.911	0.022518	92.939	4.4956	-38.2026	-77.9718	24.3415	30.4868	1373.59	1526.83	-86.2185	-87.2803	-0.000298575	468.906
30.6127	44.777	404.788	0.938249	19.0933	3.27667	31.3788	-80.7158	33.4552	30.4868	1373.59	1525.39	-86.3649	-87.4329	-0.000298575	467.535
30.6133	42.0345	117.977	0.938249	34.6208	2.05775	106.756	-82.2431	38.3581	30.4938	1373.92	1523.87	-86.674	-87.5854	-0.000145967	466.302
30.6140	43.5527	76.1607	-0.285228	160.375	0.825722	98.2202	-81.0265	28.2638	30.4997	1373.59	1523.15	-86.5113	-87.4329	-0.000145967	464.931
30.6147	42.0345	-29.7611	0.938249	282.157	-0.996109	52.7459	-57.521	-4.67219	30.5115	1374.51	1523.55	-85.4537	-86.0596	6.59448e-006	463.256
30.6153	35.9293	-387.145	4.90892	314.16	-3.74852	11.5662	-35.2323	-26.3604	30.5174	1376.02	1523.71	-83.9243	-84.3811	0.000159203	461.722
30.6160	31.6524	-382.248	8.2641	200.638	-6.18636	-15.9134	-13.8755	-25.7259	30.5233	1376.51	1522.83	-83.4687	-84.2285	-0.000145967	460.513
30.6167	27.6857	-199.412	10.0956	-47.1691	-8.0213	-51.9292	15.7134	-30.6288	30.5233	1375.59	1521.16	-84.5263	-85.2966	-0.000145967	459.141
30.6173	22.8048	-608.972	11.3115	-266.585	-8.93877	-79.6985	35.5688	-23.8801	30.5302	1374.19	1518.52	-86.674	-86.6699	-0.000145967	458.071
30.6180	17.6137	-895.532	12.535	-361.781	-8.62421	-63.5217	40.1249	3.28783	30.5421	1372.51	1515.96	-88.4964	-88.1958	-0.000298575	457.165
30.6187	10.9045	-419.166	12.535	-422.22	-8.62421	-31.168	34.9475	19.1502	30.5421	1371	1514.12	-89.7167	-89.4165	-0.000603745	455.63
30.6193	-1.90992	-5.65084	12.2273	-401.457	-8.32275	-7.98302	24.2562	26.4757	30.548	1370.84	1513.25	-90.0258	-89.7217	-0.000298575	454.095
30.6200	-23.8821	11.1133	11.927	-279.675	-7.10383	5.74356	22.1334	40.4923	30.5608	1371.92	1513.81	-89.1146	-88.6536	-0.000145967	453.026
30.6207	-40.3695	-237.272	-1.5012	-282.744	-6.48781	1.1856	27.6215	44.4723	30.5667	1372.68	1513.81	-88.6591	-88.0432	-0.000145967	451.515
30.6213	-44.9402	-351.419	-27.7497	-431.97	-6.48781	3.60949	24.8774	29.5328	30.5667	1372.68	1513.81	-88.3499	-88.0432	6.59448e-006	449.98
30.6220	-60.2033	242.484	-33.244	-527.211	-6.80238	20.1025	19.9848	6.92176	30.5726	1372.84	1514.28	-87.8943	-87.738	0.000311811	448.91
30.6227	-86.7462	449.053	-10.9663	-453.636	-7.40528	2.7137	19.7	-19.9001	30.5786	1372.84	1513.49	-88.0408	-87.8906	0.000159203	447.539
30.6233	-103.234	60.9035	7.34837	-192.423	-7.71984	-46.4227	12.9694	-36.6853	30.5914	1372.84	1513.09	-87.8943	-87.738	-0.000145967	446.167
30.6240	-117.566	167.704	7.04062	67.8875	-8.0213	-63.8115	-0.465967	-25.4375	30.6032	1373	1513.49	-87.5852	-87.8906	0.000159203	444.958
30.6247	-147.782	255.292	-3.94815	130.178	-9.24022	-31.4842	-16.3347	-6.51799	30.6032	1372.08	1512.93	-88.8055	-88.9587	0.000616981	444.19
30.6253	-185.931	45.8974	-12.49	125.574	-10.1577	-18.0474	-31.2715	-7.44089	30.6032	1370.57	1511.81	-89.5702	-89.8743	6.59448e-006	442.819
30.6260	-199.366	136.876	-11.2665	168.906	-10.1577	-43.9988	-33.7049	-17.4774	30.6091	1369.65	1511.81	-89.5702	-90.1794	-0.000298575	440.68
30.6267	-194.485	165.883	-4.55614	92.939	-10.7606	-83.0445	-25.7835	-24.2261	30.615	1370.41	1513.09	-89.2611	-89.8743	0.000159203	439.447
30.6273	-232.014	-168.332	-5.16412	-74.0262	-11.0752	-134.921	-27.6215	-40.3769	30.615	1372.24	1515.48	-87.7316	-88.3484	0.000159203	438.075
30.6280	-284.202	-296.167	-18.5923	-197.614	-10.4591	-151.704	-32.7989	-61.4306	30.6219	1373.92	1517.48	-85.7466	-86.6699	0.000159203	436.239
30.6287	-308.607	-61.4685	-28.9656	-329.146	-8.93877	-109.602	-27.6215	-56.5277	30.6279	1374.83	1519	-84.2334	-86.0596	0.000311811	435.03
30.6293	-347.377	250.709	-14.0137	-297.414	-7.40528	-73.2963	-22.7288	-26.9372	30.6279	1375	1520.36	-83.9243	-85.907	0.000159203	433.495
30.6300	-351.033	331.892	17.1137	-62.1098	-5.58345	-72.664	-26.4048	-3.11479	30.6338	1374.51	1520.68	-84.3799	-85.907	0.000159203	431.821
30.6307	-289.687	166.449	42.4389	105.126	-2.52959	-74.1921	-36.4748	0.807538	30.6338	1373.75	1521	-85.291	-86.5173	0.000159203	430.449
30.6313	-207.593	109.689	54.3434	131.081	1.44174	-83.6505	-43.8009	-4.96059	30.6397	1372.84	1521.8	-85.7466	-87.4329	6.59448e-006	428.775
30.6320	-81.5715	189.68	64.7167	93.5258	3.87958	-121.511	-42.8689	2.01885	30.6456	1373.27	1522.99	-85.7466	-87.5854	0.000464373	428.17
30.6327	37.1536	185.096	91.5731	33.718	5.41307	-118.454	-43.1796	23.9954	30.6456	1374.08	1524.51	-86.0557	-87.4329	0.000159203	427.543
30.6333	94.2227	166.762	120.869	-42.5651	7.2349	-83.3607	-47.451	37.7236	30.6515	1373.75	1525.87	-86.2185	-87.2803	-0.000451137	425.729
30.6340	98.4833	271.177	111.411	-120.067	8.15237	-84.8888	-49.2889	33.8012	30.6644	1373.75	1527.23	-85.6002	-86.8225	-0.000298575	424.032
30.6347	123.214	208.265	55.8671	-144.802	7.54946	-80.3045	-44.7069	32.5899	30.6703	1375.1	1529.39	-84.2334	-85.6018	6.59448e-006	422.52
30.6353	216.898	-123.125	-3.33266	-72.4915	6.31743	-56.8033	-32.7989	40.7807	30.6644	1376.02	1531.38	-82.8504	-84.5337	-0.000298575	420.846
30.6360	193.702	-195.142	-36.907	9.93034	5.71452	-48.873	-15.4028	31.0325	30.6703	1376.18	1532.42	-82.2484	-84.2285	-0.000298575	419.614
30.6367	54.5388	34.0306	-42.7016	31.9125	4.4956	-36.9643	2.30395	2.36493	30.6644	1375.86	1532.58	-83.0131	-84.9915	0.000159203	418.847
30.6373	36.2395	168.583	-36.907	102.373	1.14028	31.089	15.4287	-8.6522	30.6644	1373.92	1531.54	-85.1446	-87.1277	-0.000451137	417.475
30.6380	108.555	177.75	-39.0387	195.447	-1.31067	150.703	20.9167	1.15363	30.6703	1371.92	1530.43	-86.9832	-88.8062	-0.000756307	415.964
30.6387	95.7408	-3.83001	-39.9544	169.538	-1.91358	221.522	19.9848	-5.88349	30.6703	1371.43	1530.9	-87.4388	-89.1113	-0.000298575	414.894
30.6393	42.3447	-299.808	-25.6105	130.178	-0.996109	156.815	18.4575	-28.1485	30.6762	1371.76	1531.86	-87.5852	-89.2639	-0.000298575	413.824
30.6400	47.8296	-321.533	-6.68784	171.073	-0.0786402	8.50996	17.8621	-25.7259	30.6762	1372.08	1533.38	-87.1296	-89.1113	-0.000451137	412.15
30.6407	56.9874	-98.4501	0.022518	150.625	0.222814	-64.7336	13.9013	-6.51799	30.6762	1372.35	1534.74	-86.674	-88.3484	-0.000451137	410.918
30.6413	76.2172	103.599	-8.82705	40.1276	0.825722	-7.37705	10.2254	-1.32667	30.6821	1372.35	1535.3	-87.1296	-88.1958	-0.000298575	409.383
30.6420	100.328	218.687	-25.0025	54.4815	1.74319	66.4725	8.10264	2.36493	30.6821	1372.51	1536.26	-87.5852	-88.3484	0.000159203	407.57
30.6427	73.7686	397.505	-28.3576	228.714	2.35921	76.5633	3.52064	15.4586	30.689	1372.84	1537.46	-87.4388	-88.1958	0.000159203	406.198
30.6433	91.7741	568.662	-17.0686	222.936	2.35921	67.7108	-0.465967	22.2073	30.689	1373.27	1538.82	-86.8205	-87.5854	-0.000451137	405.268
30.6440	176.921	204.309	-11.882	-46.5372	2.96211	41.7594	-1.06137	15.8047	30.689	1373	1539.29	-86.8205	-87.738	-0.000756307	404.059
30.6447	212.327	-497.901	-14.0137	-209.485	3.57813	3.60949	-0.465967	4.21074	30.6949	1371	1537.78	-88.8055	-89.4165	-0.000145967	402.524
30.6453	186.389	-709.368	-12.7977	-135.053	3.27667	13.3841	-0.750724	-11.0748	30.7008	1369.76	1536.58	-90.1722	-90.6372	0.000311811	401.315
30.6460	168.987	-386.517	-5.77211	2.57286	2.66066	17.9684	1.06137	-24.803	30.7008	1369.92	1537.14	-90.1722	-90.6372	6.59448e-006	400.246
30.6467	167.763	47.781	-2.41693	115.192	2.96211	-14.3853	4.11604	-17.4774	30.7068	1370.68	1538.1	-89.7167	-90.0269	-0.000145967	398.548
30.6473	155.258	416.404	-8.82705	134.105	3.27667	-20.4977	6.26466	4.78755	30.7068	1372.35	1539.45	-88.2035	-88.501	6.59448e-006	397.037
30.6480	139.081	420.673	-15.5449	62.6966	2.35921	-2.47658	8.69805	20.0731	30.7127	1374.19	1540.97	-86.2185	-86.6699	0.000311811	395.805
30.6487	127.785	137.755	-13.4057	19.6801	1.44174	23.1587	11.1314	21.5728	30.7196	1375.1	1542.17	-85.6002	-85.6018	6.59448e-006	394.433
30.6493	118.627	-55.0643	-8.21906	48.9747	0.825722	46.9497	9.91474	13.9589	30.7127	1375.43	1542.49	-84.9982	-85.2966	-0.000451137	393.061
30.6500	110.09	-348.343	-6.07985	68.2034	-0.0786402	39.9415	5.33273	-0.980582	30.7196	1374.35	1540.49	-86.0557	-86.2122	0.000464373	391.224
30.6507	98.7934	-698.381	-4.24839	-31.2806	-1.31067	14.596	1.37201	-13.209	30.7196	1373.59	1538.74	-87.4388	-86.9751	0.000464373	389.853
30.6513	85.6688	-721.298	3.3777	-122.549	-2.21503	-10.7231	1.68266	-0.692176	30.7196	1373.43	1538.1	-87.7316	-86.9751	-0.000298575	388.481
30.6520	77.4252	-423.75	3.07746	-60.5751	-2.52959	-11.935	2.5887	34.7241	30.7255	1373.27	1537.62	-87.7316	-87.2803	-0.000298575	386.969
30.6527	67.3695	-98.7013	-11.5742	95.0605	-1.91358	68.3168	1.9933	68.8715	30.7314	1373.75	1537.06	-87.4388	-87.5854	0.000159203	386.202
30.6533	55.1591	3.83001	-12.49	361.465	-0.0786402	205.952	1.37201	99.3849	30.7373	1373.92	1536.42	-87.5852	-87.2803	6.59448e-006	385.133
30.6540	49.0539	-190.559	0.022518	615.681	0.825722	322.219	0.776611	123.496	30.7373	1373.92	1535.94	-87.1296	-86.5173	-0.000145967	383.296
30.6547	45.6911	-446.29	5.20916	609.272	2.05775	390.878	-0.155322	122.573	30.7373	1375	1536.42	-85.9093	-85.4492	-0.000145967	381.319
30.6553	44.173	-567.784	8.2641	555.287	3.27667	385.688	1.9933	111.902	30.7432	1376.35	1536.74	-85.1446	-84.5337	-0.000145967	379.948
30.6560	45.6911	-578.771	30.2341	544.905	2.66066	319.769	6.57531	118.65	30.7561	1376.67	1536.58	-84.8354	-84.3811	-0.000145967	379.017
30.6567	44.777	-219.252	46.7173	186.013	2.05775	337.79	5.64338	111.325	30.7561	1375.59	1535.78	-85.7466	-85.4492	-0.000145967	378.111
30.6573	42.3447	448.739	18.3296	-296.466	2.66066	434.825	2.5887	61.8344	30.7561	1373.75	1533.22	-88.0408	-87.4329	-0.000298575	376.576
30.6580	37.7576	616.883	-18.5923	-401.141	3.87958	338.396	2.5887	1.15363	30.762	1372.51	1530.59	-89.4238	-88.8062	-0.000298575	375.367
30.6587	31.9626	6.52986	-26.5262	-207.048	4.4956	61.9145	2.89935	-34.8972	30.762	1371.92	1530.19	-89.7167	-89.1113	-0.000298575	374.6
30.6593	25.5472	-399.954	-15.5449	-37.6902	4.19414	-83.9667	0.776611	-51.3364	30.7679	1371.43	1529.71	-89.8794	-89.1113	-0.000451137	373.391
30.6600	16.0956	-146.608	-8.82705	-89.5537	2.96211	-76.0363	-2.5887	-66.3335	30.7679	1371.92	1529.07	-89.5702	-88.6536	-0.000298575	371.554
30.6607	7.85189	112.138	-15.5449	-217.113	1.44174	-100.749	-6.23878	-83.4072	30.7738	1372.51	1528.91	-89.2611	-88.3484	0.000159203	369.88
30.6613	2.97098	247.632	-19.8158	-296.466	1.14028	-218.545	-8.69805	-90.0982	30.7797	1372.68	1528.91	-89.1146	-88.1958	-0.000145967	368.647
30.6620	-1.59976	412.134	-25.0025	-380.422	0.825722	-340.609	-8.3874	-76.7161	30.7738	1372.68	1528.91	-88.6591	-87.8906	-0.000145967	367.438
30.6627	-2.82407	415.525	-37.515	-426.463	0.524268	-297.295	-5.64338	-52.6054	30.7797	1372.68	1528.51	-88.8055	-87.738	6.59448e-006	366.067
30.6633	0.228537	314.186	-37.8227	-390.759	1.14028	-106.546	-1.96742	-30.2827	30.7797	1373	1527.71	-88.8055	-87.8906	0.000159203	364.532
30.6640	-1.90992	311.11	-23.171	-326.708	1.74319	2.7137	1.37201	-23.5917	30.7797	1372.68	1526.83	-88.6591	-88.8062	0.000159203	363.323
30.6647	-8.01513	404.788	-8.82705	-286.084	2.05775	-33.6183	4.11604	-30.6288	30.7797	1371	1525.71	-89.7167	-90.0269	6.59448e-006	362.253
30.6653	-8.01513	463.117	-2.41693	-302.56	2.66066	-87.945	7.48136	-31.8401	30.7797	1370.08	1524.67	-90.4814	-90.7898	-0.000298575	361.788
30.6660	-4.35853	253.723	-1.5012	-306.848	3.27667	-105.334	11.4421	-29.0714	30.7866	1370.25	1524.35	-90.0258	-90.332	0.000159203	361.323
30.6667	-3.73822	-67.6217	0.938249	-160.375	3.27667	-138.583	12.6588	-24.2261	30.7866	1371.33	1525.55	-88.3499	-88.6536	6.59448e-006	359.347
30.6673	-4.96252	-73.3981	4.60117	36.7874	2.66066	-206.637	10.2254	-20.5345	30.7866	1373.16	1527.23	-86.9832	-87.5854	-0.000756307	356.906
30.6680	-4.96252	-9.60642	4.60117	123.452	2.35921	-254.245	5.95402	-32.4169	30.7866	1373.92	1528.35	-86.2185	-86.8225	-0.000298575	355.371
30.6687	-11.0677	-252.844	1.54623	192.423	1.74319	-212.749	1.06137	-48.9137	30.7866	1374.19	1529.23	-85.4537	-86.2122	0.000616981	354.301
30.6693	-22.968	-336.162	0.022518	247.672	1.44174	-124.251	-2.89935	-61.1422	30.7797	1374.51	1529.23	-85.6002	-86.2122	0.000159203	352.93
30.6700	-24.1923	16.9525	0.938249	158.524	1.74319	-71.452	-2.89935	-70.8903	30.7797	1374.35	1529.07	-86.5113	-86.2122	0.000159203	352.023
30.6707	-15.9486	180.199	2.16173	141.146	2.05775	-46.1329	0.465967	-63.5648	30.7866	1374.08	1529.39	-86.674	-86.5173	0.000464373	351.256
30.6713	-15.0345	-12.683	1.85398	353.836	2.05775	-11.935	1.68266	-36.6853	30.7866	1374.08	1530.43	-85.9093	-86.3647	-0.000145967	349.884
30.6720	-19.0012	-189.366	0.938249	525.992	1.74319	49.3999	0.155322	-8.30611	30.7797	1374.19	1530.74	-86.5113	-86.6699	-0.000145967	348.675
30.6727	-19.3114	-209.207	0.630503	522.02	1.44174	117.743	-0.750724	8.76756	30.7797	1373.43	1530.03	-87.8943	-87.738	6.59448e-006	347.28
30.6733	-19.9154	1.38132	2.16173	420.686	1.44174	166.59	-1.06137	15.8047	30.7797	1373.27	1530.03	-87.7316	-87.738	-0.000145967	345.605
30.6740	-23.2782	313.245	3.3777	234.853	1.44174	171.174	-1.68266	14.5357	30.7797	1374.19	1531.38	-86.9832	-86.8225	-0.000145967	344.396
30.6747	-24.7963	309.289	3.68544	-189.354	0.825722	91.5018	-0.155322	-2.53798	30.7797	1375.43	1533.06	-85.4537	-85.2966	-0.000145967	343.164
30.6753	-22.6578	28.2542	5.51691	-624.844	0.825722	-15.5972	3.52064	-22.9572	30.7738	1376.67	1534.26	-84.0707	-84.0759	6.59448e-006	341.653
30.6760	-20.5357	-1.06738	7.34837	-540.617	0.825722	-90.0791	4.73733	-17.189	30.7738	1376.94	1534.9	-84.0707	-83.9233	6.59448e-006	340.886
30.6767	-20.8295	166.197	7.34837	-212.555	0.524268	-181.317	4.42668	2.65334	30.7738	1375.75	1534.1	-85.291	-84.9915	-0.000298575	339.653
30.6773	-21.7437	147.55	6.12489	-121.015	0.222814	-248.765	4.11604	2.65334	30.7738	1373.59	1531.94	-87.276	-86.9751	-0.000298575	338.584
30.6780	-23.2782	8.97855	4.29343	-141.462	0.222814	-248.449	0.776611	-5.59509	30.7738	1372.08	1530.19	-89.2611	-88.6536	-0.000145967	337.212
30.6787	-26.3308	-66.052	2.76971	-122.234	0.524268	-225.264	-3.8054	-1.90348	30.7738	1371.33	1529.07	-89.8794	-89.2639	-0.000298575	335.84
30.6793	-26.6246	-45.0183	2.16173	-138.077	0.524268	-136.159	-4.73733	7.55625	30.7738	1371.43	1529.07	-89.1146	-88.6536	-0.000145967	335.398
30.6800	-24.7963	20.9081	1.85398	-211.336	-0.393201	-0.948478	-3.49475	15.8047	30.7738	1372.24	1529.23	-88.2035	-87.8906	0.000159203	334.026
30.6807	-23.572	12.3691	2.76971	-254.036	-0.0786402	17.3624	-1.68266	20.996	30.7738	1372.51	1529.07	-87.5852	-87.738	-0.000145967	332.19
30.6813	-21.7437	-52.3644	3.68544	-247.356	0.524268	-59.5434	0.776611	15.8047	30.7738	1372.24	1528.59	-87.276	-87.5854	-0.000451137	330.655
30.6820	-19.9154	-47.781	4.60117	-202.489	0.524268	-55.2752	2.5887	-6.51799	30.7738	1371.92	1527.71	-87.5852	-87.8906	-0.000145967	329.144
30.6827	-19.3114	102.72	5.51691	-118.577	1.14028	-20.7875	4.42668	-25.7259	30.7738	1372.24	1527.07	-87.7316	-87.8906	6.59448e-006	328.074
30.6833	-16.8628	419.794	5.51691	-48.9747	1.74319	-73.9023	6.57531	-18.6887	30.7738	1372.68	1527.07	-87.4388	-87.738	-0.000145967	327.005
30.6840	-14.4305	520.191	4.90892	-46.8532	2.35921	-113.264	7.17071	14.2473	30.7797	1372.08	1526.03	-87.8943	-88.1958	0.000159203	325.935
30.6847	-12.5859	243.991	3.99319	-77.9532	2.96211	-58.6476	6.86007	52.0862	30.7797	1370.68	1524.03	-89.4238	-89.4165	0.000159203	325.005
30.6853	-8.92928	36.7932	2.16173	-53.5787	3.27667	65.8665	8.3874	71.0057	30.7797	1369.49	1522.51	-90.1722	-90.4846	0.000159203	323.796
30.6860	-7.41114	-554.661	3.68544	-22.4336	2.96211	232.799	12.0634	70.0828	30.7866	1369.17	1521.88	-90.4814	-90.7898	0.000159203	322.122
30.6867	-10.4637	-1348.73	6.74038	-17.8746	2.66066	366.771	12.9694	55.4317	30.7925	1369.92	1522.51	-90.3349	-89.8743	6.59448e-006	320.424
30.6873	-14.4305	-996.556	6.74038	156.087	1.74319	390.878	9.00869	28.8983	30.7925	1371.92	1524.19	-88.3499	-88.1958	-0.000145967	319.053
30.6880	-21.7437	-305.647	4.90892	467.674	0.825722	334.734	3.52064	10.9018	30.7925	1373.75	1525.39	-86.3649	-86.5173	-0.000451137	317.844
30.6887	-28.4692	-182.962	3.99319	617.532	0.825722	296.9	-0.155322	8.76756	30.7925	1374.19	1524.83	-86.2185	-85.7544	0.000311811	316.309
30.6893	-26.9348	193.635	1.54623	685.284	0.825722	243.179	-2.5887	5.71045	30.7925	1373.75	1524.03	-86.8205	-86.2122	0.000769543	315.1
30.6900	-22.968	574.502	-1.20096	757.279	1.44174	166.273	-5.64338	8.13306	30.7985	1373.75	1524.35	-86.9832	-86.3647	0.000311811	314.635
30.6907	-22.0539	510.71	-1.20096	479.906	1.74319	115.003	-7.48136	18.2273	30.8044	1373.75	1523.87	-86.9832	-86.6699	6.59448e-006	313.426
30.6913	-22.0539	518.37	-0.285228	-53.8496	1.44174	-43.3665	-7.76611	10.6134	30.7985	1372.84	1523.15	-87.4388	-87.2803	6.59448e-006	311.891
30.6920	-22.364	387.71	0.022518	-335.239	0.825722	-233.51	-8.3874	-12.9206	30.8103	1372.84	1522.51	-87.7316	-87.4329	6.59448e-006	310.984
30.6927	-23.572	-221.387	0.022518	-282.157	-0.0786402	-270.132	-8.69805	-23.8801	30.8103	1373.27	1522.35	-87.8943	-87.2803	-0.000145967	309.589
30.6933	-24.1923	-613.869	0.630503	-82.8732	-0.694655	-209.693	-7.76611	-9.8635	30.8044	1373	1522.51	-88.0408	-87.4329	-0.000145967	307.915
30.6940	-23.2782	-442.649	1.85398	98.1299	-0.996109	-98.2992	-6.86007	10.9018	30.8103	1373.43	1522.67	-87.5852	-86.8225	-0.000145967	306.706
30.6947	-20.8295	-165.883	2.46197	128.959	-0.393201	-39.0984	-5.95402	12.7476	30.8231	1374.83	1523.31	-86.3649	-85.4492	-0.000298575	305.172
30.6953	-18.0871	68.8146	1.54623	-63.6445	0.222814	-51.3232	-4.42668	-3.11479	30.8231	1375.43	1524.67	-84.9982	-84.3811	-0.000298575	303.8
30.6960	-15.9486	279.089	0.330264	-297.414	-0.996109	10.9338	-2.89935	-17.4774	30.829	1375.59	1524.83	-84.689	-84.2285	-0.000145967	302.73
30.6967	-15.9486	311.738	0.330264	-273.265	-1.91358	113.791	-1.06137	-21.4574	30.829	1375	1523.15	-86.0557	-85.144	6.59448e-006	301.824
30.6973	-15.0345	203.367	0.330264	-117.629	-1.61212	159.265	-1.68266	-24.5146	30.8349	1373.27	1521.16	-88.0408	-86.9751	-0.000145967	301.056
30.6980	-12.5859	205.251	-1.5012	-79.8039	-1.31067	129.652	-3.20999	-37.9543	30.8478	1371.43	1519.96	-89.4238	-88.8062	-0.000603745	299.987
30.6987	-7.41114	333.713	-4.55614	-84.6788	-0.393201	45.7377	-0.750724	-49.8367	30.8478	1370.08	1518.68	-90.4814	-89.8743	-0.000603745	298.452
30.6993	4.48913	329.13	-3.64041	-43.4678	1.14028	-58.3314	4.42668	-46.4911	30.8478	1370.41	1518.52	-90.4814	-89.5691	-0.000451137	297.243
30.7000	9.99035	207.7	4.60117	17.2427	0.524268	-142.878	9.31934	-33.0514	30.8478	1371.6	1519.48	-89.4238	-88.501	-0.000451137	295.871
30.7007	0.522371	96.5665	8.2641	73.3943	-0.996109	-167.881	9.00869	-22.6688	30.8537	1371.92	1519.8	-88.9519	-88.0432	6.59448e-006	294.499
30.7013	-14.4305	-294.346	10.3958	136.858	-1.61212	-174.309	4.11604	-17.189	30.8537	1371.92	1520.52	-88.8055	-87.8906	6.59448e-006	293.569
30.7020	-27.2449	-794.822	23.5238	193.326	-1.91358	-197.178	1.06137	-11.0748	30.8596	1372.08	1520.68	-88.8055	-87.8906	-0.000298575	292.36
30.7027	-33.644	-684.944	36.952	171.66	-2.21503	-191.382	0.155322	-4.03769	30.8655	1371.92	1520.36	-88.6591	-87.8906	-0.000145967	290.826
30.7033	-35.1784	-241.228	42.4389	84.3628	-2.21503	-143.168	1.68266	3.86465	30.8655	1372.68	1521.88	-87.4388	-86.9751	6.59448e-006	290.221
30.7040	-38.231	9.92036	41.8309	45.3185	-1.61212	-97.0873	4.73733	3.28783	30.8714	1372.68	1521.88	-87.4388	-87.1277	0.000311811	289.919
30.7047	-44.3362	170.718	38.7835	86.5294	-1.31067	-85.1786	5.64338	-3.11479	30.8714	1370.25	1519	-90.0258	-89.4165	0.000616981	288.384
30.7053	-47.0787	301.943	28.7104	99.3486	-0.996109	-77.8542	4.42668	11.8247	30.8714	1368.57	1517.32	-91.5552	-91.2476	0.000159203	287.013
30.7060	-51.0454	407.865	15.5899	68.5194	-0.694655	-33.3021	3.20999	32.8783	30.8774	1369.49	1518.28	-90.4814	-90.7898	-0.000145967	285.943
30.7067	-38.835	449.053	19.5531	171.66	-0.996109	59.1745	1.06137	35.301	30.8843	1370.68	1519.64	-89.1146	-89.2639	0.000159203	284.432
30.7073	8.16205	191.187	13.4507	232.37	-2.21503	197.099	-3.8054	36.5123	30.8902	1372.35	1521.64	-87.4388	-87.5854	0.000311811	283.06
30.7080	33.1869	-332.771	-25.3102	-42.5651	-2.52959	339.318	-7.48136	28.6099	30.8902	1373.75	1523.15	-85.7466	-86.2122	0.000159203	281.688
30.7087	17.0097	-419.166	-37.8227	-373.065	-1.91358	433.296	-7.76611	-13.8435	30.8961	1373.92	1523.31	-85.4537	-85.7544	0.000311811	280.293
30.7093	9.0762	-122.246	-12.1822	-469.796	-1.31067	402.497	-6.86007	-55.6048	30.8961	1374.08	1523.87	-85.7466	-85.7544	0.000464373	279.084
30.7100	13.3531	-82.2511	-2.41693	-281.209	-0.694655	206.268	-5.64338	-49.2022	30.902	1373.75	1524.19	-86.0557	-86.5173	-0.000298575	277.41
30.7107	8.45588	-31.5819	-0.585468	48.3879	0.524268	26.5047	-2.89935	-8.0177	30.902	1372.84	1523.87	-86.674	-87.1277	-0.000756307	276.038
30.7113	0.522371	260.441	11.3115	119.796	0.524268	40.5474	-0.750724	26.7641	30.902	1372.68	1524.19	-86.8205	-87.2803	-0.000145967	275.573
30.7120	-1.30593	423.122	17.1137	-129.23	-0.694655	91.5018	-1.06137	26.1296	30.9148	1372.84	1524.83	-87.1296	-87.1277	6.59448e-006	274.806
30.7127	-0.685612	272.37	18.0294	-334.923	-0.694655	2.7137	-1.68266	8.13306	30.9207	1373	1524.99	-87.276	-87.2803	-0.000145967	273.736
30.7133	1.43652	85.0137	19.5531	-337.361	-0.393201	-157.526	-1.68266	-0.403769	30.9207	1372.68	1525.15	-87.4388	-87.5854	-0.000145967	272.829
30.7140	3.57498	-104.854	17.1137	-294.028	-0.393201	-298.191	-1.96742	-9.22901	30.9207	1373.27	1526.67	-86.3649	-86.6699	6.59448e-006	271.597
30.7147	4.48913	-420.359	18.9451	-215.624	-0.0786402	-337.579	-2.27806	-17.4774	30.9267	1374.83	1528.35	-84.9982	-85.144	-0.000145967	269.783
30.7153	5.4196	-472.535	25.9632	-81.6545	0.825722	-195.65	-1.37201	-13.8435	30.9326	1375.75	1529.71	-84.2334	-84.3811	-0.000298575	268.412
30.7160	7.85189	-250.081	14.0587	-62.1098	1.14028	-22.0258	-1.37201	-4.96059	30.9454	1375.86	1530.19	-84.2334	-84.6863	-0.000451137	267.342
30.7167	11.5085	-123.125	-29.2734	-134.421	0.825722	-39.4145	-2.27806	0.519132	30.9513	1374.35	1528.91	-85.9093	-86.0596	-0.000451137	266.412
30.7173	13.6469	-126.202	-63.4557	-142.681	0.825722	-143.484	-1.96742	7.84466	30.9454	1372.68	1527.07	-87.8943	-87.8906	-0.000451137	265.645
30.7180	13.6469	-158.851	-46.6723	-105.126	1.14028	-162.401	-1.37201	11.8247	30.9513	1371.43	1526.51	-89.1146	-88.9587	-0.000298575	264.738
30.7187	14.5611	-64.859	-10.0505	-102.689	0.825722	-164.218	0.155322	8.13306	30.9572	1370.84	1526.19	-89.5702	-89.4165	-0.000145967	263.668
30.7193	15.1814	63.6033	0.938249	-76.4637	0.524268	-171.543	1.37201	-0.115363	30.9572	1370.84	1525.87	-89.5702	-89.2639	-0.000298575	262.459
30.7200	12.7328	144.473	-3.64041	45.0025	0.524268	-131.575	1.37201	-10.4403	30.9631	1371.43	1527.07	-88.8055	-88.501	-0.000451137	261.529
30.7207	13.9571	348.343	-8.21906	158.254	1.14028	-58.6476	0.776611	-12.5745	30.9631	1371.92	1527.87	-88.2035	-88.0432	-0.000298575	260.32
30.7213	9.99035	361.465	-12.7977	180.507	1.44174	13.9901	1.37201	-11.3632	30.9691	1372.24	1527.55	-88.6591	-88.1958	-0.000145967	259.088
30.7220	-8.32529	16.6386	-15.2372	153.063	1.44174	58.2524	2.30395	-9.5751	30.9691	1372.35	1528.19	-88.6591	-88.0432	0.000159203	257.879
30.7227	-19.0012	52.0505	-14.0137	97.4979	1.44174	60.3864	3.52064	4.78755	30.976	1372.35	1528.75	-88.3499	-87.738	0.000311811	256.809
30.7233	-9.84343	561.065	-12.49	-11.1491	2.05775	5.74356	4.73733	22.4957	30.9819	1372.35	1528.51	-88.4964	-87.5854	6.59448e-006	256.205
30.7240	3.28114	600.119	-11.5742	-19.6801	1.74319	-38.4924	7.17071	35.5894	30.9819	1371.76	1527.87	-89.7167	-88.6536	-0.000145967	254.833
30.7247	7.85189	109.375	-9.74278	215.624	1.14028	-8.90516	9.31934	44.1839	30.9878	1370.41	1526.83	-91.0997	-90.1794	6.59448e-006	253.763
30.7253	6.33375	-71.8912	-8.5193	398.703	1.44174	28.349	9.91474	43.261	30.9937	1369.65	1526.03	-91.5552	-90.6372	0.000464373	253.438
30.7260	6.93774	-341.059	-7.60357	311.136	1.14028	44.8156	8.69805	34.3781	30.9996	1369.76	1526.03	-91.3925	-90.1794	0.000616981	253.136
30.7267	7.2479	-925.167	-6.07985	153.063	0.825722	72.9011	4.11604	22.4957	30.9996	1371.33	1527.71	-90.1722	-88.9587	0.000159203	251.764
30.7273	-0.685612	-817.111	-5.47187	96.5952	0.222814	105.255	-1.68266	3.28783	31.0055	1373.16	1530.03	-88.8055	-87.738	-0.000298575	249.787
30.7280	-9.23944	-357.824	-6.07985	61.207	-0.0786402	111.657	-4.73733	-23.3032	31.0124	1373.92	1530.9	-87.7316	-86.6699	-0.000298575	248.253
30.7287	-6.49699	-213.79	-6.68784	7.76372	-0.393201	63.1265	-5.02209	-40.3769	31.0184	1373.92	1531.06	-86.8205	-85.907	6.59448e-006	246.881
30.7293	-1.30593	63.0382	-6.68784	63.0126	-0.996109	-33.9081	-3.8054	-32.1285	31.0184	1374.19	1531.22	-86.9832	-86.0596	6.59448e-006	245.974
30.7300	-1.30593	476.554	-5.77211	174.097	-0.694655	-123.934	-1.96742	-15.0548	31.0184	1373.75	1531.22	-87.5852	-86.3647	0.000159203	245.207
30.7307	-4.04838	598.926	-3.64041	234.537	-0.996109	-136.159	-1.37201	-2.24957	31.0184	1373.27	1530.59	-87.7316	-86.5173	6.59448e-006	244.3
30.7313	-4.96252	415.525	-3.64041	266.855	-0.996109	-86.7067	-1.37201	9.69046	31.0243	1373.92	1530.59	-87.5852	-86.6699	-0.000451137	243.37
30.7320	-2.82407	207.7	-4.24839	200.051	-0.0786402	-52.219	-0.155322	13.6705	31.0243	1373.92	1530.74	-87.7316	-86.9751	6.59448e-006	241.998
30.7327	-2.22008	128.965	-3.03242	49.2906	-0.0786402	-37.5703	1.9933	9.69046	31.0302	1372.51	1529.55	-88.8055	-87.5854	0.000464373	240.929
30.7333	-3.13423	4.70903	-1.80894	-111.536	-0.0786402	-7.66687	2.5887	2.65334	31.0361	1372.24	1529.07	-89.1146	-87.738	-0.000145967	240.022
30.7340	-1.59976	-190.873	-2.11669	-251.599	0.222814	13.0679	1.06137	-6.1719	31.0361	1373.75	1530.19	-87.4388	-86.8225	-0.000603745	238.348
30.7347	-0.0816205	-312.366	-2.41693	-246.724	0.222814	-28.1118	0.465967	-4.03769	31.0361	1375.27	1531.38	-85.7466	-85.2966	-0.000451137	237.278
30.7353	2.05684	-266.594	-2.41693	-73.3943	0.524268	-103.49	1.68266	13.036	31.0361	1375.86	1532.26	-84.8354	-84.2285	-0.000145967	236.348
30.7360	5.10944	-93.8667	-2.72468	180.507	0.524268	-150.492	1.9933	32.2439	31.043	1375.59	1532.42	-84.5263	-84.0759	6.59448e-006	234.976
30.7367	6.02359	-3.83001	-2.11669	341.649	0.524268	-168.197	1.37201	31.667	31.0489	1374.35	1531.22	-85.7466	-85.907	-0.000145967	234.232
30.7373	4.48913	76.1607	-0.893213	149.677	0.222814	-160.556	0.155322	-2.82638	31.043	1372.35	1529.23	-88.0408	-88.0432	-0.000756307	233.605
30.7380	2.66083	80.4302	-1.20096	-197.298	0.524268	-91.897	-1.06137	-37.9543	31.0489	1371	1528.03	-89.1146	-88.8062	-0.000145967	232.396
30.7387	1.74668	-103.599	-2.41693	-197.885	1.44174	38.7032	-1.68266	-37.9543	31.0489	1370.84	1527.55	-89.2611	-89.1113	0.000464373	231.465
30.7393	-0.685612	-77.3537	-2.11669	35.5687	0.825722	234.037	-1.37201	-22.6688	31.0489	1371.33	1528.03	-88.9519	-89.1113	-0.000145967	231.024
30.7400	-4.35853	169.525	-2.41693	187.819	-0.0786402	438.197	-1.06137	-24.803	31.0489	1371.76	1529.07	-88.3499	-88.3484	-0.000145967	229.791
30.7407	-2.22008	291.897	-5.16412	221.718	0.524268	400.969	-1.96742	-28.1485	31.0489	1372.08	1529.87	-87.8943	-88.0432	6.59448e-006	228.722
30.7413	2.66083	166.762	-6.07985	57.2349	1.44174	89.3677	-2.27806	-12.2861	31.0489	1372.51	1530.74	-87.4388	-87.8906	-0.000298575	227.978
30.7420	0.522371	-63.3522	-1.80894	-210.117	1.44174	-173.677	1.9933	-8.30611	31.043	1372.08	1531.22	-87.8943	-88.0432	-0.000298575	226.583
30.7427	-7.10098	-90.7901	2.46197	-283.376	0.825722	-218.255	6.86007	-20.2461	31.043	1371.92	1530.74	-88.3499	-88.1958	6.59448e-006	225.374
30.7433	-7.10098	56.8851	2.16173	-148.143	-0.0786402	-128.835	7.48136	-9.5751	31.043	1373.16	1531.7	-87.7316	-87.5854	0.000159203	225.536
30.7440	-0.391778	165.57	0.330264	10.2012	0.524268	11.5662	6.26466	14.2473	31.0489	1372.84	1531.94	-88.2035	-88.1958	0.000159203	224.909
30.7447	1.43652	152.761	-0.585468	139.296	0.222814	150.703	3.20999	22.4957	31.0489	1370.25	1529.71	-90.6441	-90.4846	6.59448e-006	223.095
30.7453	-0.99577	61.4685	-1.80894	153.965	-0.0786402	223.656	-0.155322	19.4386	31.0489	1368.84	1528.75	-91.7017	-91.5527	-0.000145967	222.328
30.7460	-2.82407	-21.8499	-3.03242	23.3363	0.825722	230.981	-2.89935	11.8247	31.0489	1369.65	1529.87	-90.4814	-90.6372	6.59448e-006	221.863
30.7467	-3.13423	-47.781	-2.11669	-115.192	0.524268	226.396	-5.33273	1.44203	31.0489	1370.84	1531.38	-88.9519	-89.1113	0.000311811	220.328
30.7473	6.62758	12.9969	-0.285228	-195.176	-0.393201	248.976	-7.17071	3.28783	31.043	1372.84	1533.54	-87.7316	-87.2803	0.000311811	219.119
30.7480	12.7328	105.733	0.022518	-214.992	-0.393201	278.589	-8.07676	13.3244	31.043	1374.08	1534.26	-86.5113	-86.2122	6.59448e-006	217.887
30.7487	-3.73822	119.17	-1.20096	-173.194	-0.0786402	228.531	-8.07676	12.4015	31.043	1375	1535.3	-85.4537	-85.4492	6.59448e-006	216.98
30.7493	-15.3446	-12.9969	-2.11669	-104.81	0.524268	74.113	-6.23878	5.99886	31.0361	1375.27	1536.26	-85.4537	-85.144	6.59448e-006	216.515
30.7500	-6.49699	-216.553	-2.41693	-95.9632	1.44174	-100.143	-1.68266	-2.82638	31.0361	1373.59	1534.42	-87.1296	-86.2122	0.000159203	215.306
30.7507	3.88513	-480.196	-3.03242	-191.475	2.05775	-233.51	4.42668	-18.1119	31.0302	1372.84	1532.9	-88.2035	-87.1277	0.000159203	214.236
30.7513	10.9045	-734.42	-4.55614	-259.227	2.96211	-302.459	9.00869	-11.9977	31.0361	1373.16	1533.06	-87.8943	-87.1277	0.000159203	213.632
30.7520	15.7854	-518.37	-5.47187	-210.433	3.27667	-275.322	11.1314	16.6699	31.0361	1372.84	1533.38	-87.7316	-87.2803	6.59448e-006	212.865
30.7527	13.3531	102.72	-3.03242	-105.442	2.66066	-193.226	10.8467	31.0325	31.0361	1372.35	1533.38	-88.3499	-87.4329	-0.000451137	211.795
30.7533	4.79928	498.215	-1.5012	-7.4929	1.74319	-124.251	7.792	17.5928	31.0361	1372.68	1532.74	-88.4964	-87.2803	-0.000298575	210.725
30.7540	2.97098	508.261	-3.64041	104.81	1.14028	-74.798	1.9933	-4.38378	31.0302	1373.92	1533.38	-87.1296	-86.2122	6.59448e-006	210.121
30.7547	5.71343	367.556	-5.16412	313.573	0.524268	-22.9216	-4.42668	-3.46088	31.0361	1374.83	1534.26	-85.9093	-85.144	-0.000145967	208.586
30.7553	2.97098	193.635	-4.55614	367.603	0.222814	36.5691	-8.3874	15.8047	31.0361	1375.75	1534.26	-85.6002	-84.3811	-0.000145967	207.377
30.7560	-3.44438	-45.0183	-1.80894	37.0582	0.222814	61.5984	-8.07676	23.707	31.0361	1376.35	1533.94	-85.6002	-84.0759	6.59448e-006	206.912
30.7567	-8.61912	-34.0306	0.630503	-365.121	-0.694655	64.9708	-6.54942	22.2073	31.0361	1374.67	1531.94	-86.8205	-85.907	-0.000451137	206.447
30.7573	-12.292	240.035	0.630503	-422.536	-1.91358	72.9011	-6.86007	22.4957	31.0302	1371.92	1528.91	-88.8055	-88.1958	-0.000756307	205.843
30.7580	-13.8102	151.819	0.938249	-150.309	-1.91358	29.8771	-4.42668	16.3815	31.0302	1371	1526.91	-90.0258	-88.9587	-0.000603745	204.936
30.7587	-13.2062	-154.268	2.16173	54.1655	-1.61212	-4.00469	-2.27806	-9.22901	31.0361	1371.16	1525.87	-90.3349	-89.2639	-0.000451137	204.308
30.7593	-10.4637	-103.599	1.54623	79.1719	-0.393201	53.0621	-4.11604	-34.8972	31.0361	1370.84	1525.39	-90.1722	-89.2639	-0.000451137	203.401
30.7600	-9.23944	111.259	1.54623	131.983	0.222814	127.834	-5.33273	-34.8972	31.0361	1371.16	1525.23	-89.7167	-88.6536	-0.000298575	202.169
30.7607	-8.01513	53.8713	3.07746	219.28	0.222814	168.408	-2.5887	-31.494	31.0361	1372.24	1525.55	-88.9519	-88.0432	0.000159203	201.564
30.7613	-5.27268	-29.1332	5.51691	176.534	0.222814	191.909	0.776611	-37.0314	31.0361	1372.35	1525.71	-88.3499	-87.8906	-0.000145967	200.658
30.7620	-3.13423	290.076	7.04062	32.4993	0.222814	198.943	1.9933	-20.5345	31.0361	1372.51	1525.71	-88.3499	-87.8906	-0.000298575	199.728
30.7627	-2.82407	391.415	5.51691	-14.4893	0.524268	132.102	1.06137	11.8247	31.0361	1373	1525.71	-88.2035	-87.2803	6.59448e-006	199.588
30.7633	-3.13423	-117.977	3.3777	15.708	0.524268	-24.4497	-1.06137	29.1867	31.0302	1373.16	1525.55	-87.7316	-86.9751	6.59448e-006	198.984
30.7640	-4.35853	-325.488	3.68544	56.287	0.222814	-143.168	0.155322	37.7236	31.0361	1371.6	1523.71	-89.1146	-88.501	-0.000145967	197.286
30.7647	-4.35853	-67.8728	3.68544	84.6788	0.524268	-134.315	4.11604	38.9926	31.0361	1369.49	1521.48	-91.2461	-90.332	6.59448e-006	195.914
30.7653	-1.90992	7.7856	1.24599	13.2706	0.222814	-53.1411	4.11604	28.2638	31.0361	1369	1520.36	-91.8644	-90.6372	-0.000145967	195.775
30.7660	-1.30593	-41.6278	-0.893213	-58.7244	-0.393201	-29.6399	0.776611	26.1296	31.0361	1369.76	1520.36	-91.5552	-90.1794	6.59448e-006	195.31
30.7667	-3.13423	-97.8223	-0.585468	-69.4221	0.524268	-140.427	-0.155322	27.687	31.0361	1371	1521.32	-90.1722	-88.9587	0.000159203	194.403
30.7673	-3.73822	-253.471	1.24599	-113.973	0.222814	-257.617	1.9933	6.92176	31.0361	1372.84	1522.99	-88.2035	-87.4329	6.59448e-006	193.473
30.7680	-1.59976	-182.962	2.46197	-171.66	-0.393201	-241.73	2.89935	-3.46088	31.0302	1374.08	1524.19	-86.9832	-86.2122	-0.000145967	192.264
30.7687	-1.30593	191.501	3.07746	-170.757	-0.393201	-144.379	1.9933	27.3986	31.0361	1374.51	1523.87	-86.3649	-85.4492	0.000159203	191.334
30.7693	-2.53023	103.913	4.29343	-84.6788	-0.393201	-33.0123	0.776611	54.8549	31.0361	1373.92	1522.67	-87.4388	-86.3647	-0.000145967	190.288
30.7700	-2.22008	-602.254	4.90892	-19.0933	-0.694655	62.2044	-1.06137	55.7778	31.0361	1372.84	1520.68	-89.1146	-87.8906	-0.000145967	189.358
30.7707	-3.44438	-745.973	4.90892	-90.7724	-0.0786402	99.4321	-3.20999	53.6436	31.043	1373	1520.52	-89.1146	-87.738	0.000311811	189.218
30.7713	-8.92928	-160.044	4.90892	-141.733	0.222814	123.855	-2.27806	41.7036	31.043	1373.16	1521	-88.4964	-86.9751	0.000311811	188.753
30.7720	-12.896	178.064	-1.20096	-60.8911	-0.694655	150.413	-0.465967	4.49914	31.0489	1372.84	1520.36	-88.4964	-86.9751	-0.000145967	187.684
30.7727	-12.896	257.741	-11.2665	18.1454	-0.996109	133.024	-0.750724	-29.7059	31.0489	1372.51	1519.96	-88.9519	-87.5854	6.59448e-006	186.916
30.7733	-13.8102	197.277	-14.9294	18.1454	-0.393201	84.7834	-1.96742	-17.4774	31.043	1372.84	1519.96	-88.9519	-87.738	-0.000145967	186.312
30.7740	-15.0345	-177.436	-12.7977	-2.57286	-0.694655	15.5182	-3.49475	20.6499	31.043	1373.59	1520.52	-88.0408	-86.8225	-0.000756307	185.079
30.7747	-12.896	-400.268	-15.2372	56.0162	-1.31067	2.39754	-2.27806	30.7441	31.0489	1374.67	1521.88	-86.3649	-85.144	-0.000145967	184.335
30.7753	-8.61912	-254.036	-30.1891	162.181	-0.996109	100.67	0.465967	23.4186	31.0489	1375.75	1522.99	-85.6002	-84.3811	6.59448e-006	183.87
30.7760	6.62758	-98.7013	-48.196	192.107	-0.996109	159.871	1.9933	24.3415	31.0489	1375.86	1522.67	-86.0557	-84.5337	-0.000451137	183.266
30.7767	28.306	16.3246	-45.4488	137.49	-0.694655	64.3384	3.52064	16.0931	31.0549	1374.51	1521.16	-87.4388	-85.907	-0.000145967	183.103
30.7773	36.8435	292.211	-20.4238	48.3879	0.825722	-72.9801	5.64338	-1.61508	31.0549	1371.92	1518.84	-89.4238	-88.0432	-0.000298575	182.033
30.7780	31.6524	607.779	12.8428	-59.9883	2.05775	-165.457	7.17071	-4.96059	31.0489	1370.68	1517.64	-90.6441	-88.9587	-0.000451137	181.127
30.7787	29.8241	506.127	42.7466	-206.145	1.74319	-209.693	9.00869	0.519132	31.0549	1371	1517.64	-90.6441	-89.2639	-0.000298575	181.266
30.7793	45.3973	18.1455	54.6511	-305.945	0.524268	-113.87	7.48136	0.230725	31.0608	1371.33	1518.28	-90.1722	-89.1113	-0.000298575	180.522
30.7800	48.1398	-224.778	51.296	-165.566	-0.393201	-6.13876	4.73733	-9.5751	31.0608	1371.76	1519.16	-89.8794	-88.3484	-0.000298575	179.29
30.7807	18.234	-30.7029	42.7466	93.5258	-0.393201	-58.0153	4.11604	-31.2056	31.0549	1372.08	1520.2	-89.1146	-87.738	6.59448e-006	178.825
30.7813	-0.0816205	195.77	31.1499	202.173	1.14028	40.5474	4.73733	-52.8938	31.0608	1372.24	1520.84	-88.6591	-87.738	-0.000145967	178.383
30.7820	-0.99577	211.655	21.6923	197.614	2.05775	399.125	4.42668	-59.008	31.0608	1372.35	1520.68	-88.4964	-87.5854	-0.000298575	177.453
30.7827	-4.96252	203.367	19.5531	66.3979	2.05775	592.904	3.83128	-51.048	31.0667	1372.68	1520.84	-87.7316	-86.6699	0.000464373	177.313
30.7833	-2.22008	236.958	25.0475	-217.113	1.74319	427.5	4.73733	-41.0114	31.0667	1373	1521	-88.0408	-87.4329	0.000311811	177.011
30.7840	3.88513	120.677	26.879	-320.57	1.74319	114.081	8.3874	-30.6288	31.0667	1372.08	1520.2	-89.5702	-89.5691	-0.000603745	175.942
30.7847	4.48913	-32.2098	7.34837	-128.959	2.05775	-98.6154	10.8467	-16.5545	31.0667	1370.41	1518.84	-90.7905	-90.4846	-0.000603745	175.012
30.7853	0.832529	-11.1133	-18.5923	25.187	1.74319	-163.323	9.62998	-15.0548	31.0667	1369.33	1517.96	-91.2461	-90.9424	6.59448e-006	174.709
30.7860	-13.5163	61.7825	-17.9844	18.4614	2.35921	-193.832	6.26466	-30.2827	31.0667	1369.76	1519	-90.7905	-90.332	0.000159203	174.105
30.7867	-42.1978	16.0107	-2.11669	17.2427	2.66066	-246.92	0.465967	-35.474	31.0736	1371.33	1521	-89.1146	-88.8062	6.59448e-006	173.198
30.7873	-67.2226	-90.4762	2.76971	65.134	1.14028	-282.647	-3.8054	-29.7059	31.0736	1372.51	1522.35	-87.7316	-87.2803	0.000311811	172.268
30.7880	-76.0703	-98.7013	2.16173	63.3285	-1.31067	-235.644	-3.20999	-37.0314	31.0736	1373.75	1523.47	-86.674	-85.907	0.000769543	171.803
30.7887	-81.2613	-58.4548	1.54623	29.1591	-2.83105	-65.6558	-2.27806	-43.434	31.0736	1374.51	1524.51	-86.0557	-85.144	6.59448e-006	171.198
30.7893	-76.6743	-87.7135	-3.33266	13.9025	-2.83105	112.263	-2.5887	-32.4169	31.0736	1373.75	1524.35	-86.674	-85.7544	-0.000298575	169.687
30.7900	-62.9457	-100.585	-7.30333	29.1591	-1.91358	157.737	-1.06137	-17.7658	31.0795	1373.16	1523.87	-87.276	-86.6699	0.000159203	169.222
30.7907	-60.8072	-10.5482	-6.99559	84.092	-1.31067	98.2202	1.37201	-13.4974	31.0795	1373	1523.71	-87.7316	-87.2803	0.000159203	169.524
30.7913	-20.5357	59.9617	-6.3876	106.029	-1.61212	15.8343	1.9933	-22.3803	31.0795	1373	1523.87	-88.0408	-87.2803	-0.000145967	169.059
30.7920	88.7215	25.8055	-6.99559	209.214	-2.21503	17.0463	0.776611	-30.6288	31.0795	1373	1524.35	-88.0408	-86.9751	6.59448e-006	168.315
30.7927	116.195	3.20214	-6.07985	464.018	-3.1325	122.644	-0.750724	-26.3604	31.0854	1373	1524.35	-88.2035	-87.2803	0.000159203	167.85
30.7933	30.4281	19.6524	-3.64041	632.789	-4.04997	109.207	-3.20999	-15.0548	31.0854	1373.43	1524.67	-87.5852	-87.1277	6.59448e-006	167.548
30.7940	-1.90992	25.1776	-2.41693	679.461	-5.58345	-83.6505	-4.73733	-10.7864	31.0795	1373.92	1525.39	-86.8205	-86.0596	-0.000298575	166.478
30.7947	33.7909	8.09953	-1.5012	693.499	-5.88491	-216.727	-4.11604	-26.9372	31.0795	1375	1526.83	-85.9093	-84.9915	6.59448e-006	165.409
30.7953	67.3695	-45.9601	-0.585468	594.647	-4.96744	-219.467	-2.5887	-43.434	31.0854	1375.86	1527.23	-84.8354	-84.0759	-0.000451137	164.339
30.7960	85.6688	-60.9035	-1.80894	370.312	-4.35142	-173.071	-1.96742	-32.763	31.0795	1374.83	1526.51	-85.4537	-84.3811	-0.000298575	163.433
30.7967	85.979	-19.7151	-5.16412	176.218	-4.04997	-100.433	-0.750724	-9.5751	31.0795	1373.43	1525.15	-87.276	-86.3647	6.59448e-006	163.735
30.7973	71.6301	-53.5574	-6.99559	128.643	-3.74852	-41.2325	1.06137	5.71045	31.0854	1372.08	1523.47	-88.8055	-88.1958	-0.000298575	163.874
30.7980	40.2062	-177.436	-6.07985	148.775	-1.31067	-20.4977	3.20999	13.036	31.0854	1371	1522.51	-89.8794	-89.2639	-0.000298575	163.433
30.7987	-5.87667	-182.334	-4.24839	123.136	2.96211	-10.7231	6.57531	19.4386	31.0795	1370.68	1522.2	-90.0258	-89.7217	-0.000451137	162.805
30.7993	-38.231	-27.9402	-6.07985	-2.30203	5.41307	2.39754	8.10264	28.8983	31.0913	1370.84	1522.2	-89.7167	-89.1113	-0.000451137	162.2
30.8000	-37.9209	-29.7611	-5.47187	-399.019	6.63199	47.2658	5.95402	34.0897	31.0913	1371.6	1522.99	-88.9519	-88.1958	-0.000145967	161.735
30.8007	7.85189	-130.472	3.07746	-822.007	7.54946	154.997	4.73733	34.0897	31.0854	1372.35	1523.55	-88.4964	-87.738	-0.000145967	161.131
30.8013	25.2534	-83.1929	12.8428	-773.484	6.01597	281.935	7.48136	39.281	31.0854	1372.35	1523.15	-88.9519	-87.5854	-0.000298575	160.526
30.8020	-8.92928	-117.663	15.5899	-469.796	4.19414	338.712	10.8467	41.7036	31.0913	1372.35	1523.47	-88.8055	-87.5854	-0.000145967	160.061
30.8027	2.05684	-75.5328	14.3665	-295.563	3.27667	333.812	9.00869	39.5694	31.0913	1372.35	1524.03	-88.6591	-87.8906	-0.000145967	159.154
30.8033	16.6995	282.102	14.6742	-243.7	2.35921	346.036	1.06137	36.2239	31.0913	1372.24	1523.55	-89.1146	-88.0432	6.59448e-006	158.852
30.8040	-2.53023	377.978	18.0294	-204.023	1.44174	322.825	-7.17071	25.5528	31.0913	1371.76	1523.15	-89.7167	-88.501	0.000311811	159.294
30.8047	-7.10098	22.7289	25.3552	-146.021	0.222814	200.155	-9.60409	11.8247	31.0854	1370.68	1522.2	-90.7905	-89.7217	6.59448e-006	159.457
30.8053	1.43652	-133.799	38.7835	-77.6824	-0.393201	-14.7014	-6.86007	1.44203	31.0854	1369.33	1520.36	-92.1573	-91.095	6.59448e-006	158.55
30.8060	10.5943	2.57427	31.4576	72.4915	-0.0786402	-272.266	-4.73733	-6.80639	31.0913	1369.49	1520.2	-92.1573	-90.9424	0.000311811	157.62
30.8067	20.0623	-56.32	-8.82705	301.07	-0.0786402	-387.928	-2.89935	-12.9206	31.0973	1371.43	1522.04	-90.1722	-88.8062	6.59448e-006	156.55
30.8073	29.514	-72.7702	-35.9912	354.152	-0.393201	-351.596	-1.06137	-8.9406	31.0913	1373.16	1523.15	-88.2035	-86.9751	0.000159203	155.783
30.8080	33.4807	126.202	-30.4969	141.462	-0.0786402	-357.392	-0.465967	2.65334	31.0913	1373.92	1523.55	-87.1296	-86.2122	0.000311811	155.643
30.8087	39.8961	155.461	-15.8452	-19.0933	0.524268	-382.737	-0.155322	16.6699	31.0973	1374.83	1524.67	-86.674	-85.6018	-0.000145967	154.876
30.8093	62.1785	84.6998	-7.60357	-115.508	0.222814	-230.744	0.776611	26.7641	31.0913	1374.67	1524.51	-86.674	-85.2966	0.000311811	154.574
30.8100	57.9016	114.9	-5.77211	-337.045	0.524268	76.5633	2.30395	13.9589	31.0913	1373.75	1523.15	-87.4388	-86.0596	0.000616981	154.574
30.8107	13.6469	62.7243	-6.68784	-433.505	1.44174	225.79	2.30395	-4.03769	31.0973	1372.68	1521.8	-88.6591	-87.1277	6.59448e-006	153.504
30.8113	-14.7243	-133.485	-9.13479	-284.595	1.14028	170.542	0.776611	6.92176	31.0913	1372.51	1521.32	-88.8055	-87.2803	-0.000145967	152.737
30.8120	-37.0067	-120.991	-10.6585	-79.8039	1.44174	142.482	-1.37201	29.5328	31.0973	1373.16	1521.64	-88.3499	-87.1277	6.59448e-006	152.9
30.8127	-74.5521	86.8345	-8.82705	68.2034	1.14028	199.839	-1.68266	30.7441	31.0973	1372.84	1521.8	-88.3499	-87.1277	-0.000298575	152.435
30.8133	-103.234	103.285	-6.3876	103.321	-0.0786402	266.074	-0.465967	14.2473	31.0913	1373	1522.04	-88.4964	-87.2803	-0.000756307	151.667
30.8140	-120.929	49.9157	-5.47187	61.207	-0.996109	216.622	0.465967	-7.0948	31.0913	1374.51	1523.15	-87.5852	-86.6699	-0.000756307	151.365
30.8147	-134.968	105.419	-4.24839	41.3463	-0.694655	33.8291	2.5887	-24.803	31.0913	1376.02	1524.35	-86.2185	-85.6018	-0.000451137	151.226
30.8153	-147.782	79.1745	-1.80894	62.1098	-0.0786402	-144.696	5.95402	-26.9372	31.0854	1376.35	1524.35	-86.0557	-85.144	-0.000298575	150.9
30.8160	-157.56	-34.9724	-1.5012	8.07969	0.222814	-248.159	8.10264	-23.5917	31.0854	1375	1523.47	-86.674	-85.144	0.000311811	149.831
30.8167	-150.541	-90.1622	-4.55614	-139.296	0.524268	-290.261	6.26466	-29.7059	31.0854	1373	1522.2	-87.7316	-86.2122	6.59448e-006	149.087
30.8173	-136.796	-92.297	-5.47187	-184.479	1.44174	-263.413	1.9933	-22.6688	31.0795	1371.43	1520.68	-88.9519	-87.4329	-0.000451137	148.784
30.8180	-108.718	-72.2051	-0.585468	-55.3842	1.14028	-178.261	0.155322	-1.32667	31.0736	1370.68	1519.48	-90.0258	-88.501	0.000159203	148.924
30.8187	-57.7546	-60.9035	5.51691	90.5015	0.524268	-104.728	-0.465967	5.07595	31.0795	1370.41	1519	-90.937	-89.4165	0.000464373	149.389
30.8193	0.228537	-47.467	10.3958	131.397	0.524268	-79.9883	-2.27806	-9.5751	31.0795	1370.84	1519.32	-90.7905	-89.2639	0.000464373	148.924
30.8200	102.156	9.29249	11.0113	128.327	1.44174	-60.7816	-4.73733	-29.9943	31.0736	1371.16	1519.64	-90.1722	-88.3484	0.000769543	148.157
30.8207	177.835	11.7412	6.74038	194.86	2.35921	-32.38	-5.33273	-33.0514	31.0667	1371.33	1519.8	-89.5702	-87.8906	0.000311811	147.552
30.8213	137.253	-48.66	3.07746	250.109	2.05775	-30.8782	-4.42668	-18.6887	31.0736	1372.24	1520.52	-88.9519	-88.1958	-0.000603745	147.087
30.8220	67.0594	18.4594	3.68544	25.187	0.524268	-56.8033	-3.49475	-6.51799	31.0667	1372.35	1520.52	-88.9519	-88.0432	-0.000756307	146.785
30.8227	35.0152	164.628	4.29343	-274.8	-0.0786402	-58.0153	-3.8054	8.76756	31.0667	1371.76	1519.48	-89.4238	-87.738	6.59448e-006	146.18
30.8233	35.3253	22.101	3.07746	-231.467	0.222814	-9.51113	-2.5887	25.8412	31.0667	1372.24	1519.48	-89.5702	-88.0432	0.000311811	146.482
30.8240	28.306	-236.079	0.330264	-78.5851	0.222814	71.0568	-1.37201	36.8584	31.0667	1371.6	1518.52	-90.0258	-89.2639	-0.000145967	146.482
30.8247	13.3531	-259.248	-1.80894	-78.9011	1.44174	161.083	-1.37201	46.8949	31.0608	1370.08	1517	-91.2461	-90.6372	-0.000145967	146.343
30.8253	26.7715	-218.059	-5.16412	-140.244	1.44174	210.826	-2.27806	49.952	31.0549	1369.65	1516.6	-91.8644	-90.6372	0.000464373	146.482
30.8260	43.5527	-93.5527	-12.1822	-231.783	0.524268	196.177	-3.8054	43.8378	31.0489	1370.57	1516.6	-90.7905	-89.2639	0.000464373	146.343
30.8267	48.4336	200.04	-14.0137	-351.715	0.524268	150.703	-5.64338	32.5899	31.0489	1371.92	1517	-89.2611	-87.738	0.000464373	145.273
30.8273	42.3447	342.252	-6.3876	-356.906	0.524268	111.947	-6.54942	21.2844	31.0489	1372.51	1517.64	-88.4964	-86.9751	0.000922151	144.343
30.8280	28.91	227.791	1.85398	-206.145	0.222814	71.979	-6.54942	23.1302	31.043	1373.59	1518.28	-87.5852	-86.5173	0.000159203	144.204
30.8287	21.8906	139.952	3.68544	-43.7838	0.524268	-13.1733	-4.73733	35.9355	31.0361	1374.35	1518.52	-86.8205	-86.2122	-0.000451137	143.739
30.8293	19.442	0.43951	1.85398	64.2313	1.14028	-103.2	-1.68266	44.4723	31.0361	1373.92	1517.64	-87.1296	-86.2122	-0.000298575	143.274
30.8300	17.9239	-218.939	0.022518	95.9632	1.44174	-163.612	0.465967	33.4552	31.0361	1373.59	1516.44	-87.8943	-86.5173	6.59448e-006	143.437
30.8307	14.5611	-177.436	-0.285228	138.393	0.825722	-226.792	1.06137	3.28783	31.0361	1373.59	1515.8	-88.0408	-86.8225	6.59448e-006	143.576
30.8313	9.0762	27.6263	6.12489	315.695	0.524268	-230.138	1.37201	-19.9001	31.0302	1373.59	1515.96	-87.7316	-86.8225	-0.000145967	143.576
30.8320	4.48913	86.5206	19.2454	454.855	0.524268	-153.548	1.9933	-20.2461	31.0243	1373.59	1515.16	-88.0408	-86.9751	-0.000145967	143.134
30.8327	2.05684	48.0949	28.7104	286.084	0.825722	-74.5082	2.89935	-15.0548	31.0184	1372.68	1513.41	-89.1146	-87.738	6.59448e-006	142.506
30.8333	9.99035	-207.951	28.4027	-76.7345	0.524268	-4.32085	1.37201	-35.1856	31.0184	1373	1512.77	-88.6591	-87.5854	-0.000145967	142.204
30.8340	25.2534	-567.156	26.5712	-224.742	0.222814	51.534	-1.68266	-75.1587	31.0055	1374.08	1513.25	-87.5852	-86.2122	6.59448e-006	141.6
30.8347	33.1869	-609.914	28.1024	-88.0641	0.524268	78.3812	-1.96742	-88.3101	31.0055	1375.1	1513.49	-86.8205	-84.9915	-0.000145967	140.832
30.8353	36.2395	-427.706	28.4027	139.025	0.524268	91.818	-4.42668	-55.028	31.0124	1375.86	1514.12	-85.9093	-84.6863	-0.000451137	140.693
30.8360	33.1869	-29.7611	23.824	387.419	-0.0786402	90.2899	-6.86007	-21.169	30.9996	1375.59	1513.81	-85.9093	-84.6863	-0.000451137	140.832
30.8367	23.4251	250.081	11.0113	471.962	-0.393201	56.1183	-4.42668	-22.9572	30.9996	1373.92	1511.41	-87.5852	-86.2122	-0.000451137	141.135
30.8373	20.0623	62.7243	-12.1822	331.267	-0.0786402	15.5182	-0.155322	-37.3198	30.9996	1372.08	1508.61	-89.4238	-88.0432	-0.000145967	141.135
30.8380	20.6663	26.6845	-33.852	143.9	-0.0786402	4.53162	2.30395	-26.6488	30.9937	1371	1506.93	-90.3349	-89.1113	-0.000145967	140.832
30.8387	17.6137	284.865	-34.1598	9.93034	-0.0786402	19.1803	4.73733	2.65334	30.9937	1370.84	1506.53	-90.4814	-89.2639	-0.000145967	140.693
30.8393	14.5611	379.799	-17.0686	-7.17693	0.222814	14.596	5.64338	16.3815	30.9937	1371	1506.53	-89.8794	-88.6536	6.59448e-006	140.228
30.8400	13.9571	310.796	-3.64041	21.8016	0.825722	-54.6692	4.73733	13.3244	30.9878	1371.6	1506.21	-89.5702	-88.501	0.000159203	139.623
30.8407	16.4057	236.079	-1.5012	-46.8532	1.14028	-124.567	4.42668	7.21016	30.9878	1372.24	1506.37	-89.2611	-88.501	-0.000145967	139.321
30.8413	13.9571	184.782	-4.24839	-200.367	1.44174	-125.779	3.52064	14.2473	30.9937	1372.35	1506.53	-88.6591	-87.8906	-0.000145967	139.321
30.8420	9.68019	158.223	-8.5193	-292.494	1.44174	-87.0229	0.776611	43.261	30.9878	1372.24	1506.21	-88.8055	-87.5854	-0.000145967	139.158
30.8427	8.16205	131.664	-7.91132	-277.237	1.14028	-74.798	0.776611	54.8549	30.9819	1372.51	1505.57	-88.9519	-88.0432	-0.000145967	139.019
30.8433	4.19529	65.7381	-2.41693	-267.803	0.825722	-113.87	3.20999	27.3986	30.9819	1372.51	1505.1	-88.8055	-88.0432	6.59448e-006	139.461
30.8440	-6.79082	13.2481	-4.24839	-251.599	0.222814	-147.146	3.52064	0.519132	30.976	1371.6	1504.06	-89.7167	-88.6536	0.000464373	139.926
30.8447	-18.6911	12.0551	-16.4531	-169.222	-0.0786402	-106.862	3.52064	-2.82638	30.9691	1370.57	1502.86	-91.2461	-90.1794	-0.000145967	139.763
30.8453	-21.7437	2.00919	-31.7128	-116.14	0.222814	7.90399	4.73733	14.5357	30.9691	1369.92	1502.06	-91.8644	-90.9424	-0.000603745	139.158
30.8460	-20.2256	-18.4594	-37.8227	-173.194	0.222814	49.3999	5.33273	32.2439	30.976	1370.08	1501.9	-90.937	-90.0269	0.000311811	138.554
30.8467	-29.6772	-10.5482	-25.6105	-230.249	0.524268	-77.8542	6.26466	31.667	30.976	1371.76	1503.58	-89.4238	-88.501	0.000464373	138.251
30.8473	-35.4886	-17.2664	-5.47187	-120.699	1.14028	-107.468	8.10264	29.8212	30.9691	1373.27	1505.26	-88.3499	-86.9751	6.59448e-006	138.089
30.8480	-9.23944	-63.3522	5.82465	123.136	0.524268	68.3168	9.00869	40.2039	30.9691	1374.08	1505.89	-87.276	-85.7544	0.000159203	137.624
30.8487	18.5278	-14.8177	5.82465	349.277	-0.694655	143.378	6.26466	43.8378	30.9631	1374.51	1506.21	-86.8205	-85.4492	0.000464373	137.182
30.8493	14.2673	52.6156	2.76971	516.513	-0.0786402	69.5287	2.30395	32.2439	30.9631	1374.51	1506.61	-86.9832	-85.6018	0.000311811	137.019
30.8500	11.2147	-119.484	2.46197	617.216	0.222814	51.2178	2.5887	27.0525	30.9631	1373.75	1505.89	-87.7316	-86.3647	6.59448e-006	137.321
30.8507	26.1675	-271.428	1.54623	544.589	0.222814	94.2682	4.73733	42.6265	30.9631	1372.84	1504.06	-89.2611	-87.738	0.000159203	137.484
30.8513	38.3779	-291.269	-0.585468	271.144	0.524268	118.059	3.52064	51.7978	30.9572	1372.68	1504.22	-89.2611	-87.5854	6.59448e-006	136.88
30.8520	40.8102	-363.286	-0.285228	19.6801	0.222814	132.392	1.68266	30.1096	30.9572	1373	1504.86	-88.6591	-87.1277	-0.000145967	135.81
30.8527	28.5998	-356.317	0.938249	8.71162	-0.694655	159.265	0.776611	-3.74928	30.9572	1372.51	1504.06	-89.2611	-87.5854	-0.000298575	135.81
30.8533	9.0762	-314.186	-0.585468	52.044	-0.694655	196.783	-0.750724	-25.0914	30.9513	1372.68	1504.38	-88.9519	-87.2803	-0.000298575	136.112
30.8540	-2.53023	-108.182	-2.11669	-50.5093	-0.996109	149.201	-2.89935	-29.0714	30.9513	1374.08	1506.21	-87.276	-85.7544	0.000159203	136.252
30.8547	-5.87667	261.383	-1.80894	-139.025	-1.91358	-25.9778	-5.64338	-10.1519	30.9572	1375.27	1507.57	-85.7466	-84.2285	0.000464373	136.112
30.8553	-4.35853	365.735	-2.11669	-135.053	-2.52959	-141.639	-7.17071	9.69046	30.9572	1375.86	1507.73	-85.4537	-84.2285	0.000159203	135.81
30.8560	-1.90992	299.243	-2.11669	-83.776	-2.21503	-78.7764	-6.86007	3.57624	30.9572	1375.1	1507.09	-86.5113	-85.4492	-0.000603745	135.345
30.8567	-0.0816205	188.738	-2.11669	1.08331	-1.91358	40.5474	-4.42668	4.78755	30.9513	1373.16	1505.26	-88.3499	-86.9751	-0.000298575	135.182
30.8573	1.43652	33.0888	-1.80894	24.555	-2.21503	69.5287	-1.96742	19.1502	30.9454	1371.33	1503.42	-89.8794	-88.8062	-0.000298575	135.182
30.8580	4.48913	31.5819	-1.80894	-41.9783	-2.21503	21.3144	-0.750724	7.21016	30.9454	1370.68	1502.54	-90.6441	-89.2639	-0.000603745	135.043
30.8587	8.76604	51.7365	-5.16412	-129.23	-1.61212	-42.4707	0.465967	-19.3232	30.9454	1371	1502.06	-90.3349	-89.2639	6.59448e-006	135.508
30.8593	3.88513	-2.57427	-8.82705	-168.59	-0.996109	-93.1089	2.30395	-27.2256	30.9385	1371.43	1502.38	-89.8794	-88.9587	-0.000145967	135.647
30.8600	-9.84343	-58.7687	-7.60357	-142.049	-0.996109	-59.2535	3.83128	-20.2461	30.9385	1372.08	1502.86	-89.5702	-87.8906	-0.000298575	135.81
30.8607	-19.3114	49.6018	-5.77211	-120.699	-0.996109	57.6464	3.52064	-19.6116	30.9454	1372.68	1503.02	-89.2611	-87.1277	6.59448e-006	136.252
30.8613	-22.364	221.701	-5.77211	-149.993	-0.694655	161.399	2.89935	-32.4169	30.9385	1372.68	1503.02	-89.1146	-87.4329	0.000159203	136.112
30.8620	-25.4166	60.2756	-4.24839	-188.767	0.222814	220.916	2.5887	-31.494	30.9385	1372.51	1503.26	-88.9519	-87.8906	-0.000145967	136.252
30.8627	-26.3308	-19.7151	0.330264	-157.035	0.222814	215.726	1.9933	-4.38378	30.9385	1372.68	1503.58	-88.4964	-87.1277	-0.000145967	136.717
30.8633	-23.572	123.753	1.24599	-43.4678	-0.694655	140.032	2.89935	10.9018	30.9326	1372.35	1503.02	-88.4964	-87.2803	6.59448e-006	137.182
30.8640	-22.6578	43.1975	6.43264	-0.451379	-0.0786402	59.7805	5.64338	-3.46088	30.9326	1371.33	1501.34	-90.7905	-89.5691	-0.000298575	137.624
30.8647	-21.4499	-85.3276	19.5531	-42.5651	-0.393201	5.74356	6.26466	-24.5146	30.9326	1369.49	1499.82	-92.32	-90.6372	-0.000145967	137.624
30.8653	-8.61912	-141.773	25.6555	-24.871	-1.31067	-10.1171	3.52064	-42.2227	30.9385	1369	1498.86	-92.0108	-90.4846	0.000159203	137.624
30.8660	12.4226	-246.753	24.1318	-48.3879	-1.91358	-11.6452	-1.96742	-43.1456	30.9454	1370.08	1499.66	-90.937	-90.0269	-0.000145967	137.949
30.8667	3.88513	-179.885	20.7766	-122.234	-2.21503	-74.798	-8.3874	-21.169	30.9454	1372.08	1501.74	-88.9519	-88.0432	0.000159203	137.484
30.8673	-42.5079	75.5328	17.7217	-25.7738	-1.91358	-175.521	-14.1861	-1.90348	30.9326	1373.43	1503.18	-87.7316	-86.2122	0.000159203	137.182
30.8680	-75.1561	252.53	11.0113	152.747	-2.21503	-190.17	-18.4575	4.49914	30.9326	1374.08	1503.42	-87.276	-85.6018	0.000464373	138.089
30.8687	-83.6936	215.297	9.17983	187.232	-2.21503	-99.2214	-16.9301	7.55625	30.9385	1374.35	1503.58	-86.9832	-85.6018	0.000159203	138.251
30.8693	-82.7795	44.7044	19.5531	30.6487	-1.91358	-20.7875	-12.0375	21.2844	30.9385	1373.59	1503.02	-87.5852	-86.0596	-0.000298575	137.019
30.8700	-76.6743	-8.97855	18.9451	-126.792	-1.61212	-4.32085	-7.17071	36.8584	30.9385	1372.84	1502.22	-88.2035	-86.6699	0.000464373	137.321
30.8707	-94.0758	107.868	11.927	-51.7281	-1.31067	20.7084	-2.27806	27.3986	30.9385	1372.68	1501.9	-88.8055	-87.4329	6.59448e-006	138.089
30.8713	-116.652	174.109	18.0294	71.8596	-0.996109	74.4292	-1.06137	0.807538	30.9454	1372.51	1501.9	-88.9519	-87.4329	-0.000451137	138.089
30.8720	-80.9512	80.9953	20.1611	22.1176	-1.31067	57.6464	-4.73733	-18.6887	30.9385	1373	1502.06	-88.6591	-86.9751	0.000159203	138.391
30.8727	-6.49699	-41.9418	21.6923	-83.1441	-1.31067	-54.0633	-6.86007	-23.8801	30.9385	1372.84	1501.74	-88.8055	-87.4329	6.59448e-006	138.856
30.8733	36.8435	-131.099	29.0182	-121.015	-0.0786402	-147.752	-6.23878	-20.2461	30.9454	1373.16	1501.74	-88.8055	-87.4329	-0.000298575	138.856
30.8740	25.2534	-193.635	15.8902	-55.0683	0.825722	-184.057	-4.73733	-20.2461	30.9454	1374.51	1503.18	-87.7316	-86.0596	6.59448e-006	138.391
30.8747	-1.90992	-123.439	-21.0318	69.4221	1.14028	-184.98	-2.5887	-22.3803	30.9454	1375.75	1504.7	-86.2185	-84.6863	6.59448e-006	138.856
30.8753	35.3253	98.7013	-40.2621	107.564	1.14028	-119.666	-0.155322	-3.46088	30.9513	1375.86	1504.94	-85.6002	-84.0759	-0.000298575	139.321
30.8760	123.214	291.897	-17.0686	41.9783	0.222814	-11.935	2.5887	34.3781	30.9454	1375	1504.54	-86.3649	-85.144	-0.000298575	139.158
30.8767	149.757	454.264	12.535	-72.1756	0.222814	68.3168	6.26466	59.7002	30.9385	1373.43	1503.18	-88.3499	-87.1277	-0.000145967	139.926
30.8773	103.674	574.502	18.3296	-225.96	0.222814	150.097	8.69805	54.2204	30.9454	1371.92	1501.18	-90.0258	-88.501	-0.000298575	140.693
30.8780	75.5969	149.37	12.8428	-249.793	-0.0786402	212.67	9.31934	30.1096	30.9513	1371.43	1500.38	-90.6441	-88.9587	6.59448e-006	141.135
30.8787	91.1701	-489.362	10.0956	-94.1577	0.825722	125.99	7.792	10.9018	30.9513	1370.84	1500.7	-91.0997	-89.4165	6.59448e-006	141.135
30.8793	100.328	-451.816	10.7035	7.4929	0.825722	14.3062	5.04797	-11.0748	30.9513	1371.16	1501.18	-90.4814	-89.1113	-0.000145967	140.995
30.8800	86.8932	-229.675	11.3115	-28.2112	-0.694655	99.4321	1.06137	-39.454	30.9513	1372.08	1501.5	-89.4238	-88.0432	-0.000451137	140.995
30.8807	56.3834	-318.456	17.4214	-39.5408	-1.91358	162.611	-2.27806	-36.3969	30.9513	1372.08	1501.74	-89.2611	-87.8906	-0.000451137	141.297
30.8813	13.3531	-240.035	13.7585	110.949	-2.52959	-24.1598	-2.5887	-9.22901	30.9572	1371.92	1501.74	-89.4238	-87.8906	-0.000145967	142.065
30.8820	-8.01513	2.88821	-17.6766	266.855	-1.61212	-241.44	-1.37201	-9.22901	30.9572	1372.24	1501.58	-89.2611	-87.5854	-0.000145967	142.204
30.8827	-1.90992	-1.06738	-40.2621	208.266	-0.0786402	-287.521	-1.06137	-26.0143	30.9513	1372.24	1501.74	-89.4238	-87.8906	-0.000298575	142.065
30.8833	16.4057	-78.8606	-28.6654	32.1833	0.222814	-130.363	-0.465967	-22.6688	30.9513	1371.92	1501.5	-89.5702	-88.501	-0.000298575	142.367
30.8840	30.7383	-56.0061	-11.2665	-60.5751	0.825722	94.8742	1.37201	-1.61508	30.9513	1371	1500.22	-90.4814	-88.9587	6.59448e-006	143.274
30.8847	33.1869	48.0949	-3.64041	-56.603	1.14028	162.611	3.20999	18.8041	30.9513	1369.92	1499.18	-91.2461	-89.2639	0.000311811	144.041
30.8853	31.9626	297.108	-0.285228	-13.5865	0.825722	180.316	5.33273	17.5928	30.9513	1369.76	1499.02	-91.7017	-90.332	-0.000298575	144.343
30.8860	31.0484	397.819	0.330264	39.2249	0.222814	271.555	8.3874	-5.249	30.9513	1370.08	1499.66	-91.3925	-90.332	-0.000756307	143.739
30.8867	28.91	434.11	-0.893213	-57.5057	0.222814	249.292	10.8467	-17.189	30.9572	1371.33	1500.7	-89.7167	-88.501	-0.000298575	143.134
30.8873	21.5805	676.405	-3.03242	-292.81	-0.0786402	45.7377	9.00869	-13.209	30.9572	1373.27	1502.54	-88.0408	-86.8225	0.000311811	143.437
30.8880	8.16205	280.595	-13.7135	-356.274	0.222814	-179.789	2.89935	-13.4974	30.9572	1374.83	1504.06	-87.1296	-85.907	0.000159203	144.041
30.8887	1.43652	-624.543	-26.8339	-166.153	0.825722	-264.019	-2.89935	-12.2861	30.9572	1374.51	1503.58	-87.1296	-85.6018	-0.000145967	144.204
30.8893	0.522371	-559.244	-26.8339	53.2628	0.825722	-139.216	-5.95402	-2.24957	30.9513	1373.43	1502.86	-87.5852	-86.2122	6.59448e-006	144.646
30.8900	-2.53023	-40.4349	-20.7316	162.497	1.14028	76.5633	-6.23878	4.78755	30.9513	1373.59	1503.26	-87.4388	-86.6699	-0.000145967	145.715
30.8907	-2.82407	-380.113	-17.0686	272.046	1.44174	183.978	-5.95402	9.97887	30.9513	1373.27	1502.22	-87.5852	-86.8225	-0.000298575	145.715
30.8913	-0.99577	-760.665	-13.7135	412.741	1.44174	147.963	-5.64338	11.8247	30.9572	1372.08	1500.86	-88.0408	-86.8225	-0.000145967	144.808
30.8920	0.228537	-500.036	-5.47187	490.875	1.74319	91.818	-3.49475	8.76756	30.9572	1372.51	1501.02	-88.2035	-87.2803	6.59448e-006	145.273
30.8927	2.66083	-173.167	4.60117	494.215	2.05775	72.2951	1.68266	6.34494	30.9572	1373	1501.5	-88.0408	-87.2803	0.000311811	146.343
30.8933	8.16205	33.0888	7.34837	404.526	2.05775	86.3115	6.86007	-1.61508	30.9513	1373.27	1502.06	-87.5852	-86.5173	-0.000298575	146.645
30.8940	9.68019	77.3537	5.51691	269.022	1.74319	81.4374	8.69805	-8.30611	30.9454	1374.67	1503.58	-86.2185	-85.4492	-0.000451137	146.785
30.8947	1.74668	69.4425	6.74038	141.733	1.74319	-25.688	8.10264	-0.692176	30.9513	1376.02	1504.94	-84.8354	-84.2285	6.59448e-006	147.087
30.8953	-7.10098	147.236	9.78782	52.36	0.524268	-116.32	6.26466	9.34437	30.9513	1376.02	1504.86	-84.9982	-84.3811	-0.000145967	147.087
30.8960	-10.7576	91.7319	14.0587	-4.10755	-0.393201	-107.152	2.5887	8.13306	30.9454	1375	1503.74	-86.0557	-85.6018	-0.000298575	147.715
30.8967	-9.23944	-73.0842	19.8609	-224.742	-0.0786402	-53.4573	0.776611	-1.61508	30.9385	1373.43	1502.06	-87.7316	-86.9751	6.59448e-006	148.784
30.8973	-2.82407	-162.179	16.1979	-539.398	0.825722	63.4427	2.89935	-10.4403	30.9454	1372.08	1500.22	-89.2611	-88.1958	-0.000145967	149.087
30.8980	2.36699	-261.383	-6.07985	-548.877	0.825722	149.491	3.83128	-13.4974	30.9454	1370.84	1499.18	-90.0258	-88.8062	-0.000298575	148.924
30.8987	2.66083	-302.885	-24.6947	-279.404	0.825722	89.3677	1.06137	-8.30611	30.9385	1370.68	1498.38	-90.6441	-89.4165	-0.000298575	149.831
30.8993	1.14269	-77.3537	-27.1342	-138.393	0.222814	3.00351	-1.96742	2.36493	30.9326	1371.43	1498.86	-89.8794	-88.9587	-0.000298575	150.458
30.9000	-2.53023	212.534	-20.7316	-208.898	-0.694655	-29.9561	-4.73733	10.2673	30.9326	1371.76	1499.5	-89.1146	-88.0432	-0.000145967	149.831
30.9007	-8.61912	340.431	-12.49	-270.828	-0.694655	-82.1224	-7.17071	12.7476	30.9267	1371.92	1499.82	-88.9519	-87.738	6.59448e-006	150.458
30.9013	-11.6717	306.526	-14.6292	-225.058	-0.694655	-152.336	-9.60409	12.7476	30.9267	1372.68	1499.9	-88.9519	-87.8906	6.59448e-006	151.365
30.9020	-8.61912	142.652	-19.2003	-125.89	-0.694655	-173.677	-11.1314	14.2473	30.9267	1372.24	1499.34	-89.2611	-88.0432	-0.000298575	150.9
30.9027	-4.65237	70.6355	-15.8452	-39.8117	-0.694655	-95.5592	-9.91474	16.6699	30.9207	1371.92	1499.18	-89.5702	-88.0432	-0.000298575	151.365
30.9033	-7.41114	112.766	-7.91132	16.9267	-0.694655	33.5392	-6.54942	13.3244	30.9148	1371.92	1498.86	-89.8794	-88.3484	0.000159203	152.435
30.9040	-17.7769	16.0107	0.938249	75.8317	-0.0786402	86.9438	-5.02209	-2.53798	30.9079	1370.25	1496.55	-91.2461	-89.7217	0.000159203	152.597
30.9047	-22.6578	-71.2633	2.46197	122.549	0.222814	63.1265	-3.49475	-27.2256	30.9079	1368.57	1494.47	-92.6128	-91.2476	-0.000145967	153.039
30.9053	-23.2782	95.0596	-2.72468	77.9532	0.524268	25.5826	-0.750724	-46.4911	30.902	1369.33	1494.47	-92.32	-91.095	-0.000145967	154.109
30.9060	-38.231	220.508	-4.85638	38.5929	-0.0786402	-31.4842	-0.155322	-61.1422	30.902	1370.68	1495.19	-91.0997	-89.5691	0.000311811	154.272
30.9067	-61.4276	70.3215	-4.24839	50.5093	-1.91358	-91.6072	-2.27806	-65.699	30.902	1371.92	1496.47	-89.7167	-88.1958	0.000311811	153.969
30.9073	-69.9651	41.3767	-5.77211	14.1733	-2.83105	-127.307	-3.8054	-48.9137	30.902	1373.27	1497.5	-88.3499	-86.9751	0.000159203	154.272
30.9080	-62.9457	154.582	-6.3876	73.0783	-2.83105	-141.639	-2.5887	-30.2827	30.8961	1374.08	1497.82	-87.5852	-86.0596	0.000311811	155.039
30.9087	-58.0648	-0.125574	-5.16412	229.03	-2.52959	-138.583	0.776611	-26.6488	30.8843	1374.08	1497.98	-87.4388	-86.0596	6.59448e-006	155.481
30.9093	-62.9457	-42.5696	-3.64041	268.119	-2.21503	-126.069	2.89935	-15.3432	30.8843	1374.08	1497.66	-87.5852	-86.2122	0.000159203	156.411
30.9100	-80.9512	305.334	-0.893213	233.634	-1.31067	-102.594	2.30395	16.0931	30.8843	1374.19	1496.87	-88.0408	-86.5173	0.000159203	157.922
30.9107	-86.1422	479.568	1.85398	211.02	0.222814	-91.897	1.06137	42.3381	30.8843	1373.59	1496.47	-88.3499	-87.1277	-0.000451137	157.62
30.9113	-52.2697	276.64	1.85398	186.329	1.44174	-129.731	0.155322	52.0862	30.8843	1373	1495.67	-88.4964	-87.2803	-0.000451137	157.015
30.9120	-33.644	278.147	3.3777	135.639	2.66066	-158.738	-1.06137	34.3781	30.8843	1372.84	1494.63	-88.9519	-87.4329	-0.000298575	157.62
30.9127	-39.1452	317.514	7.34837	49.2906	3.87958	-101.066	-0.155322	-2.82638	30.8774	1372.84	1494.31	-88.9519	-87.4329	-0.000298575	158.55
30.9133	-43.1119	-328.502	10.7035	-84.9947	3.87958	15.2283	0.776611	-23.8801	30.8655	1373.16	1494.87	-87.8943	-86.6699	-0.000145967	159.457
30.9140	-64.774	-896.474	10.7035	-149.361	1.44174	99.7483	0.155322	-25.4375	30.8596	1374.67	1495.83	-86.8205	-85.6018	-0.000298575	159.596
30.9147	-10.4637	-682.244	5.51691	-78.2692	0.222814	118.375	-0.155322	-11.7093	30.8596	1375.86	1496.31	-86.0557	-84.3811	-0.000145967	159.922
30.9153	125.647	-204.937	-3.33266	-113.071	0.524268	109.523	0.776611	-0.692176	30.8596	1375.75	1496.31	-85.9093	-84.5337	-0.000298575	160.363
30.9160	130.234	204.623	-10.3508	-188.451	0.222814	86.6277	2.30395	1.15363	30.8596	1374.67	1494.87	-86.8205	-85.7544	-0.000603745	161.131
30.9167	36.2395	298.615	-8.21906	-67.3007	0.222814	61.5984	3.20999	20.0731	30.8478	1373.16	1492.79	-88.3499	-87.1277	-0.000298575	161.596
30.9173	21.8906	59.3338	-2.41693	82.5573	0.524268	52.4561	4.11604	37.4352	30.8409	1371.76	1491.43	-89.5702	-89.7217	-0.000145967	162.665
30.9180	51.1924	-91.418	-1.80894	101.47	1.44174	53.9842	5.04797	25.2644	30.8478	1371.16	1490.15	-90.3349	-81.0242	-0.000145967	163.874
30.9187	66.1452	-67.8728	-3.64041	58.1377	1.74319	96.0861	4.73733	10.9018	30.8478	1370.57	1489.43	-90.6441	-89.1113	-0.000145967	163.735
30.9193	67.0594	-22.7289	-3.03242	89.5537	1.14028	158.949	4.11604	16.3815	30.8409	1371.16	1489.59	-90.3349	-137.177	0.000311811	163.735
30.9200	44.173	57.513	-3.03242	294.028	0.825722	143.378	4.11604	11.4786	30.8409	1371.76	1489.75	-90.0258	42.4194	0.000159203	164.339
30.9207	13.3531	135.055	-4.55614	544.273	0.825722	26.5047	2.5887	-13.8435	30.8349	1371.6	1489.75	-90.0258	-222.778	-0.000451137	164.804
30.9213	2.36699	71.8912	-5.77211	563.818	0.222814	-84.2828	-0.155322	-23.5917	30.829	1371.92	1489.83	-89.8794	-216.522	0.000159203	165.409
30.9220	8.16205	-52.3644	-6.3876	230.881	0.524268	-92.503	-1.96742	-7.44089	30.829	1372.68	1490.31	-89.5702	2627.56	0.000616981	166.478
30.9227	11.8186	-114.272	-6.99559	-150.625	1.14028	-25.0556	-1.96742	14.2473	30.829	1372.51	1490.15	-89.5702	4999.85	-0.000145967	166.618
30.9233	6.93774	-122.56	-7.30333	-248.575	0.524268	24.0545	-0.155322	22.4957	30.8231	1371.33	1488.95	-90.1722	4999.85	-0.000451137	166.92
30.9240	-4.96252	99.6431	-3.94815	-259.859	0.222814	38.4134	2.89935	12.7476	30.8231	1370.41	1487.44	-91.0997	4859.16	0.000159203	168.315
30.9247	-15.3446	421.615	2.76971	-330.635	-0.0786402	40.5474	4.73733	2.94175	30.8172	1370.08	1486.96	-91.2461	4999.85	0.000159203	169.222
30.9253	-17.1729	357.824	8.56434	-296.782	-0.0786402	7.90399	5.64338	3.86465	30.8172	1369.76	1486.48	-92.1573	4964.29	0.000159203	169.524
30.9260	-20.5357	248.574	11.927	-148.143	0.222814	-30.8782	5.64338	12.1131	30.8172	1370.08	1486.24	-92.32	4964.45	0.000616981	170.129
30.9267	-37.6107	218.373	11.3115	-23.0203	-0.393201	-25.688	4.11604	29.1867	30.8103	1372.24	1487.76	-90.1722	4973.91	0.000464373	170.431
30.9273	-45.8544	-439.886	8.56434	-46.8532	-1.31067	48.188	2.5887	47.8178	30.8103	1373.43	1488.95	-88.3499	4974.82	0.000311811	170.431
30.9280	-24.7963	-970.625	7.64861	-101.154	-0.996109	165.062	3.83128	58.8349	30.8103	1373.59	1489.11	-88.0408	4975.59	0.000769543	171.059
30.9287	4.19529	-397.819	8.87208	-77.0504	-0.393201	202.605	7.17071	61.546	30.8044	1374.19	1489.59	-88.0408	4974.52	6.59448e-006	171.501
30.9293	25.2534	307.468	11.6193	-102.689	-0.393201	127.834	8.10264	50.2404	30.8044	1374.19	1489.59	-87.8943	4974.37	-0.000298575	172.128
30.9300	26.4614	228.419	14.6742	-139.025	-0.996109	35.041	5.95402	22.4957	30.8044	1373.75	1488.48	-88.0408	4975.13	0.000616981	173.198
30.9307	9.38635	-155.775	5.82465	-96.9111	-0.996109	17.0463	2.5887	-3.46088	30.7985	1373.16	1487.12	-89.1146	4974.37	0.000922151	173.64
30.9313	13.9571	-148.177	-12.1822	-54.7974	-0.996109	75.6411	-2.5887	-10.1519	30.7925	1372.84	1486.64	-89.5702	4973.6	0.000616981	174.407
30.9320	40.8102	140.831	-17.0686	-49.2906	-0.996109	115.319	-6.86007	-5.59509	30.7925	1373.16	1487.28	-89.1146	4974.21	0.000159203	175.314
30.9327	53.6246	247.632	-8.82705	-36.4714	-1.31067	169.33	-7.76611	-2.82638	30.7866	1373	1487.28	-89.2611	4974.52	6.59448e-006	175.942
30.9333	44.173	172.602	-5.47187	23.9682	-1.61212	243.495	-5.95402	-9.22901	30.7866	1373.16	1487.44	-88.8055	4974.82	6.59448e-006	176.244
30.9340	31.9626	-24.2358	-8.5193	72.1756	-1.31067	193.121	-2.5887	-22.6688	30.7797	1374.51	1488.48	-87.1296	4976.04	-0.000145967	176.686
30.9347	13.3531	-413.641	-8.21906	55.0683	-0.0786402	30.1669	0.465967	-19.9001	30.7797	1376.02	1489.75	-86.0557	4977.11	-0.000145967	177.313
30.9353	0.228537	-545.494	-3.03242	59.3564	1.74319	-59.5434	1.37201	2.36493	30.7738	1376.18	1489.59	-86.2185	4976.81	-0.000451137	178.081
30.9360	14.5611	-143.594	-0.893213	135.639	2.96211	-57.4093	-0.155322	16.0931	30.7679	1374.83	1487.6	-87.1296	4975.43	-0.000451137	178.988
30.9367	11.2147	26.3706	-2.41693	176.85	2.66066	-100.749	-1.06137	14.2473	30.7679	1372.68	1485.12	-89.2611	4973.3	-0.000145967	180.197
30.9373	-7.10098	-286.686	-2.72468	66.0819	1.74319	-127.597	-1.06137	12.4015	30.7679	1371.43	1483.76	-91.2461	4971.62	-0.000298575	181.127
30.9380	-2.82407	-208.579	-1.20096	-171.66	1.44174	-49.4789	0.155322	8.76756	30.762	1371	1483.12	-91.2461	4971.92	-0.000603745	181.127
30.9387	-7.70497	126.202	0.630503	-295.247	0.825722	15.8343	1.06137	-3.74928	30.7561	1370.41	1482.56	-90.7905	4972.53	-0.000145967	181.429
30.9393	-40.9735	75.8468	6.12489	-106.029	0.222814	-28.7178	0.776611	-19.3232	30.7501	1371.16	1482.72	-90.937	4972.38	0.000159203	183.103
30.9400	-36.4027	-40.1209	17.4214	137.49	-0.393201	-47.3449	1.06137	-26.9372	30.7501	1372.51	1483.76	-90.1722	4972.84	-0.000145967	183.87
30.9407	34.705	125.26	27.4869	177.166	-1.31067	30.1669	2.5887	-24.2261	30.7501	1372.35	1483.76	-89.5702	4973.6	6.59448e-006	184.173
30.9413	24.9432	356.568	30.8421	175	-1.91358	36.5691	3.52064	-19.9001	30.7432	1372.35	1483.12	-89.5702	4973.3	6.59448e-006	185.405
30.9420	-29.3834	359.644	26.271	223.252	-1.61212	-48.267	3.52064	-20.823	30.7373	1372.68	1483.04	-89.2611	4973.6	-0.000451137	185.544
30.9427	29.2201	190.559	17.4214	180.191	-1.91358	-134.631	1.06137	-24.2261	30.7373	1372.51	1482.72	-89.2611	4973.91	6.59448e-006	186.009
30.9433	85.979	-94.7457	11.6193	23.0203	-1.91358	-155.682	-2.5887	-25.4375	30.7255	1372.24	1482.24	-89.8794	4973.14	0.000159203	187.986
30.9440	47.8296	-362.721	6.74038	-154.281	-1.61212	-61.3876	-2.89935	-26.0143	30.7196	1371.43	1480.88	-91.0997	4971.77	-0.000451137	188.753
30.9447	-36.6966	-141.459	-10.3508	-281.209	-2.52959	18.2582	-0.465967	-26.3604	30.7255	1370.57	1479.21	-92.1573	4970.4	-0.000451137	189.055
30.9453	-63.2559	314.186	-38.4307	-294.028	-4.35142	-35.1464	1.37201	-20.823	30.7196	1369.92	1478.41	-92.4664	4970.55	6.59448e-006	189.962
30.9460	-33.04	438.065	-50.0275	-247.943	-5.88491	-91.897	1.06137	-8.0177	30.7127	1371	1478.89	-91.2461	4972.23	0.000464373	190.427
30.9467	-79.433	415.776	-34.1598	-218.332	-5.88491	-102.278	0.776611	9.69046	30.7127	1373.16	1480.88	-89.1146	4974.52	0.000464373	190.729
30.9473	-190.812	240.349	-15.8452	-157.938	-6.18636	-105.018	2.30395	29.1867	30.7068	1374.35	1482.24	-87.7316	4975.89	0.000464373	191.497
30.9480	-287.255	-66.3659	-1.5012	-15.708	-8.0213	-28.1118	5.33273	39.281	30.7008	1374.67	1482.88	-87.276	4975.89	0.000616981	192.404
30.9487	-330.889	-144.473	14.9745	99.3486	-8.32275	93.0299	7.17071	31.0325	30.7008	1375	1483.12	-86.3649	4975.74	6.59448e-006	193.473
30.9493	-275.355	-17.8315	24.1318	16.3399	-4.66598	134.552	6.86007	16.6699	30.6949	1374.67	1482.56	-87.1296	4975.59	-0.000451137	194.24
30.9500	-173.721	239.721	21.3846	-144.802	-1.61212	86.6277	3.52064	6.92176	30.6949	1373.75	1481.28	-88.6591	4974.82	-0.000603745	194.705
30.9507	-156.63	276.326	23.5238	-159.743	0.524268	78.6973	0.776611	-8.6522	30.689	1373.16	1480.72	-88.8055	4974.37	-0.000145967	195.31
30.9513	-182.569	-89.5972	37.56	-55.0683	2.66066	125.067	1.37201	-15.6316	30.689	1373.16	1480.4	-88.6591	4974.52	6.59448e-006	196.217
30.9520	-138.33	-237.586	52.2042	31.2806	5.71452	77.1692	4.11604	-3.11479	30.6821	1373	1480.09	-88.9519	4973.91	-0.000145967	197.147
30.9527	-19.0012	-43.8254	61.0613	15.708	10.5902	-57.4093	6.57531	3.86465	30.6762	1372.68	1479.61	-89.1146	4973.91	-0.000145967	198.054
30.9533	107.037	72.4563	71.7423	-18.7774	14.863	-237.462	6.26466	3.28783	30.6821	1373.59	1480.24	-88.4964	4975.13	6.59448e-006	198.984
30.9540	90.2559	117.349	79.6761	-4.73948	13.6441	-375.097	3.83128	16.6699	30.6762	1375.1	1481.76	-87.1296	4975.89	6.59448e-006	199.728
30.9547	-24.5025	157.596	61.0613	-63.6445	6.31743	-314.684	3.20999	34.7241	30.6703	1375.86	1482.4	-86.2185	4976.65	-0.000298575	199.728
30.9553	-72.4137	89.5972	23.5238	-236.342	-2.83105	-159.028	1.9933	41.1268	30.6703	1376.02	1482.4	-86.2185	4977.26	-0.000298575	200.495
30.9560	-87.3665	-30.3889	6.12489	-359.343	-8.93877	77.4591	-0.465967	45.6836	30.6644	1374.83	1481.44	-87.5852	4975.89	-0.000145967	202.169
30.9567	-75.1561	-151.819	16.8059	-306.261	-10.4591	416.514	-2.5887	42.6265	30.6644	1373.16	1479.61	-89.1146	4973.91	-0.000298575	203.704
30.9573	-23.8821	-247.067	17.7217	-113.657	-9.85624	571.247	-3.20999	20.996	30.6584	1372.08	1478.73	-90.0258	4972.99	-0.000451137	204.61
30.9580	21.2866	-188.173	-2.41693	118.577	-8.62421	480.299	-3.8054	-8.9406	30.6644	1371.33	1478.41	-90.4814	4972.69	-0.000298575	205.238
30.9587	71.3363	-83.7579	-22.2553	257.738	-6.48781	335.34	-3.8054	-35.8201	30.6584	1371.6	1478.41	-90.6441	4972.53	-0.000145967	206.308
30.9593	108.261	-117.349	-55.5218	225.058	-1.61212	111.657	-5.33273	-56.2393	30.6515	1372.24	1478.57	-89.8794	4972.99	-0.000298575	206.61
30.9600	89.3418	-104.854	-85.4257	170.441	5.09851	-227.081	-6.86007	-64.4877	30.6456	1372.68	1479.21	-89.4238	4973.3	0.000159203	207.377
30.9607	3.88513	88.3414	-74.7447	239.412	8.15237	-436.748	-6.23878	-56.2393	30.6515	1373	1479.61	-89.4238	4973.6	0.000464373	208.749
30.9613	-93.7656	165.57	-51.5512	303.507	7.85091	-432.48	-4.42668	-47.9908	30.6515	1372.51	1479.53	-89.2611	4974.06	-0.000298575	209.191
30.9620	-113.306	106.047	-35.6835	373.697	8.15237	-360.764	-2.5887	-41.8766	30.6456	1372.08	1479.37	-89.5702	4974.06	-0.000298575	209.656
30.9627	-52.5799	236.958	-24.3945	511.954	6.31743	-227.714	-2.89935	-16.5545	30.6456	1372.24	1479.05	-89.8794	4973.45	0.000311811	210.563
30.9633	0.832529	292.839	-18.2846	416.397	2.66066	-117.242	-4.73733	9.69046	30.6456	1371.43	1478.09	-90.7905	4973.75	-0.000145967	211.632
30.9640	9.99035	27.9402	-10.6585	188.135	1.14028	-66.2617	-5.64338	10.6134	30.6397	1369.92	1476.89	-91.8644	4963.07	-0.000145967	213.004
30.9647	84.4445	-334.906	-6.3876	135.324	1.14028	13.9901	-6.54942	5.42204	30.6397	1369.49	1476.41	-92.6128	4971.62	6.59448e-006	214.539
30.9653	220.555	-778.371	-9.13479	56.287	0.222814	83.2817	-7.76611	-0.403769	30.6338	1369.65	1477.05	-92.32	4999.85	-0.000145967	215.445
30.9660	227.884	-825.964	-9.74278	-24.2391	1.14028	116.241	-6.23878	-20.5345	30.6279	1371.16	1478.41	-90.937	4839.48	6.59448e-006	215.748
30.9667	154.034	-353.554	-9.74278	12.3678	1.14028	147.673	-3.20999	-39.454	30.6279	1373.16	1480.09	-89.1146	4999.85	0.000159203	216.213
30.9673	135.408	-301.692	-10.9663	51.4121	-1.61212	203.501	-2.27806	-44.9337	30.6338	1373.75	1480.88	-88.3499	4999.85	-0.000298575	216.678
30.9680	133.58	-471.029	-11.5742	61.207	2.96211	257.828	-3.49475	-45.8566	30.6279	1373.92	1481.44	-87.5852	2207.18	-0.000603745	217.143
30.9687	128.699	-127.081	-8.82705	34.35	14.2601	232.509	-3.49475	-43.7224	30.6279	1374.35	1481.6	-86.8205	-338.135	0.000311811	218.654
30.9693	125.647	207.072	-3.33266	-14.1733	18.8343	143.088	-2.5887	-33.9743	30.6279	1374.19	1481.04	-87.276	-147.095	0.000159203	220.328
30.9700	115.281	262.576	0.630503	-71.2728	14.863	50.6119	-1.96742	-15.6316	30.6279	1373.27	1479.93	-88.3499	22.7356	-0.000451137	220.956
30.9707	103.07	486.914	1.85398	-140.244	10.2888	-50.4011	-3.20999	5.71045	30.6279	1372.51	1479.21	-88.9519	-138.55	0.000159203	221.56
30.9713	94.2227	571.425	-0.285228	-92.939	6.93344	-119.666	-5.02209	13.6705	30.6279	1372.68	1479.21	-88.4964	-79.8035	6.59448e-006	222.328
30.9720	88.4113	266.845	-5.47187	38.0061	4.79705	-114.186	-6.86007	9.69046	30.6219	1372.84	1478.41	-88.4964	-81.1768	-0.000603745	223.397
30.9727	81.7021	59.9617	-2.72468	-4.73948	3.87958	-73.9023	-7.17071	8.13306	30.615	1373	1478.25	-89.2611	-89.1113	-0.000756307	224.606
30.9733	71.3363	45.3323	11.3115	-99.3486	3.57813	-28.428	-4.73733	5.99886	30.6219	1373.59	1479.21	-88.4964	-86.9751	-0.000756307	225.071
30.9740	56.3834	109.689	14.6742	-68.2034	2.05775	-8.589	-1.68266	-6.51799	30.6219	1374.35	1480.24	-86.9832	-84.9915	-0.000451137	225.839
30.9747	42.3447	245.184	2.76971	-61.207	1.44174	-47.3449	-0.155322	-30.9172	30.615	1375.75	1481.2	-85.9093	-84.3811	-0.000298575	227.048
30.9753	46.0013	297.987	-13.098	-142.681	2.05775	-119.377	1.9933	-53.8167	30.615	1375.75	1481.04	-86.0557	-84.6863	-0.000145967	227.978
30.9760	63.6966	230.554	-20.7316	-199.419	2.35921	-164.851	4.42668	-43.7224	30.615	1374.08	1479.53	-87.5852	-85.7544	-0.000298575	229.024
30.9767	67.9735	149.37	-6.3876	-212.87	2.96211	-180.105	5.95402	-15.6316	30.615	1372.24	1477.53	-88.9519	-87.4329	-0.000451137	230.419
30.9773	50.572	133.234	21.6923	-222.62	3.87958	-187.72	8.10264	-14.7664	30.615	1371.43	1476.01	-90.0258	-88.1958	6.59448e-006	231.791
30.9780	25.8574	105.106	29.0182	-171.66	3.27667	-168.803	11.7527	-16.2661	30.615	1371.16	1475.53	-90.6441	-88.9587	-0.000145967	233
30.9787	-2.82407	-18.1455	4.29343	-99.9354	2.66066	-111.736	12.9694	6.92176	30.615	1371.16	1475.85	-90.3349	-88.9587	6.59448e-006	234.07
30.9793	-37.3169	-56.0061	-27.4419	-76.4637	1.74319	-57.4093	8.69805	31.3209	30.615	1371.16	1476.17	-90.1722	-88.1958	6.59448e-006	234.535
30.9800	-67.8266	70.0076	-41.1779	-90.1856	0.524268	-48.5568	1.37201	35.5894	30.6091	1371.92	1476.41	-90.0258	-87.738	-0.000451137	235.302
30.9807	-84.6078	99.3291	-25.6105	-139.612	0.524268	-64.1277	-4.42668	20.3615	30.6091	1372.68	1476.73	-89.1146	-87.5854	-0.000145967	236.674
30.9813	-100.181	-43.1975	0.938249	-145.118	0.524268	-44.8946	-7.48136	14.2473	30.615	1372.35	1476.73	-89.1146	-87.4329	6.59448e-006	237.883
30.9820	-118.497	-219.252	10.0956	-73.0783	-0.694655	-18.9696	-9.00869	28.2638	30.615	1372.24	1476.25	-89.4238	-87.738	-0.000145967	238.65
30.9827	-106.89	-529.358	4.90892	40.4436	-1.31067	-39.7043	-8.07676	30.7441	30.615	1372.08	1476.17	-89.5702	-88.0432	6.59448e-006	239.417
30.9833	-71.4995	-583.983	1.54623	209.214	-3.1325	-40.0205	-5.33273	7.55625	30.6091	1371.33	1475.69	-90.3349	-88.6536	0.000464373	240.626
30.9840	-32.436	-13.2481	3.68544	335.826	-8.62421	7.58783	-3.20999	-24.803	30.615	1370.57	1474.57	-91.0997	-89.4165	0.000464373	242.463
30.9847	52.4167	376.408	4.90892	288.251	-12.897	17.0463	-1.96742	-47.414	30.615	1369.76	1473.85	-91.7017	-90.4846	-0.000145967	243.998
30.9853	128.095	102.092	1.85398	163.715	-12.5955	-29.3501	-1.06137	-37.0314	30.615	1369.65	1474.49	-91.7017	-90.4846	-0.000145967	245.207
30.9860	97.5691	-158.537	-2.11669	194.86	-11.9926	-61.6774	-1.96742	-12.2861	30.615	1370.84	1475.69	-90.6441	-88.8062	0.000311811	245.974
30.9867	29.514	-99.0152	-3.64041	309.601	-11.3766	-42.1546	-1.96742	-8.6522	30.615	1372.51	1477.21	-88.9519	-87.2803	0.000159203	246.276
30.9873	-0.685612	-143.28	-4.85638	372.162	-8.62421	3.00351	-0.750724	-3.46088	30.6219	1373.92	1478.57	-87.7316	-86.2122	0.000311811	246.881
30.9880	-6.18683	-160.044	0.022518	409.401	-5.58345	29.2447	-0.155322	15.4586	30.6219	1374.35	1479.21	-86.9832	-85.6018	0.000464373	248.113
30.9887	-7.41114	102.092	15.2822	293.713	0.222814	55.8021	-0.750724	21.2844	30.6091	1374.35	1479.53	-87.276	-85.6018	6.59448e-006	249.485
30.9893	-13.2062	265.338	28.1024	122.234	7.54946	100.354	0.155322	10.6134	30.615	1374.19	1479.21	-87.8943	-86.0596	-0.000145967	250.392
30.9900	-23.572	150.312	30.2341	-12.9546	10.2888	106.756	1.06137	0.519132	30.6091	1373.59	1478.73	-88.0408	-86.5173	0.000159203	251.764
30.9907	-15.0345	46.8392	26.5712	-245.505	7.54946	83.8876	-0.465967	5.42204	30.6091	1373.27	1478.89	-88.3499	-86.8225	0.000159203	252.833
30.9913	13.043	74.3399	23.824	-462.483	5.09851	57.3302	-2.5887	17.5928	30.615	1373.16	1478.57	-88.8055	-87.1277	-0.000145967	253.601
30.9920	9.68019	95.6875	29.0182	-533.891	5.41307	-11.0392	-2.5887	25.2644	30.615	1372.68	1477.85	-89.2611	-88.0432	-0.000298575	254.507
30.9927	-8.61912	29.1332	35.7285	-458.827	5.09851	-69.9239	-1.96742	35.0126	30.6091	1372.51	1477.85	-89.1146	-87.8906	-0.000298575	255.74
30.9933	34.4112	-22.415	14.9745	-303.191	3.57813	-27.822	-0.465967	45.6836	30.6032	1373.43	1478.89	-88.2035	-86.5173	6.59448e-006	256.809
30.9940	89.3418	87.1485	-32.9363	-202.489	2.66066	61.9145	0.776611	53.2975	30.6032	1374.83	1480.4	-86.674	-84.8389	0.000159203	257.879
30.9947	65.8351	75.5328	-58.269	-196.395	2.05775	88.1558	1.37201	50.5865	30.6091	1375.75	1481.2	-85.9093	-84.5337	-0.000145967	258.786
30.9953	1.14269	-241.542	-35.9912	-216.843	1.44174	70.1347	2.5887	26.1296	30.6091	1375.43	1480.56	-86.5113	-85.144	-0.000298575	259.39
30.9960	-45.8544	-378.543	-8.5193	-175.948	1.14028	85.7055	3.52064	2.01885	30.6091	1373.75	1478.89	-88.2035	-86.6699	6.59448e-006	260.925
30.9967	-73.3278	-430.782	-3.33266	-45.6344	1.74319	121.721	2.5887	-7.44089	30.6091	1371.92	1476.89	-89.7167	-73.2422	-0.000145967	262.599
30.9973	-88.2807	-819.56	-5.16412	151.528	1.74319	102.199	1.9933	-15.6316	30.6091	1371	1475.85	-90.6441	-119.171	6.59448e-006	263.366
30.9980	-90.713	-590.073	-8.82705	371.846	0.825722	41.1534	2.30395	-23.5917	30.6032	1371.16	1476.25	-90.4814	-86.0596	-0.000145967	265.04
30.9987	-83.6936	570.232	-12.49	523.239	0.524268	20.7084	2.30395	-35.1856	30.6032	1371.6	1476.73	-89.8794	43.0298	-0.000603745	266.575
30.9993	-86.4524	1022.8	-14.9294	474.716	1.14028	56.7243	1.68266	-51.048	30.6091	1372.08	1476.57	-90.0258	-444.794	-0.000603745	267.482
31.0000	-46.4747	526.281	-16.7609	207.996	0.524268	62.8103	1.68266	-46.145	30.6032	1372.84	1477.21	-89.5702	616.913	0.000159203	268.714
31.0007	66.4391	125.574	-14.6292	35.5687	-0.393201	-34.8302	1.68266	-21.169	30.6032	1372.68	1477.21	-89.1146	4017.64	0.000769543	269.783
31.0013	80.4778	-172.853	-9.13479	18.7774	-1.31067	-51.9292	1.06137	-9.5751	30.6091	1372.24	1476.89	-89.2611	4999.85	0.000311811	270.388
31.0020	-20.8295	-337.669	-7.30333	-65.766	-1.91358	80.5153	-0.155322	-20.5345	30.6032	1372.84	1477.85	-89.1146	4860.84	6.59448e-006	271.597
31.0027	-56.5467	-170.718	-5.77211	-69.1062	-1.61212	101.882	0.465967	-16.5545	30.6091	1372.35	1477.21	-89.4238	4952.09	0.000159203	272.364
31.0033	-33.644	164	0.630503	22.7495	-0.694655	20.1025	2.30395	13.3244	30.6219	1370.41	1475.53	-90.937	4999.85	6.59448e-006	273.294
31.0040	-5.58284	308.096	4.60117	174.413	0.524268	2.08138	2.30395	32.8783	30.615	1369.49	1474.57	-92.0108	4955.75	-0.000145967	275.108
31.0047	42.6385	-39.807	3.3777	531.138	2.05775	50.6119	2.30395	28.6099	30.615	1369.65	1474.01	-92.1573	4970.25	0.000464373	276.643
31.0053	40.8102	-209.52	1.54623	702.075	3.27667	127.834	1.37201	20.0731	30.615	1369.92	1473.21	-92.1573	4971.01	0.000464373	277.549
31.0060	0.832529	177.122	1.85398	339.798	3.57813	161.689	-1.06137	24.3415	30.6091	1370.57	1474.73	-91.2461	4971.77	-0.000145967	278.177
31.0067	10.9045	152.133	1.24599	-208.582	2.96211	34.7512	-2.5887	52.3746	30.615	1371.92	1476.73	-89.5702	4973.91	0.000311811	278.921
31.0073	52.4167	-273.877	-0.585468	-533.305	2.96211	-258.539	-2.5887	66.7373	30.6219	1373.43	1477.37	-88.4964	4975.13	0.000616981	280.153
31.0080	74.6827	59.0198	-1.80894	-435.355	3.27667	-415.091	-1.68266	31.667	30.6219	1374.19	1478.25	-87.8943	4974.98	0.000311811	281.525
31.0087	73.1646	565.963	-2.11669	-110.001	2.35921	-272.556	0.776611	-17.4774	30.6219	1374.35	1479.21	-86.9832	4975.43	0.000159203	282.734
31.0093	87.4971	266.594	-2.41693	-54.4815	1.74319	-108.074	3.20999	-42.5111	30.6219	1374.19	1479.21	-87.1296	4975.43	0.000159203	284.129
31.0100	100.018	-92.297	-2.41693	-296.195	1.14028	-53.4573	3.52064	-35.8201	30.6219	1373.75	1477.93	-88.6591	4974.37	0.000311811	285.641
31.0107	82.3224	-68.8146	-1.5012	-398.703	-0.393201	2.08138	1.9933	-13.4974	30.6279	1373.16	1477.21	-89.4238	4973.45	0.000159203	286.71
31.0113	71.0261	96.2526	0.022518	-201.857	-0.996109	88.4456	1.06137	-4.67219	30.6219	1373	1477.69	-88.8055	4973.75	-0.000298575	287.175
31.0120	75.303	155.461	1.54623	11.465	-0.694655	202.895	1.37201	-9.5751	30.6279	1373	1477.93	-89.1146	4974.06	6.59448e-006	288.687
31.0127	75.5969	103.285	1.85398	89.8696	-1.31067	275.533	1.06137	-11.9977	30.6338	1373.16	1477.93	-88.9519	4974.21	0.000159203	290.523
31.0133	71.9403	162.493	0.330264	157.035	-2.21503	208.692	-0.750724	-8.0177	30.6338	1374.08	1479.37	-87.5852	4975.43	0.000159203	291.593
31.0140	63.0926	-57.8269	-0.585468	102.102	-1.61212	101.593	-2.5887	-4.38378	30.6338	1375.43	1480.88	-86.5113	4976.65	0.000311811	292.5
31.0147	24.3392	-469.522	-0.585468	-201.27	-0.694655	56.4081	-2.89935	-9.5751	30.6338	1375.86	1481.2	-86.0557	4977.57	6.59448e-006	293.267
31.0153	-18.0871	-406.044	-0.585468	-452.733	-0.0786402	6.66569	-3.20999	-12.9206	30.6397	1375.59	1480.88	-86.3649	4975.59	6.59448e-006	294.337
31.0160	-35.1784	-143.28	0.330264	-433.821	-0.393201	-73.5861	-1.96742	-6.80639	30.6456	1374.19	1479.77	-87.7316	4961.24	-0.000298575	296.173
31.0167	-67.5328	-61.2174	2.46197	-274.8	-0.393201	-116.61	1.9933	-6.80639	30.6515	1372.35	1478.57	-89.1146	4999.85	-0.000298575	297.848
31.0173	-90.4192	-40.1209	4.90892	-117.945	-0.393201	-100.749	5.64338	-5.88349	30.6515	1371.33	1477.37	-90.6441	4926.61	-0.000145967	299.08
31.0180	-70.2752	-6.84379	6.12489	-35.2527	-0.393201	-101.672	7.17071	5.99886	30.6456	1371	1477.05	-91.3925	4895.63	-0.000451137	300.289
31.0187	-63.2559	121.619	5.82465	-11.465	-0.393201	-132.787	6.26466	6.92176	30.6515	1371.6	1477.37	-90.3349	4999.85	-0.000145967	301.661
31.0193	-79.7269	254.35	3.07746	67.3007	-0.996109	-115.398	4.11604	-3.46088	30.6584	1371.76	1477.37	-89.7167	3670.35	-0.000603745	302.126
31.0200	-80.9512	138.069	-0.285228	151.212	-0.996109	-61.3876	1.68266	8.47915	30.6584	1371.76	1477.93	-90.0258	334.167	-0.000908915	303.195
31.0207	-62.3417	-267.473	-2.11669	81.0226	-0.393201	-15.9134	-0.155322	45.3952	30.6584	1372.08	1478.73	-89.7167	-394.287	-0.000451137	304.869
31.0213	-23.572	-457.027	-1.5012	-12.3678	-0.694655	41.7594	-1.06137	69.506	30.6644	1371.92	1478.41	-89.2611	57.6782	-0.000145967	305.474
31.0220	27.3918	-274.191	0.022518	-6.545	-0.996109	92.4239	0.465967	57.5659	30.6644	1371.92	1478.57	-89.4238	-104.675	0.000159203	306.706
31.0227	62.4723	-212.534	0.330264	-36.1555	-0.0786402	86.9438	2.5887	23.9954	30.6644	1372.08	1478.89	-89.5702	-108.948	0.000159203	308.38
31.0233	59.7299	-102.72	-0.893213	-56.0162	0.825722	55.1962	2.5887	2.36493	30.6644	1370.84	1477.93	-90.6441	-75.2258	-0.000145967	309.589
31.0240	47.8296	43.7626	-0.893213	6.86097	0.825722	24.0545	0.776611	0.807538	30.6703	1369.76	1476.57	-91.7017	-90.4846	6.59448e-006	311.124
31.0247	49.3641	-37.9862	-0.893213	20.3121	0.222814	-21.7096	-2.5887	-14.4203	30.6762	1369.33	1476.01	-92.0108	-90.1794	0.000159203	312.496
31.0253	38.0678	-50.4808	-0.585468	1.98607	-0.393201	-93.4251	-4.11604	-41.0114	30.6762	1369.17	1476.01	-92.32	-90.6372	6.59448e-006	313.565
31.0260	10.5943	104.227	1.54623	51.7281	0.222814	-165.747	-0.155322	-29.7059	30.6762	1370.68	1477.53	-91.0997	-89.4165	6.59448e-006	314.635
31.0267	-2.82407	280.595	4.60117	75.2449	0.825722	-128.229	3.52064	9.97887	30.6821	1372.68	1480.09	-88.8055	-87.2803	6.59448e-006	315.239
31.0273	3.88513	217.118	4.60117	46.2212	0.222814	81.4374	2.89935	31.667	30.6821	1373.75	1482.08	-87.276	-85.7544	0.000311811	316.472
31.0280	8.76604	-51.1087	2.46197	-16.3399	0.222814	372.884	0.155322	29.5328	30.689	1374.35	1482.4	-87.276	-85.2966	0.000159203	318.146
31.0287	7.54173	-219.566	0.330264	-135.053	1.14028	471.157	-1.37201	12.1131	30.6949	1374.08	1482.24	-87.5852	-85.907	-0.000145967	319.355
31.0293	6.33375	-430.154	-0.893213	-162.181	0.825722	241.361	-0.465967	-6.80639	30.6949	1373.43	1482.56	-87.8943	-86.3647	-0.000145967	320.587
31.0300	6.62758	-537.269	-0.585468	-8.07969	0.825722	-26.2939	1.68266	-9.22901	30.6949	1373	1482.24	-88.6591	-86.6699	0.000159203	321.959
31.0307	8.76604	-131.978	-0.893213	225.058	2.05775	-172.149	2.5887	-5.249	30.7008	1373	1482.4	-88.9519	-86.8225	0.000616981	323.935
31.0313	8.76604	362.407	-1.5012	332.486	1.74319	-251.821	0.465967	-8.6522	30.7008	1373.27	1483.04	-88.6591	-86.9751	0.000311811	325.005
31.0320	3.57498	559.872	-0.285228	209.801	0.825722	-184.057	-3.20999	-20.5345	30.7068	1372.24	1482.24	-89.2611	-87.2803	-0.000603745	324.865
31.0327	-3.44438	739.004	1.54623	24.871	0.825722	-20.4977	-3.8054	-36.6853	30.7068	1372.08	1482.56	-89.1146	-86.9751	-0.000145967	326.237
31.0333	-4.65237	614.748	1.24599	-39.8117	1.14028	65.2606	-1.68266	-45.2798	30.7127	1373.75	1484.72	-87.7316	-85.907	0.000464373	328.376
31.0340	-1.30593	-175.05	-0.585468	-60.5751	1.14028	10.644	-0.750724	-40.6653	30.7196	1375	1486.64	-86.2185	-84.5337	6.59448e-006	329.446
31.0347	1.14269	-589.445	-1.80894	-99.6194	1.14028	-90.0791	-0.750724	-30.9172	30.7196	1375.75	1487.76	-85.6002	-83.7708	-0.000145967	330.655
31.0353	2.97098	-90.4762	-2.72468	-22.7495	0.825722	-24.4497	-1.37201	-20.823	30.7255	1375.86	1487.44	-86.2185	-84.2285	-0.000145967	332.027
31.0360	1.43652	293.718	-1.5012	59.9883	-0.393201	142.166	-2.5887	-13.4974	30.7255	1374.51	1486.24	-87.7316	-85.907	-0.000451137	333.561
31.0367	-4.04838	191.501	1.24599	5.95821	-1.31067	131.18	-2.5887	-13.4974	30.7255	1372.51	1484.72	-89.1146	-87.5854	-0.000298575	335.073
31.0373	-8.92928	59.3338	2.46197	-41.0304	-1.31067	-17.4415	-2.27806	-15.3432	30.7255	1371	1483.44	-90.4814	-88.8062	6.59448e-006	336.003
31.0380	-11.0677	-11.7412	0.630503	6.86097	-0.996109	-137.977	-4.11604	-11.7093	30.7255	1370.57	1483.28	-91.3925	-89.7217	0.000159203	337.514
31.0387	-12.292	-80.9953	-1.20096	125.89	-1.61212	-193.832	-5.02209	-7.7293	30.7255	1371.6	1484.08	-91.0997	-89.2639	0.000159203	339.351
31.0393	-12.292	-10.2343	-0.893213	254.668	-1.61212	-194.122	-3.8054	6.34494	30.7314	1371.76	1484.56	-90.3349	-88.8062	-0.000145967	339.816
31.0400	-10.1536	167.39	0.330264	275.432	-0.996109	-192.91	-2.27806	28.8983	30.7373	1371.6	1484.96	-89.7167	-88.3484	-0.000145967	340.886
31.0407	-8.32529	284.3	2.16173	147.872	-0.694655	-176.443	-1.68266	24.9183	30.7373	1372.51	1485.76	-89.1146	-87.2803	0.000311811	342.862
31.0413	-7.70497	278.461	2.76971	9.93034	-0.694655	-123.645	-1.37201	-4.38378	30.7373	1372.68	1486.08	-89.1146	-87.2803	6.59448e-006	343.931
31.0420	-6.79082	116.093	2.16173	-19.0933	-0.393201	-85.4948	-0.155322	-32.763	30.7373	1372.35	1486.4	-89.4238	-87.738	-0.000145967	344.838
31.0427	-4.96252	-55.6921	2.16173	16.3399	0.222814	-70.8461	0.776611	-49.2022	30.7432	1372.24	1486.64	-88.9519	-87.5854	6.59448e-006	346.536
31.0433	-1.90992	-109.689	2.16173	104.223	0.222814	-52.825	1.37201	-32.763	30.7501	1371.76	1486.24	-89.2611	-87.738	0.000311811	348.047
31.0440	-1.30593	-175.05	2.46197	295.247	-0.393201	-20.4977	3.20999	-5.88349	30.7501	1370.68	1485.76	-90.7905	-88.9587	0.000616981	349.581
31.0447	-4.04838	-236.958	2.76971	421.001	-1.31067	6.66569	5.95402	-5.59509	30.7561	1369.76	1485.44	-91.7017	-90.332	6.59448e-006	350.791
31.0453	-3.13423	-88.3414	3.07746	310.504	-1.61212	-7.98302	8.3874	-7.0948	30.7501	1370.41	1485.6	-91.7017	-90.4846	-0.000451137	351.86
31.0460	-0.391778	164.628	3.68544	109.414	-1.61212	-4.92682	9.00869	13.3244	30.7501	1371.6	1486.64	-90.6441	-88.9587	6.59448e-006	352.325
31.0467	0.228537	63.3522	4.29343	-41.3463	-1.61212	74.113	8.10264	32.8783	30.7561	1373.27	1488.63	-88.4964	-86.8225	0.000616981	353.697
31.0473	1.14269	-273.312	3.07746	-96.2792	-1.91358	132.708	5.95402	41.1268	30.7561	1374.51	1489.99	-86.9832	-85.907	0.000616981	355.069
31.0480	-2.22008	-203.43	1.24599	-78.9011	-1.91358	107.995	3.83128	46.8949	30.7561	1374.67	1490.63	-86.9832	-85.6018	0.000159203	355.999
31.0487	-17.1729	36.4793	0.630503	-174.097	-1.31067	71.373	3.52064	41.1268	30.762	1374.35	1490.63	-86.9832	-85.7544	0.000159203	357.812
31.0493	-29.9874	29.7611	-1.5012	-272.678	-0.996109	90.606	2.89935	40.2039	30.7679	1374.35	1490.47	-87.1296	-86.2122	6.59448e-006	359.812
31.0500	-25.4166	-44.7044	-4.85638	-184.163	-0.996109	147.357	-0.155322	59.7002	30.7679	1374.19	1490.47	-87.5852	-86.9751	-0.000908915	360.882
31.0507	-34.2643	-82.565	-5.77211	-110.949	-1.61212	163.533	-1.37201	72.217	30.7679	1373.43	1489.75	-88.0408	-72.3267	-0.000603745	361.486
31.0513	-57.7546	-82.565	-7.30333	-219.596	-1.31067	126.595	-0.465967	70.0828	30.762	1372.84	1489.11	-88.4964	-118.713	6.59448e-006	362.393
31.0520	-60.2033	-65.7381	-8.21906	-371.846	-0.996109	57.3302	0.155322	66.1605	30.762	1373	1489.27	-88.4964	-81.6345	6.59448e-006	364.067
31.0527	-58.6688	-51.7365	-6.99559	-406.016	-0.694655	-7.98302	-0.155322	45.3952	30.762	1373.75	1489.43	-87.8943	41.5039	6.59448e-006	365.602
31.0533	-37.3169	26.1194	-4.85638	-323.007	0.222814	27.7166	1.06137	-0.692176	30.762	1374.67	1490.47	-86.9832	-447.388	-0.000145967	366.811
31.0540	22.8048	163.121	-2.41693	-133.834	0.222814	126.306	3.20999	-38.2427	30.7561	1375.59	1491.67	-86.0557	664.368	0.000311811	368.043
31.0547	49.9681	215.297	-0.893213	87.7481	-0.0786402	176.654	3.52064	-38.2427	30.762	1376.02	1491.83	-85.7466	4068.91	0.000159203	368.81
31.0553	8.45588	259.876	-2.11669	189.986	0.524268	173.598	2.5887	-18.6887	30.7561	1375.43	1490.95	-86.3649	4999.85	-0.000298575	370.182
31.0560	-40.6633	432.603	-5.47187	158.84	1.14028	106.151	2.30395	-3.74928	30.7561	1374.35	1489.83	-87.5852	4857.64	-0.000451137	372.158
31.0567	-55.3224	424.943	-7.60357	8.98245	0.825722	-25.688	1.9933	-0.980582	30.7561	1372.84	1487.92	-88.9519	4955.6	-0.000603745	373.693
31.0573	-65.9983	-10.5482	-6.68784	-159.743	0.825722	-124.251	0.465967	-21.169	30.7561	1371.6	1486.24	-90.4814	4999.85	-0.000451137	375.065
31.0580	-54.4082	-631.889	-4.24839	-161.278	0.524268	-139.216	-0.465967	-50.4711	30.762	1370.84	1485.76	-91.2461	4956.67	-0.000451137	376.134
31.0587	-6.49699	-950.471	2.16173	-27.9404	-0.393201	-90.0791	-1.06137	-46.7795	30.762	1371	1486.08	-90.937	4971.92	-0.000145967	377.041
31.0593	13.043	-814.034	8.56434	133.202	-1.31067	-13.1733	-1.68266	-4.03769	30.7561	1371.92	1486.48	-90.0258	4973.45	0.000159203	378.576
31.0600	9.0762	-485.972	5.82465	273.581	-1.31067	-7.98302	-1.37201	24.6299	30.7561	1372.68	1486.96	-89.5702	4973.3	0.000159203	380.087
31.0607	14.2673	-62.0964	-1.5012	385.297	-0.996109	-35.1464	-2.27806	10.2673	30.7561	1372.84	1487.44	-89.2611	4973.75	6.59448e-006	381.459
31.0613	10.5943	290.955	-6.07985	445.692	-0.996109	-20.7875	-5.33273	-14.4203	30.7561	1372.68	1487.28	-89.1146	4974.21	6.59448e-006	382.854
31.0620	5.10944	464.938	-5.16412	319.351	-1.61212	-24.4497	-5.33273	-34.8972	30.7501	1372.68	1486.8	-89.5702	4973.75	0.000159203	384.063
31.0627	28.306	449.367	-0.285228	-40.7596	-1.31067	-25.3718	-3.49475	-51.9709	30.7501	1372.51	1486.4	-89.8794	4972.84	6.59448e-006	385.133
31.0633	45.0871	92.6109	3.99319	-377.94	-0.996109	20.7084	-4.42668	-51.9709	30.7501	1372.08	1485.92	-89.5702	4972.99	0.000159203	387.109
31.0640	16.0956	-180.199	8.87208	-407.234	-0.0786402	69.8449	-6.23878	-41.0114	30.7501	1370.68	1484.56	-90.6441	4972.38	0.000159203	389.411
31.0647	-26.0206	-178.378	12.8428	-232.099	0.524268	26.2149	-3.20999	-30.2827	30.7501	1369.65	1483.28	-92.4664	4970.7	-0.000451137	390.178
31.0653	-60.2033	-299.808	11.6193	-116.411	-0.393201	-81.8326	1.06137	-16.2661	30.7432	1370.08	1483.6	-92.32	4971.16	6.59448e-006	390.922
31.0660	-59.2891	-265.966	11.0113	-96.9111	-1.31067	-119.06	0.465967	9.97887	30.7501	1371.33	1484.96	-90.4814	4973.14	0.000464373	392.457
31.0667	-27.5551	44.7044	16.1979	-106.029	-1.31067	-133.393	-0.465967	41.1268	30.7501	1373.16	1486.4	-88.6591	4974.52	6.59448e-006	393.363
31.0673	-7.70497	286.686	16.1979	-104.223	-1.31067	-173.071	-1.06137	54.8549	30.7501	1374.67	1487.6	-87.5852	4975.89	6.59448e-006	394.596
31.0680	0.522371	476.805	2.46197	-50.8253	-1.31067	-141.35	-3.20999	37.4352	30.7373	1375	1488.08	-87.276	4976.2	0.000311811	395.968
31.0687	2.97098	518.621	-6.3876	28.5272	-1.61212	-33.9081	-4.73733	-4.38378	30.7314	1375	1488.08	-87.4388	4975.43	0.000311811	397.502
31.0693	-5.87667	302.257	0.630503	78.9011	-2.21503	34.1452	-3.49475	-32.763	30.7432	1374.83	1488.16	-87.8943	4974.98	0.000159203	399.781
31.0700	16.0956	40.7488	8.87208	78.9011	-1.61212	37.2014	-1.68266	-24.5146	30.7432	1373.43	1487.44	-88.3499	4974.82	-0.000298575	400.246
31.0707	31.6524	-110.317	11.6193	49.2906	-1.31067	68.0006	-2.27806	-15.6316	30.7314	1372.51	1486.96	-88.8055	4974.52	-0.000451137	400.385
31.0713	-59.2891	-313.873	11.0113	26.4057	-0.694655	76.2471	-2.89935	-23.3032	30.7314	1372.84	1487.12	-88.9519	4974.52	6.59448e-006	402.687
31.0720	-168.84	-560.751	3.99319	69.1062	0.825722	-18.9696	-2.27806	-25.4375	30.7314	1373	1486.96	-89.2611	4973.91	0.000159203	404.663
31.0727	-231.704	-474.419	-5.16412	242.165	1.14028	-98.9315	-0.750724	-21.7459	30.7255	1373.16	1487.28	-89.1146	4974.06	6.59448e-006	405.733
31.0733	-266.197	-8.7274	-9.43503	381.009	0.825722	-126.385	1.06137	-15.0548	30.7314	1374.08	1488.63	-87.7316	4976.04	0.000311811	406.942
31.0740	-256.435	369.439	-5.77211	287.619	1.14028	-114.186	1.68266	-7.0948	30.7255	1375.27	1490.31	-86.5113	4977.42	0.000159203	408.314
31.0747	-232.014	470.15	5.20916	133.202	0.524268	-18.6534	1.06137	-16.9006	30.7196	1376.02	1490.79	-85.9093	4977.57	-0.000298575	409.383
31.0753	-212.785	692.604	11.3115	126.206	-0.996109	57.3302	0.776611	-35.1856	30.7196	1375.43	1489.99	-86.5113	4976.96	-0.000298575	410.616
31.0760	-172.203	486.286	8.87208	115.508	-3.1325	40.2313	1.06137	-34.5511	30.7196	1373.27	1488.08	-88.8055	4974.67	-0.000298575	411.988
31.0767	13.3531	-321.219	6.12489	9.93034	-5.26889	-10.4069	1.06137	-16.2661	30.7127	1371.43	1485.76	-90.4814	4972.69	-0.000603745	413.359
31.0773	327.07	-472.284	5.20916	-31.9125	-7.40528	-46.1329	1.9933	7.21016	30.7127	1371.16	1484.96	-90.6441	4972.38	-0.000145967	415.034
31.0780	386.277	-81.3093	7.04062	-54.4815	-9.54168	-68.3958	3.52064	28.6099	30.7127	1371.16	1484.96	-91.2461	4972.08	6.59448e-006	416.568
31.0787	151.896	112.766	16.1979	-124.355	-10.1577	-81.8326	4.11604	42.3381	30.7068	1370.84	1485.6	-91.5552	4971.92	-0.000298575	417.475
31.0793	-11.9819	197.277	21.3846	-187.232	-9.54168	-60.7816	2.30395	53.2975	30.7008	1371.33	1486.4	-90.6441	4972.84	-0.000298575	418.847
31.0800	-25.4166	187.859	0.938249	-216.527	-7.10383	-9.19497	1.9933	79.2541	30.6949	1372.35	1486.24	-89.7167	4973.75	6.59448e-006	420.684
31.0807	63.4028	62.4103	-28.3576	-146.653	-2.21503	37.8074	3.20999	102.442	30.6949	1372.84	1486.96	-89.2611	4973.91	6.59448e-006	422.358
31.0813	151.586	-105.106	-35.3757	-88.0641	3.27667	43.2875	2.30395	94.8281	30.6949	1372.68	1487.6	-89.1146	4973.75	6.59448e-006	423.59
31.0820	154.344	-248.26	-30.4969	-130.765	4.79705	48.188	-1.06137	75.6202	30.689	1373	1487.44	-88.9519	4973.75	0.000159203	425.101
31.0827	140.306	-249.202	-25.6105	-140.83	4.4956	111.947	-5.02209	61.8344	30.689	1372.84	1486.96	-89.4238	4973.75	0.000159203	426.473
31.0833	122.594	-167.076	-10.0505	-129.862	4.79705	181.238	-6.23878	42.0497	30.689	1371.43	1486.08	-90.3349	4972.99	0.000159203	427.845
31.0840	72.8544	-69.1286	0.022518	-132.886	3.27667	231.587	-6.86007	15.8047	30.6821	1370.25	1484.96	-91.3925	4971.77	6.59448e-006	429.682
31.0847	-30.2975	70.3215	-10.6585	-91.4043	1.44174	225.79	-6.54942	-4.96059	30.6762	1369.76	1484.56	-92.4664	4970.4	-0.000145967	430.914
31.0853	-157.25	102.092	-18.2846	-69.4221	1.14028	155.893	-4.11604	-19.9001	30.6762	1369.92	1484.56	-91.8644	4971.01	-0.000298575	431.519
31.0860	-238.12	137.504	-10.3508	-88.9669	0.825722	145.539	-0.750724	-30.6288	30.6703	1371.33	1485.76	-90.3349	4972.99	-0.000145967	432.588
31.0867	-294.274	186.917	1.24599	-103.908	0.825722	209.298	2.5887	-37.6082	30.6762	1373.16	1488.08	-89.4238	4974.52	0.000311811	433.96
31.0873	-294.878	2.00919	7.04062	-67.8875	0.524268	259.356	4.42668	-44.9337	30.6703	1374.35	1489.43	-88.0408	4975.28	0.000159203	435.03
31.0880	-198.142	-116.721	-2.11669	69.1062	0.222814	275.849	4.11604	-51.048	30.6644	1374.35	1489.59	-87.1296	4975.59	6.59448e-006	436.099
31.0887	-124.292	25.4916	-26.8339	223.523	0.825722	163.533	3.20999	-47.9908	30.6644	1373.59	1489.11	-87.8943	4975.59	0.000616981	438.238
31.0893	-97.1284	118.856	-26.2259	337.361	1.44174	-135.237	1.06137	-32.763	30.6644	1373.92	1489.11	-88.3499	4975.43	0.000769543	440.517
31.0900	13.3531	-13.2481	29.9264	436.258	2.35921	-328.411	-1.37201	-19.0348	30.6644	1373.59	1488.95	-88.6591	4974.82	0.000159203	441.121
31.0907	155.862	-279.402	93.7123	395.047	2.96211	-266.47	-2.27806	-11.7093	30.6703	1373.16	1488.79	-88.9519	4974.21	0.000159203	442.191
31.0913	197.375	-463.431	109.272	184.795	2.96211	-166.353	-1.96742	2.94175	30.6644	1373.16	1489.27	-88.9519	4974.52	0.000159203	443.888
31.0920	168.073	-433.168	93.4046	12.0518	2.96211	-84.5726	-2.27806	20.0731	30.6515	1372.68	1489.11	-89.2611	4974.21	-0.000298575	444.958
31.0927	165.02	-366.99	79.3684	-72.4915	3.27667	-7.37705	-4.11604	25.5528	30.6515	1373.16	1489.83	-88.6591	4974.52	-0.000145967	446.632
31.0933	187.907	-163.121	62.585	-32.4993	2.96211	-25.9778	-4.42668	29.5328	30.6584	1374.67	1491.27	-87.276	4975.89	0.000159203	448.004
31.0940	164.71	387.396	47.3253	188.767	1.14028	-93.1089	-4.73733	47.8178	30.6456	1375.59	1492.15	-86.5113	4976.81	6.59448e-006	449.073
31.0947	96.9651	717.907	47.3253	338.58	-0.0786402	-115.398	-5.95402	80.4654	30.6397	1376.02	1493.11	-85.9093	4977.26	-0.000145967	450.445
31.0953	61.8683	426.764	18.9451	95.6924	-0.0786402	-81.5164	-5.33273	108.845	30.6456	1375.43	1492.31	-86.3649	4976.65	-0.000451137	451.956
31.0960	63.6966	44.7044	-52.1592	-375.232	-0.0786402	25.5826	-1.96742	100.019	30.6515	1373.75	1490.63	-88.2035	4974.82	-0.000298575	453.793
31.0967	59.1259	245.184	-85.7335	-582.415	0.825722	145.223	1.06137	48.7407	30.6456	1372.35	1489.75	-89.4238	4973.3	0.000159203	455.467
31.0973	50.2782	399.012	-55.8221	-451.831	1.74319	168.408	1.37201	-11.9977	30.6456	1371.76	1489.27	-90.3349	4972.53	0.000159203	456.7
31.0980	42.0345	-327.309	-14.0137	-233.634	2.96211	138.504	2.5887	-49.2022	30.6456	1371.33	1488.79	-90.937	4971.92	-0.000145967	457.909
31.0987	52.7105	-807.316	4.60117	-106.977	3.27667	112.869	4.11604	-50.1251	30.6456	1371.16	1489.59	-90.6441	4972.23	-0.000298575	458.978
31.0993	63.6966	-300.75	-1.80894	-77.0504	1.44174	51.8501	6.26466	-33.3398	30.6456	1371.92	1490.79	-89.8794	4973.45	-0.000145967	460.35
31.1000	26.4614	190.873	-14.9294	-63.0126	0.222814	-4.61066	9.31934	-30.9172	30.6456	1372.24	1490.95	-89.7167	4973.75	6.59448e-006	461.722
31.1007	-1.59976	301.692	-29.2734	-85.3107	-0.393201	-111.42	9.62998	-42.7995	30.6456	1372.24	1491.27	-89.7167	4973.6	6.59448e-006	462.791
31.1013	36.8435	390.473	-35.0755	-162.497	-1.31067	-287.204	6.26466	-49.2022	30.6456	1372.24	1491.99	-89.5702	4973.6	-0.000145967	464.024
31.1020	87.8073	387.145	-25.9182	-213.773	-1.61212	-268.288	1.06137	-49.2022	30.6456	1371.43	1491.43	-90.1722	4973.6	-0.000298575	465.535
31.1027	110.694	82.2511	-21.6473	-184.795	-1.61212	-115.398	-4.42668	-46.4911	30.6456	1371.16	1491.27	-90.6441	4972.99	-0.000298575	466.767
31.1033	138.771	-197.277	-24.6947	-130.178	-0.996109	-77.8542	-6.86007	-45.8566	30.6456	1371.43	1491.27	-91.0997	4971.92	0.000159203	468.906
31.1040	136.943	-105.733	-26.8339	-94.4737	-1.61212	-49.1891	-5.33273	-46.7795	30.6456	1370.68	1490.47	-91.7017	4971.01	0.000769543	470.883
31.1047	30.7383	37.1072	-28.6654	-77.6824	-2.83105	30.483	-2.89935	-40.3769	30.6456	1369.17	1490.31	-92.1573	4970.86	0.000769543	471.185
31.1053	-97.4385	-15.6968	-26.8339	-74.929	-2.83105	60.3864	-2.89935	-27.2256	30.6515	1369.49	1491.11	-92.0108	4971.47	0.000311811	472.417
31.1060	-163.045	-135.683	-19.2003	-57.5057	-1.61212	3.92565	-3.20999	-15.9777	30.6515	1371.92	1493.35	-90.4814	4973.14	6.59448e-006	473.789
31.1067	-151.749	-199.412	-6.99559	-6.27417	-0.0786402	-74.798	-0.155322	-19.3232	30.6515	1373.75	1495.35	-88.4964	4974.98	0.000159203	474.696
31.1073	-84.6078	-122.246	5.20916	53.5787	1.74319	-83.9667	5.33273	-29.0714	30.6515	1374.35	1496.47	-87.5852	4976.04	0.000311811	476.068
31.1080	-43.4221	46.5252	11.6193	108.196	3.57813	-51.9292	7.17071	-17.4774	30.6584	1375.1	1497.66	-87.1296	4976.2	6.59448e-006	477.44
31.1087	7.54173	13.2481	11.0113	161.91	6.63199	-62.5996	6.26466	8.47915	30.6584	1375	1497.66	-87.5852	4975.74	0.000159203	478.974
31.1093	98.1894	-193.949	5.82465	210.433	8.45382	-97.6933	4.42668	13.3244	30.6584	1373.59	1496.87	-87.8943	4975.28	0.000464373	480.509
31.1100	116.799	-160.044	2.76971	274.8	8.15237	-78.4602	-0.155322	-4.67219	30.6584	1373.16	1496.87	-88.2035	4974.82	-0.000298575	481.113
31.1107	63.0926	-35.5375	4.90892	288.838	7.85091	-4.00469	-5.33273	-11.3632	30.6644	1372.84	1496.47	-88.9519	4974.52	-0.000145967	481.881
31.1113	-4.96252	-164.314	7.04062	144.487	6.63199	62.2044	-7.17071	3.57624	30.6703	1372.84	1496.31	-89.1146	4973.91	0.000311811	483.694
31.1120	-79.433	-76.7258	2.16173	39.2249	5.09851	71.6628	-6.54942	6.34494	30.6762	1372.84	1496.47	-89.1146	4973.75	-0.000145967	485.392
31.1127	-102.923	385.575	-17.0686	154.552	3.57813	44.8156	-3.20999	-15.6316	30.6703	1373.27	1497.34	-88.6591	4974.67	-0.000145967	486.763
31.1133	-75.7601	542.166	-35.0755	209.485	2.35921	32.0111	1.06137	-39.454	30.6644	1374.67	1499.66	-87.276	4976.04	0.000159203	488.135
31.1140	-89.1948	143.28	-27.7497	148.459	1.44174	-0.342506	1.9933	-47.9908	30.6762	1375.86	1501.58	-85.9093	4977.42	6.59448e-006	489.205
31.1147	-114.53	-284.551	-11.5742	179.92	0.825722	-60.7816	0.465967	-34.2627	30.6762	1376.18	1501.74	-85.6002	4977.57	-0.000145967	490.112
31.1153	-28.4692	-189.68	-3.94815	178.385	0.222814	-61.9936	-0.465967	-8.9406	30.6762	1375.43	1500.7	-86.8205	4976.5	6.59448e-006	491.483
31.1160	103.07	177.436	-1.20096	88.3349	-0.393201	-21.1036	-0.155322	6.34494	30.6821	1373.92	1499.34	-88.2035	4974.82	6.59448e-006	493.46
31.1167	135.408	212.848	-3.03242	-27.3084	0.222814	34.1452	1.06137	15.1702	30.6821	1372.24	1498.14	-89.4238	4972.99	-0.000298575	495.157
31.1173	80.7879	-243.991	-5.16412	-221.718	1.44174	141.56	2.89935	31.667	30.689	1370.84	1496.71	-90.6441	4971.92	-0.000451137	495.762
31.1180	30.4281	-662.09	-6.07985	-335.555	1.74319	220.6	6.57531	43.5494	30.6821	1370.25	1495.99	-91.2461	4971.77	-0.000145967	496.668
31.1187	21.2866	-601.94	-6.3876	-204.926	0.222814	212.064	9.31934	38.3581	30.689	1371.16	1497.03	-91.2461	4972.23	6.59448e-006	498.342
31.1193	22.4946	-347.15	-7.60357	37.6902	-0.0786402	214.488	8.3874	24.6299	30.689	1371.76	1497.98	-90.6441	4972.84	-0.000145967	499.575
31.1200	10.3005	-3.20214	-15.5449	164.663	0.825722	242.573	3.83128	16.6699	30.6949	1371.92	1497.82	-89.8794	4973.6	-0.000145967	501.109
31.1207	2.66083	81.3093	-19.8158	77.6824	-0.996109	185.507	-1.06137	17.9389	30.6949	1372.35	1497.98	-89.2611	4973.75	-0.000145967	502.783
31.1213	9.68019	-149.37	-5.16412	-79.8039	-4.35142	52.4561	-3.49475	16.3815	30.7008	1372.35	1498.14	-89.5702	4973.6	6.59448e-006	503.551
31.1220	-4.04838	184.782	14.6742	-117.629	-4.96744	-57.1195	-3.49475	9.05597	30.7008	1372.51	1498.22	-89.8794	4973.75	0.000159203	504.76
31.1227	-19.0012	427.706	19.2454	45.6344	-4.66598	-106.546	-2.5887	10.2673	30.6949	1372.24	1498.14	-89.7167	4973.45	6.59448e-006	506.294
31.1233	23.1149	-144.787	14.3665	280.307	-4.96744	-81.5164	-4.11604	16.6699	30.7008	1370.84	1496.87	-90.937	4971.92	0.000311811	507.503
31.1240	67.9735	-317.514	10.0956	389.856	-4.04997	-25.3718	-5.02209	12.7476	30.7068	1369.49	1495.51	-92.6128	4970.55	0.000464373	508.875
31.1247	60.644	154.268	7.34837	346.524	-0.0786402	-16.2295	-2.89935	2.01885	30.7127	1369.49	1495.03	-93.0847	4970.4	0.000159203	510.108
31.1253	42.9487	358.703	6.43264	192.107	4.4956	-44.6048	0.465967	-4.96059	30.7127	1370.68	1496.15	-91.8644	4971.01	6.59448e-006	511.177
31.1260	39.5859	271.177	4.90892	20.5829	6.01597	-75.1142	4.11604	-11.0748	30.7127	1371.6	1497.82	-90.1722	4973.45	0.000159203	511.619
31.1267	35.6192	301.943	3.07746	-139.928	5.09851	-80.3045	7.792	-19.3232	30.7127	1372.84	1499.02	-89.1146	4976.04	0.000311811	512.991
31.1273	15.1814	319.084	1.85398	-317.861	3.57813	-81.8326	9.62998	-12.9206	30.7196	1374.51	1500.22	-88.3499	4962.46	0.000159203	514.688
31.1280	-3.73822	105.106	0.630503	-258.324	2.05775	-103.806	6.86007	4.49914	30.7196	1373.92	1500.38	-87.8943	4990.54	6.59448e-006	514.99
31.1287	6.33375	-19.4012	-1.5012	48.9747	1.74319	-127.597	1.68266	9.34437	30.7196	1373.59	1500.06	-88.2035	4999.85	0.000311811	517.129
31.1293	22.4946	131.978	-2.11669	166.469	2.96211	-188.036	-1.96742	-0.692176	30.7255	1374.35	1500.54	-88.2035	4826.97	0.000311811	519.571
31.1300	17.3199	300.122	-1.80894	79.8039	3.27667	-257.301	-3.20999	-10.7864	30.7255	1373.27	1500.06	-88.0408	4999.85	-0.000298575	519.71
31.1307	1.14269	400.519	-1.5012	50.5093	2.66066	-202.974	-2.27806	-16.2661	30.7255	1372.35	1498.86	-88.8055	4720.76	-0.000451137	520.478
31.1313	-7.70497	254.036	0.022518	115.192	2.96211	-45.8168	0.776611	-20.823	30.7314	1372.84	1499.18	-89.4238	1464.54	-0.000451137	522.152
31.1320	1.74668	-149.998	0.938249	240.314	2.96211	47.2658	3.52064	-31.2056	30.7314	1373.16	1499.82	-88.6591	-459.137	-0.000145967	523.826
31.1327	29.8241	-354.182	0.330264	407.866	2.66066	52.14	5.33273	-46.4911	30.7373	1373.27	1500.06	-88.0408	-39.0625	6.59448e-006	525.198
31.1333	62.4723	-287.941	0.630503	538.495	1.74319	26.2149	5.33273	-46.145	30.7373	1375	1501.02	-86.9832	-21.8201	-0.000298575	526.128
31.1340	78.9596	-135.934	1.24599	485.097	-0.0786402	-32.38	5.04797	-24.803	30.7373	1376.18	1502.22	-85.9093	-131.683	-0.000145967	527.197
31.1347	68.5775	102.72	3.99319	201.27	-1.61212	-81.2266	3.83128	0.807538	30.7432	1375.86	1502.7	-85.9093	-70.8008	0.000159203	528.406
31.1353	49.9681	444.47	9.48007	-143.268	-2.83105	-62.5996	-0.750724	19.4386	30.7373	1374.83	1501.58	-86.8205	-82.8552	-0.000145967	529.639
31.1360	53.9348	501.857	11.927	-326.979	-3.44706	-10.4069	-4.11604	20.6499	30.7373	1372.84	1499.66	-88.6591	-87.5854	-0.000145967	531.15
31.1367	69.4917	135.934	8.56434	-281.525	-1.61212	12.1721	-3.8054	6.34494	30.7501	1371.43	1498.86	-90.1722	-88.1958	-0.000298575	532.522
31.1373	42.3447	-250.395	4.60117	-163.399	0.222814	15.2283	-2.89935	1.73044	30.7501	1371.16	1498.7	-90.4814	-88.6536	-0.000298575	534.056
31.1380	-46.7685	-612.927	4.29343	-120.383	0.524268	26.5047	-2.89935	10.2673	30.7501	1371.33	1498.54	-90.0258	-88.6536	-0.000298575	535.73
31.1387	-86.7462	-727.388	8.56434	-173.194	-0.0786402	13.7002	-3.20999	15.8047	30.7501	1371.92	1499.5	-89.5702	-88.3484	-0.000298575	537.102
31.1393	-25.7104	-375.216	11.0113	-308.698	-1.31067	-10.4069	-3.8054	31.667	30.7561	1372.35	1500.06	-89.2611	-88.0432	-0.000298575	537.87
31.1400	-23.8821	-60.5895	7.34837	-366.069	-1.91358	20.3923	-3.20999	51.5094	30.7501	1372.24	1499.9	-89.7167	-88.1958	-0.000298575	538.637
31.1407	-126.43	58.1408	-0.893213	-257.106	-2.83105	108.285	-0.155322	33.4552	30.7501	1372.08	1500.22	-89.5702	-87.8906	-0.000603745	539.544
31.1413	-150.835	200.981	-9.74278	-80.1198	-4.96744	156.209	4.11604	-0.115363	30.7501	1371.76	1499.9	-89.2611	-87.2803	-0.000451137	540.776
31.1420	-59.5829	301.378	-12.49	92.3071	-5.88491	113.791	4.11604	3.57624	30.7501	1371.92	1499.5	-89.4238	-87.5854	0.000159203	542.287
31.1427	9.0762	-1.69525	-8.21906	161.278	-5.58345	74.113	0.465967	27.687	30.7501	1371.6	1499.34	-89.7167	-88.3484	6.59448e-006	543.985
31.1433	6.02359	-569.604	-4.24839	37.0582	-4.96744	35.041	-1.68266	32.8783	30.7501	1370.84	1498.54	-90.937	-89.2639	0.000159203	545.798
31.1440	-18.3973	-546.436	-3.03242	-161.91	-4.66598	-40.0205	-0.155322	-0.115363	30.7432	1369.65	1497.82	-92.0108	-90.1794	0.000311811	547.333
31.1447	-31.5218	-231.81	-2.41693	-212.87	-4.96744	-69.3179	2.30395	-45.2798	30.7501	1369.17	1497.66	-92.1573	-90.4846	6.59448e-006	548.402
31.1453	-37.9209	-88.0275	-1.20096	-121.286	-5.26889	-57.7254	1.06137	-48.6253	30.7501	1371.16	1498.86	-90.7905	-89.4165	6.59448e-006	550.239
31.1460	-44.9402	308.661	0.330264	-61.207	-3.1325	-76.6423	-1.37201	-17.7658	30.7432	1373.27	1501.02	-88.9519	-87.4329	0.000311811	551.006
31.1467	-50.7353	645.012	-0.893213	-98.7167	1.44174	-99.2214	0.155322	-2.82638	30.7501	1373.27	1501.9	-88.2035	-86.0596	0.000159203	550.844
31.1473	-36.4027	459.727	-6.07985	-101.154	2.35921	-100.433	2.89935	-8.9406	30.7501	1374.19	1502.38	-87.5852	-86.9751	0.000311811	552.215
31.1480	3.28114	-5.65084	-11.882	-75.2449	0.222814	-111.736	1.9933	-11.7093	30.7501	1374.83	1502.7	-87.276	-76.7517	0.000464373	553.587
31.1487	21.8906	-349.912	-14.0137	-142.997	0.222814	-124.567	0.465967	-6.80639	30.7501	1374.08	1502.22	-87.7316	-87.738	0.000159203	554.355
31.1493	7.54173	-337.983	-15.5449	-155.771	1.14028	-114.186	0.465967	2.65334	30.7561	1373.16	1501.74	-88.4964	-133.667	6.59448e-006	556.029
31.1500	-7.10098	71.5773	-18.5923	-65.134	1.74319	-113.87	1.06137	14.5357	30.7561	1372.84	1501.34	-88.8055	47.9126	6.59448e-006	557.401
31.1507	-28.4692	280.595	-22.8633	-32.4993	3.27667	-118.744	0.155322	16.0931	30.7501	1373.16	1501.18	-88.3499	-238.8	0.000159203	558.772
31.1513	-50.4414	-29.1332	-25.9182	-114.876	6.63199	-54.0633	-1.96742	10.2673	30.7561	1373.27	1501.18	-88.3499	-176.849	0.000616981	560.772
31.1520	-52.8737	-81.9371	-20.7316	-254.984	8.15237	83.5715	-3.49475	2.36493	30.7501	1373.27	1501.58	-88.4964	2731.93	0.000311811	561.516
31.1527	-54.702	225.092	-7.91132	-308.382	5.71452	237.067	-3.49475	-9.22901	30.7501	1373.16	1501.74	-88.3499	4999.85	6.59448e-006	561.516
31.1533	-76.3804	274.505	9.17983	-232.686	3.27667	343.586	-2.5887	-13.209	30.7501	1374.08	1502.22	-87.4388	4999.85	0.000159203	562.748
31.1540	-104.148	147.55	39.3915	-139.296	2.35921	342.98	-1.68266	-5.249	30.7501	1375.86	1503.74	-86.2185	4869.84	0.000159203	564.26
31.1547	-124.292	132.292	68.6873	-95.3764	0.825722	223.05	-0.750724	-1.32667	30.7501	1376.18	1504.38	-85.7466	4999.85	-0.000145967	565.19
31.1553	-100.181	176.871	88.5257	-66.6687	-0.393201	32.9069	0.465967	-4.67219	30.7501	1374.83	1503.42	-87.1296	4968.41	-0.000145967	566.561
31.1560	-28.7631	200.04	105.001	-15.708	-0.694655	-119.06	1.37201	-1.61508	30.7432	1373.59	1502.38	-88.9519	4968.26	6.59448e-006	568.398
31.1567	0.228537	126.83	88.8259	35.8395	-0.0786402	-116.004	1.06137	9.97887	30.7432	1372.08	1501.5	-89.8794	4973.91	-0.000451137	569.607
31.1573	-6.79082	-23.6707	65.6324	49.8774	1.14028	-31.774	1.06137	18.5157	30.7432	1370.68	1500.38	-90.937	4971.62	-0.000603745	570.537
31.1580	22.2008	-119.17	54.6511	22.1176	2.35921	-39.0984	2.30395	18.2273	30.7432	1370.57	1500.22	-91.2461	4971.47	-0.000298575	571.746
31.1587	94.5165	-307.468	-11.5742	-36.7874	3.57813	-125.173	2.5887	11.4786	30.7432	1371.16	1501.5	-90.4814	4972.38	6.59448e-006	573.118
31.1593	165.934	-459.727	-81.1548	-106.029	3.57813	-159.66	3.20999	5.99886	30.7432	1372.08	1502.86	-89.8794	4973.14	6.59448e-006	574.49
31.1600	155.258	-72.2051	-63.1479	-109.414	2.35921	-111.736	5.04797	5.07595	30.7501	1372.84	1503.58	-89.5702	4973.6	0.000159203	575.257
31.1607	89.6356	337.041	-18.2846	-1.98607	0.524268	-48.267	6.57531	10.2673	30.7432	1372.68	1503.26	-89.5702	4973.75	0.000159203	576.164
31.1613	51.1924	242.735	1.54623	146.653	-1.31067	8.50996	7.48136	15.1702	30.7373	1372.51	1503.02	-89.5702	4973.91	0.000159203	577.536
31.1620	46.6053	82.2511	4.60117	244.918	-4.04997	49.6897	5.95402	5.42204	30.7373	1372.68	1503.42	-89.4238	4973.91	6.59448e-006	578.606
31.1627	32.5666	-125.888	-3.03242	226.276	-6.18636	67.1048	2.5887	-14.4203	30.7373	1372.08	1503.74	-89.7167	4973.6	0.000311811	580.442
31.1633	3.57498	-232.375	-10.0505	90.5015	-5.58345	71.979	2.30395	-23.3032	30.7432	1370.84	1503.18	-90.6441	4972.84	0.000616981	582.117
31.1640	-31.8157	33.0888	-13.4057	-48.6587	-4.66598	72.5849	4.11604	-25.7259	30.7373	1369.92	1502.22	-91.7017	4971.47	-0.000298575	582.744
31.1647	-97.1284	213.79	-15.8452	-104.223	-4.04997	59.1745	5.04797	-34.8972	30.7373	1369.49	1501.9	-92.32	4970.4	-0.000145967	583.488
31.1653	-149.006	138.383	-18.2846	-66.3979	-3.44706	1.47541	4.73733	-38.8195	30.7373	1370.08	1503.02	-91.5552	4971.62	0.000464373	584.86
31.1660	-142.591	-10.8622	-20.1161	48.6587	-2.52959	-54.6692	4.42668	-25.0914	30.7314	1372.24	1505.26	-89.5702	4973.91	0.000311811	585.627
31.1667	-104.752	-83.7579	-21.6473	153.65	-0.393201	-82.1224	4.11604	-2.82638	30.7255	1374.19	1507.25	-88.0408	4975.28	0.000311811	586.557
31.1673	-66.9125	3.51608	-20.4238	180.191	2.66066	-109.602	4.11604	15.8047	30.7314	1374.51	1508.05	-87.4388	4976.04	0.000311811	587.627
31.1680	34.101	104.54	-17.0686	193.642	4.4956	-103.49	4.42668	24.9183	30.7314	1374.67	1508.21	-87.276	4976.04	6.59448e-006	588.836
31.1687	157.397	71.8912	-13.7135	220.815	4.19414	-87.945	4.11604	32.8783	30.7314	1374.83	1508.45	-87.8943	4975.28	-0.000145967	590.371
31.1693	121.386	-79.1745	-11.2665	173.194	2.35921	-80.3045	3.52064	44.1839	30.7255	1373.92	1507.89	-88.3499	4974.67	0.000159203	591.115
31.1700	17.6137	-147.236	-8.5193	40.1276	0.825722	-16.2295	2.30395	43.261	30.7255	1372.68	1506.77	-88.8055	4974.21	0.000159203	591.58
31.1707	6.33375	-156.089	-6.68784	-77.0504	0.222814	47.2658	1.9933	29.8212	30.7255	1372.84	1507.25	-88.9519	4973.91	-0.000451137	592.812
31.1713	37.1536	-229.926	-6.99559	-50.1934	1.44174	85.0996	3.20999	22.2073	30.7255	1373.16	1507.89	-88.9519	4974.37	-0.000145967	594.323
31.1720	57.9016	-152.761	-7.60357	115.508	2.96211	161.399	4.42668	22.4957	30.7255	1372.84	1508.05	-88.9519	4974.37	6.59448e-006	595.556
31.1727	59.7299	-105.106	-6.07985	191.791	2.96211	201.973	5.95402	27.9754	30.7196	1373.27	1508.77	-88.2035	4974.82	-0.000298575	596.625
31.1733	47.8296	-270.236	-4.85638	101.786	1.74319	183.978	6.57531	36.8584	30.7196	1374.83	1510.45	-86.8205	4976.5	-0.000145967	597.695
31.1740	25.5472	-182.334	-4.55614	11.7359	0.524268	161.399	4.42668	25.5528	30.7196	1375.75	1511.41	-86.0557	4977.42	-0.000145967	598.764
31.1747	-3.13423	190.245	-5.16412	-19.0933	0.524268	145.223	1.37201	2.65334	30.7196	1376.02	1511.73	-86.2185	4977.11	-0.000145967	599.834
31.1753	-10.1536	419.166	-4.24839	-54.4815	0.222814	189.459	-1.37201	-2.82638	30.7196	1375.27	1511.41	-87.1296	4975.59	6.59448e-006	600.88
31.1760	3.88513	388.024	-2.72468	-108.512	-0.0786402	230.665	-3.20999	2.36493	30.7127	1372.84	1509.25	-88.9519	4973.45	-0.000451137	602.112
31.1767	13.6469	170.153	-3.33266	-127.424	0.524268	169.646	-4.73733	5.07595	30.7068	1371.16	1507.73	-90.3349	4972.53	-0.000603745	603.647
31.1773	14.2673	-248.26	-3.03242	-106.661	0.825722	64.6546	-5.02209	-0.115363	30.7127	1371	1507.57	-90.937	4972.23	-0.000145967	604.717
31.1780	16.4057	-481.137	-0.893213	-100.251	1.44174	-53.4573	-1.68266	-7.7293	30.7127	1371.33	1507.57	-90.937	4972.23	6.59448e-006	605.926
31.1787	21.2866	-91.7319	1.85398	-112.439	1.44174	-141.35	1.68266	-5.249	30.7127	1372.24	1508.61	-89.7167	4973.3	0.000159203	607.297
31.1793	20.6663	325.802	8.2641	-79.1719	1.14028	-196.572	1.68266	4.49914	30.7127	1372.24	1509.41	-89.4238	4973.75	-0.000145967	607.902
31.1800	14.8712	127.081	14.6742	24.2842	1.14028	-283.542	1.37201	3.86465	30.7127	1372.08	1509.25	-89.5702	4973.45	-0.000451137	608.972
31.1807	10.5943	-242.484	16.5057	148.459	0.524268	-288.127	2.5887	-5.88349	30.7127	1372.08	1509.41	-89.2611	4973.14	-0.000145967	609.599
31.1813	8.16205	-193.949	19.2454	201.27	0.222814	-194.754	2.5887	-7.44089	30.7127	1371.6	1508.29	-89.8794	4972.99	0.000464373	609.902
31.1820	3.28114	39.4931	20.4688	142.997	0.222814	-126.991	0.776611	3.28783	30.7196	1371.76	1508.05	-90.4814	4972.84	0.000311811	611.878
31.1827	-2.53023	2.88821	7.04062	121.602	0.222814	-78.7764	-0.465967	18.5157	30.7196	1371.76	1508.93	-90.7905	4972.53	6.59448e-006	613.552
31.1833	-3.73822	-364.856	-10.6585	212.87	-0.0786402	-54.3531	-1.68266	25.8412	30.7127	1370.57	1508.05	-91.3925	4972.08	6.59448e-006	614.622
31.1840	-4.96252	-530.551	-14.6292	225.69	-0.694655	-54.0633	-1.96742	14.8818	30.7196	1369.65	1506.37	-92.1573	4970.86	0.000311811	615.993
31.1847	-9.23944	-241.856	-14.9294	69.1062	-0.694655	38.4134	-0.750724	-5.249	30.7127	1369.33	1506.05	-92.32	4970.4	0.000311811	616.924
31.1853	-14.4305	32.5237	-15.5449	-88.6509	-0.393201	215.094	0.776611	-16.5545	30.7127	1370.41	1507.41	-91.2461	4972.23	0.000464373	617.83
31.1860	-15.6385	284.551	-9.13479	-170.125	0.222814	262.412	1.37201	-18.6887	30.7196	1372.68	1509.89	-89.1146	4974.52	0.000311811	618.737
31.1867	-11.9819	395.935	-3.33266	-171.976	0.222814	136.054	0.155322	-21.7459	30.7127	1373.92	1510.93	-87.8943	4975.59	-0.000145967	619.202
31.1873	-8.32529	162.807	-2.41693	-63.9153	-0.0786402	-27.822	-1.68266	-18.1119	30.7196	1374.08	1510.61	-88.2035	4974.98	-0.000145967	619.667
31.1880	0.522371	107.554	-3.64041	55.3842	0.825722	-52.825	-2.89935	0.519132	30.7255	1373.92	1510.45	-88.4964	4974.37	-0.000145967	620.411
31.1887	11.5085	273.312	-4.24839	128.011	0.825722	150.097	-3.49475	23.707	30.7196	1373.43	1510.29	-88.3499	4974.67	0.000159203	621.806
31.1893	10.3005	217.746	-3.33266	131.667	0.825722	278.589	-4.11604	29.5328	30.7127	1373.16	1509.57	-88.8055	4974.52	0.000311811	623.48
31.1900	2.36699	-1.38132	-2.72468	106.977	1.14028	186.113	-3.20999	27.0525	30.7196	1372.84	1509.25	-89.2611	4974.21	0.000311811	624.992
31.1907	-1.59976	-144.222	-0.893213	303.507	0.825722	183.056	0.155322	21.8612	30.7196	1372.51	1509.25	-89.4238	4973.91	0.000159203	625.759
31.1913	-2.22008	-285.807	2.46197	652.017	0.825722	310.943	2.89935	-12.9206	30.7196	1372.35	1509.09	-89.1146	4973.45	-0.000298575	626.526
31.1920	-0.391778	-498.215	3.07746	772.536	-0.0786402	411.64	2.89935	-46.7795	30.7314	1372.35	1508.29	-88.9519	4973.91	-0.000298575	627.433
31.1927	0.832529	-344.073	2.46197	626.063	-0.996109	422.02	1.9933	-32.763	30.7255	1373.16	1508.77	-88.3499	4974.82	-0.000451137	628.2
31.1933	-0.0816205	252.844	2.16173	319.983	-0.694655	205.635	1.37201	-14.4203	30.7255	1374.35	1510.13	-86.8205	4976.04	-0.000298575	628.968
31.1940	-1.30593	721.863	0.938249	-74.0262	-0.694655	-122.406	0.465967	-36.6853	30.7255	1375.1	1510.61	-85.9093	4977.11	-0.000145967	630.037
31.1947	-1.59976	601.375	0.330264	-327.611	-0.694655	-303.697	1.37201	-62.6419	30.7255	1375.27	1510.45	-86.0557	4976.96	-0.000298575	630.944
31.1953	-0.685612	-92.297	0.022518	-227.811	-0.393201	-337.869	2.5887	-57.7967	30.7255	1374.19	1509.09	-87.276	4975.89	-0.000298575	632.176
31.1960	0.228537	-356.003	-1.5012	145.434	-0.0786402	-213.961	1.37201	-35.8201	30.7314	1372.84	1506.53	-89.1146	4974.52	-0.000298575	633.688
31.1967	0.832529	55.0643	-2.41693	378.256	-0.393201	8.50996	-1.37201	-6.1719	30.7314	1371.6	1505.1	-90.1722	4973.14	-0.000451137	634.92
31.1973	3.28114	274.819	-2.41693	242.481	-0.694655	107.679	-3.49475	35.5894	30.7314	1370.41	1504.22	-90.7905	4972.69	-0.000298575	635.059
31.1980	4.48913	259.562	-1.5012	49.6066	-0.996109	92.7401	-4.11604	65.8144	30.7314	1369.92	1503.42	-90.937	4972.69	0.000311811	635.687
31.1987	1.14269	98.3873	-0.893213	-83.46	-1.91358	-4.00469	-3.8054	57.5659	30.7314	1371	1503.74	-90.3349	4972.84	0.000159203	637.361
31.1993	0.228537	-323.039	-3.03242	-306.848	-1.91358	-217.939	-1.37201	35.9355	30.7255	1371.43	1503.9	-89.7167	4973.6	0.000159203	637.966
31.2000	5.71343	-583.983	-4.85638	-488.754	-0.694655	-303.697	1.37201	29.5328	30.7255	1371.6	1503.9	-89.5702	4974.21	0.000311811	638.57
31.2007	13.3531	-231.182	-2.72468	-564.134	-0.393201	-137.687	0.776611	17.3044	30.7314	1371.92	1503.9	-89.4238	4973.91	6.59448e-006	640.105
31.2013	19.1482	186.917	0.630503	-567.79	-0.0786402	20.1025	-1.37201	-9.8635	30.7314	1372.08	1503.42	-89.1146	4973.75	-0.000145967	641.012
31.2020	22.8048	42.2557	3.07746	-470.743	1.14028	-68.106	-1.06137	-22.6688	30.7314	1371.76	1503.26	-89.5702	4973.91	0.000159203	641.477
31.2027	16.4057	-80.9953	3.3777	-318.132	2.35921	-250.583	-0.750724	-18.4003	30.7373	1371.76	1503.18	-90.0258	4973.3	0.000311811	643.616
31.2033	17.3199	129.844	1.85398	-224.155	2.05775	-204.819	0.465967	-15.0548	30.7373	1370.68	1501.58	-91.0997	4971.77	0.000616981	645.29
31.2040	31.0484	264.71	1.85398	-218.061	0.825722	-17.4415	2.5887	0.519132	30.7314	1368.57	1499.34	-92.922	4970.4	0.000311811	644.988
31.2047	13.9571	272.056	2.46197	-199.735	0.222814	63.1265	2.5887	29.8212	30.7373	1368.25	1498.86	-92.922	4970.4	6.59448e-006	645.592
31.2053	-10.7576	188.11	1.24599	-213.773	0.524268	86.6277	-0.155322	40.2039	30.7373	1370.08	1500.22	-91.2461	4971.92	0.000464373	646.522
31.2060	-10.7576	45.8974	1.24599	-256.519	0.222814	135.764	-1.96742	28.6099	30.7373	1371.6	1501.74	-89.7167	4973.6	0.000311811	646.662
31.2067	-10.7576	30.3889	1.85398	-216.843	-0.0786402	120.799	-1.37201	16.6699	30.7373	1372.68	1502.86	-88.4964	4975.28	0.000464373	647.429
31.2073	-7.10098	18.7733	1.85398	-154.868	-0.393201	-10.1171	-1.06137	10.9018	30.7373	1373.59	1504.06	-87.8943	4975.74	0.000311811	648.499
31.2080	10.5943	-207.386	2.76971	-139.928	-0.393201	-136.159	-2.27806	12.7476	30.7373	1374.08	1504.38	-87.4388	4975.59	-0.000451137	649.405
31.2087	35.6192	-420.046	3.07746	-181.409	-0.393201	-110.208	-3.49475	8.76756	30.7314	1373.59	1504.38	-87.4388	4975.74	-0.000298575	650.638
31.2093	30.1343	-372.767	1.85398	-238.78	0.524268	32.0111	-2.5887	-14.1319	30.7373	1373.16	1504.06	-88.4964	4974.67	-0.000451137	651.544
31.2100	-13.8102	-121.932	-0.585468	-214.089	1.44174	129.968	0.155322	-31.8401	30.7373	1372.68	1503.02	-89.2611	4973.91	-0.000451137	652.312
31.2107	-28.1591	172.288	-3.33266	-98.4007	0.825722	130.258	-0.155322	-33.9743	30.7314	1372.68	1503.18	-88.8055	4974.52	6.59448e-006	653.381
31.2113	-34.8683	284.551	-4.55614	-15.1212	0.222814	74.719	-2.27806	-35.1856	30.7314	1372.51	1503.42	-88.9519	4974.52	6.59448e-006	654.451
31.2120	-65.0842	341.311	-6.3876	-2.57286	0.825722	-27.2161	-2.5887	-33.6859	30.7373	1372.24	1503.42	-89.2611	4974.37	6.59448e-006	655.358
31.2127	-58.6688	413.641	-15.2372	18.4614	-0.0786402	-104.412	-2.89935	-21.169	30.7373	1373.16	1504.7	-88.2035	4975.43	0.000159203	656.288
31.2133	-63.566	143.594	-23.779	15.392	-0.694655	-87.3127	-4.73733	-7.7293	30.7314	1374.51	1505.89	-86.674	4976.65	0.000159203	657.055
31.2140	-69.3611	-129.53	-19.8158	-16.6108	-0.996109	-89.7629	-6.23878	-6.1719	30.7373	1375.1	1506.77	-86.2185	4976.81	-0.000298575	657.055
31.2147	-1.59976	-62.7243	-4.85638	48.9747	-0.694655	-181.001	-5.64338	-12.5745	30.7373	1374.83	1506.93	-86.3649	4976.81	-0.000298575	657.66
31.2153	-11.0677	-115.214	10.3958	199.419	-0.694655	-179.183	-1.06137	-11.7093	30.7373	1373.43	1506.37	-87.5852	4975.43	-0.000298575	658.869
31.2160	-110.253	-223.836	14.9745	300.754	-0.996109	-35.4362	3.20999	0.807538	30.7314	1371.76	1504.54	-89.8794	4973.45	-0.000298575	659.938
31.2167	-125.516	-62.7243	10.7035	352.618	-0.694655	5.13759	5.33273	-0.403769	30.7314	1371	1503.42	-90.6441	4972.38	-0.000451137	660.868
31.2173	-102.009	-101.464	6.12489	370.312	0.524268	-115.714	6.86007	-27.8601	30.7314	1370.57	1503.58	-90.4814	4972.23	-0.000298575	661.612
31.2180	-111.477	-388.338	4.60117	245.505	0.524268	-174.309	7.48136	-59.9309	30.7255	1370.68	1504.38	-90.4814	4972.99	0.000159203	662.542
31.2187	-133.139	-359.958	3.3777	22.1176	0.222814	-130.047	6.26466	-73.3129	30.7255	1371.43	1505.1	-90.1722	4973.45	-0.000145967	663.31
31.2193	-146.868	-246.753	0.938249	-37.0582	0.222814	-133.103	2.89935	-54.3935	30.7314	1371.76	1505.89	-89.8794	4973.6	-0.000451137	664.054
31.2200	-124.292	-294.032	-0.285228	77.3664	0.222814	-166.353	-0.465967	-26.9372	30.7255	1371.92	1506.37	-89.7167	4973.6	-0.000298575	664.681
31.2207	-63.2559	-318.456	-0.585468	138.709	-0.0786402	-152.02	-2.89935	-25.0914	30.7314	1372.08	1506.61	-89.4238	4974.21	-0.000145967	665.286
31.2213	-21.1397	-302.257	0.938249	201.27	-0.393201	-89.7629	-2.89935	-37.6082	30.7373	1372.08	1506.77	-89.1146	4974.52	0.000159203	666.356
31.2220	-24.5025	-31.5819	6.12489	313.889	0.524268	6.37588	-1.37201	-34.5511	30.7373	1371.6	1506.77	-89.8794	4973.3	6.59448e-006	666.96
31.2227	9.99035	392.294	12.2273	291.004	2.35921	95.77	1.06137	-9.5751	30.7314	1370.57	1506.37	-90.7905	4972.23	6.59448e-006	667.727
31.2233	75.303	384.069	11.3115	156.719	2.96211	153.153	1.37201	12.7476	30.7314	1369.65	1505.89	-91.5552	4971.62	0.000464373	669.262
31.2240	74.3889	64.859	4.90892	107.248	2.35921	187.035	0.776611	16.3815	30.7314	1369.17	1505.57	-92.32	4970.7	0.000311811	670.169
31.2247	31.0484	-54.4992	0.630503	150.896	2.05775	204.423	0.155322	9.69046	30.7314	1369.17	1505.73	-92.1573	4970.7	0.000159203	670.471
31.2253	13.6469	-5.65084	-2.41693	-8.39565	2.05775	212.064	0.155322	-6.80639	30.7373	1369.92	1506.77	-91.2461	4972.08	0.000311811	670.936
31.2260	28.91	223.208	-5.16412	-416.397	2.05775	186.113	1.9933	-20.823	30.7432	1372.08	1509.09	-89.7167	4973.6	0.000311811	671.378
31.2267	34.4112	541.225	-2.72468	-551.901	2.35921	90.606	4.11604	-21.169	30.7432	1373.27	1511.41	-88.0408	4975.13	0.000464373	671.843
31.2273	-3.73822	441.77	1.54623	-239.096	1.74319	-38.2026	5.64338	-13.209	30.7432	1373.43	1511.97	-87.4388	4976.04	0.000311811	672.61
31.2280	-10.7576	243.363	-0.893213	81.9253	0.825722	-123.039	7.792	4.21074	30.7432	1373.59	1512.13	-87.5852	4975.74	0.000311811	673.517
31.2287	66.7492	433.482	-7.30333	122.549	-0.0786402	-152.336	5.95402	23.1302	30.7501	1373.27	1512.45	-88.0408	4974.82	0.000616981	674.447
31.2293	120.766	331.579	-11.5742	1.08331	-0.0786402	-142.562	-1.68266	40.2039	30.7501	1372.51	1512.13	-88.8055	4974.06	6.59448e-006	674.749
31.2300	101.242	-261.697	-11.882	-142.049	0.222814	-90.9749	-6.54942	54.5088	30.7561	1371.76	1511.73	-89.2611	4974.06	-0.000298575	675.354
31.2307	75.907	-517.114	-5.77211	-218.964	0.222814	-29.6399	-5.64338	56.9891	30.7561	1372.24	1511.97	-88.9519	4974.37	0.000464373	676.888
31.2313	62.7825	-182.648	5.82465	-182.944	0.524268	17.9684	-2.5887	52.3746	30.7561	1372.51	1512.61	-88.6591	4974.21	0.000464373	677.632
31.2320	51.7963	205.816	19.8609	-113.071	1.14028	56.7243	-0.465967	42.6265	30.7561	1371.92	1512.61	-89.5702	4973.45	-0.000145967	677.795
31.2327	46.0013	364.542	31.4576	-48.6587	1.44174	53.6681	1.9933	28.2638	30.7561	1373.27	1513.41	-89.2611	4974.21	6.59448e-006	678.702
31.2333	41.1204	489.048	37.8677	6.545	1.74319	13.0679	5.33273	18.2273	30.7679	1374.83	1515.16	-87.1296	4976.5	-0.000145967	678.865
31.2340	40.2062	393.801	47.0175	147.24	1.74319	-15.5972	3.52064	12.1131	30.7679	1374.51	1516.44	-86.2185	4977.57	-0.000603745	678.865
31.2347	49.0539	53.5574	57.3983	337.677	0.825722	-22.9216	-1.96742	15.4586	30.7679	1375	1517	-86.2185	4977.26	-0.000298575	679.934
31.2353	54.245	-106.361	50.3802	260.762	0.825722	-7.06089	-3.49475	28.8983	30.7679	1374.19	1516.12	-87.4388	4975.43	-0.000145967	681.608
31.2360	46.3115	-253.471	22.3003	-0.451379	0.524268	24.0545	-3.20999	28.6099	30.7738	1372.24	1513.96	-89.2611	4973.75	-0.000298575	682.515
31.2367	36.5333	-534.192	-10.6585	-38.0061	-1.31067	85.4157	-5.33273	11.8247	30.7797	1371	1513.09	-90.4814	4973.14	-0.000145967	682.98
31.2373	32.2727	-472.849	-24.6947	178.972	-1.91358	159.555	-5.64338	8.13306	30.7797	1370.57	1512.77	-91.0997	4971.92	-0.000451137	683.445
31.2380	34.101	-239.093	-15.5449	364.85	-1.61212	166.59	-2.89935	15.1702	30.7738	1370.57	1512.93	-91.0997	4972.08	-0.000145967	683.747
31.2387	35.6192	-335.534	0.938249	254.668	-1.31067	157.131	0.155322	10.9018	30.7738	1371.16	1513.49	-90.3349	4972.99	0.000159203	684.212
31.2393	23.7189	-429.526	14.9745	-73.3943	-1.31067	211.142	1.37201	-0.403769	30.7797	1371	1513.49	-90.0258	4972.99	-0.000298575	684.515
31.2400	13.043	-318.142	1.54623	-308.698	-1.91358	256.616	0.776611	-5.249	30.7866	1371.43	1513.96	-90.1722	4972.84	-0.000603745	685.421
31.2407	31.3586	-245.184	-38.7309	-342.868	-3.1325	236.171	-0.155322	-5.249	30.7797	1372.51	1515.48	-89.5702	4973.45	-0.000603745	686.491
31.2413	70.112	-208.265	-51.8589	-282.157	-3.1325	150.097	0.776611	-9.22901	30.7866	1372.08	1515.48	-89.1146	4973.6	-0.000603745	686.491
31.2420	81.7021	-45.9601	-26.5262	-160.962	-3.1325	-8.27284	2.5887	-13.209	30.7866	1371	1514.28	-89.7167	4972.99	-0.000145967	687.258
31.2427	49.9681	122.812	-0.585468	45.0025	-2.83105	-162.084	3.20999	-11.9977	30.7866	1370.68	1513.41	-90.4814	4972.69	6.59448e-006	688.63
31.2433	18.234	125.888	5.82465	178.701	-2.83105	-196.572	2.30395	-16.5545	30.7797	1370.25	1512.93	-91.0997	4972.23	6.59448e-006	689.7
31.2440	-26.3308	113.707	1.85398	167.371	-3.44706	-149.886	1.06137	-22.3803	30.7866	1369	1512.13	-92.0108	4971.47	0.000464373	690.165
31.2447	-93.7656	157.596	-0.285228	103.005	-1.91358	-151.704	-0.750724	-19.3232	30.7925	1368.57	1511.57	-92.6128	4971.01	0.000464373	690.165
31.2453	-115.444	227.478	-0.285228	-58.4536	0.825722	-215.489	-3.49475	-18.6887	30.7866	1370.25	1513.25	-90.937	4972.53	0.000464373	690.769
31.2460	-99.2668	290.076	0.630503	-282.744	2.05775	-248.765	-5.33273	-20.5345	30.7866	1372.24	1515.64	-88.6591	4974.98	0.000616981	691.374
31.2467	-79.7269	165.883	-5.47187	-357.492	2.05775	-204.819	-5.02209	-16.5545	30.7866	1373.43	1516.28	-87.8943	4975.89	0.000311811	691.536
31.2473	-47.6827	-65.173	-26.8339	-234.221	2.66066	-153.548	-4.11604	-10.1519	30.7866	1373.92	1516.6	-87.5852	4975.89	-0.000451137	691.978
31.2480	-13.8102	-4.14395	-42.3939	-39.2249	3.27667	-145.618	-3.8054	-9.8635	30.7866	1373.75	1516.44	-87.1296	4976.2	-0.000298575	692.606
31.2487	10.5943	290.955	-28.3576	88.3349	3.57813	-141.033	-2.5887	-4.38378	30.7866	1373.27	1515.64	-87.5852	4975.74	0.000464373	693.815
31.2493	17.6137	420.987	3.68544	79.4879	3.87958	-145.618	-2.5887	20.0731	30.7866	1373.27	1515.32	-88.3499	4974.98	0.000311811	694.722
31.2500	26.7715	371.26	30.8421	12.0518	3.27667	-153.232	-3.49475	23.9954	30.7866	1373.16	1515.32	-88.4964	4974.37	-0.000451137	694.582
31.2507	41.1204	197.905	41.5232	-16.3399	2.66066	-120.272	-3.49475	-2.82638	30.7866	1372.84	1514.92	-88.6591	4974.06	-0.000298575	694.885
31.2513	33.7909	-98.4501	33.8971	-29.4299	1.14028	-65.6558	-3.49475	-17.7658	30.7866	1372.51	1514.6	-89.1146	4973.91	-0.000298575	695.652
31.2520	14.5611	-288.569	28.4027	-52.36	0.524268	-14.3853	-2.27806	-13.8435	30.7925	1372.51	1514.76	-89.1146	4974.21	-0.000451137	696.257
31.2527	6.02359	-282.416	36.6443	-55.7002	0.222814	32.6171	-0.750724	-6.51799	30.7866	1373.16	1515.64	-88.3499	4975.13	-0.000145967	696.419
31.2533	-4.04838	-242.484	35.1205	-29.7459	-0.996109	65.2606	0.465967	-0.403769	30.7797	1375	1517.32	-86.8205	4976.65	6.59448e-006	696.722
31.2540	-44.9402	-144.222	17.7217	45.0025	-1.91358	70.4509	1.9933	2.65334	30.7866	1375.86	1518.28	-85.7466	4977.88	-0.000298575	697.163
31.2547	-101.405	110.945	9.48007	110.001	-2.83105	48.188	1.37201	0.519132	30.7925	1375.1	1518.28	-86.0557	4977.11	-0.000298575	697.791
31.2553	-169.46	330.323	-0.893213	82.5573	-3.1325	24.9766	-0.155322	1.44203	30.7866	1373.59	1516.84	-87.4388	4975.13	-0.000145967	698.861
31.2560	-255.521	236.079	-45.7565	35.5687	-2.83105	19.1803	0.776611	15.8047	30.7797	1371.6	1514.44	-89.2611	4973.45	-0.000298575	699.163
31.2567	-328.147	0.753445	-76.5761	27.9404	-3.1325	19.7863	2.5887	35.9355	30.7866	1370.57	1513.41	-90.1722	4972.53	-0.000145967	699.465
31.2573	-389.787	-95.6875	-40.8701	26.7217	-3.74852	19.7863	3.52064	44.7607	30.7797	1369.92	1513.09	-90.7905	4972.08	6.59448e-006	700.232
31.2580	-333.632	-116.407	15.2822	33.718	-3.74852	29.5609	3.83128	38.3581	30.7797	1369.92	1512.77	-91.2461	4972.08	-0.000145967	701
31.2587	-130.397	-72.7702	36.6443	61.4779	-3.44706	62.5205	2.30395	25.2644	30.7866	1371.6	1514.12	-90.0258	4972.99	0.000159203	701.442
31.2593	-85.8321	30.075	28.4027	106.029	-2.52959	97.2981	-0.750724	15.4586	30.7866	1372.08	1514.92	-89.4238	4973.6	6.59448e-006	701.604
31.2600	-169.15	-1.06738	10.7035	160.375	-0.393201	83.5715	-2.89935	7.84466	30.7866	1371.76	1514.6	-89.7167	4973.45	-0.000145967	702.209
31.2607	-87.3665	-212.848	-4.24839	208.582	1.74319	50.0059	-2.89935	-2.53798	30.7866	1372.08	1514.76	-89.7167	4973.75	-0.000145967	702.372
31.2613	121.386	-333.085	-10.9663	207.364	2.66066	36.8853	-2.27806	-7.0948	30.7866	1371.92	1514.6	-89.5702	4974.06	6.59448e-006	702.674
31.2620	279.762	-131.351	-12.1822	175.632	4.19414	17.3624	-1.68266	2.36493	30.7797	1371.33	1514.12	-89.5702	4973.75	0.000159203	703.278
31.2627	244.062	54.7503	-8.5193	149.091	5.71452	27.7166	-0.750724	18.2273	30.7797	1371.43	1513.25	-90.1722	4972.84	0.000159203	704.65
31.2633	142.428	-25.4916	-4.85638	79.8039	6.31743	60.9924	0.465967	25.8412	30.7797	1371.33	1512.29	-91.0997	4971.77	0.000311811	705.883
31.2640	136.029	-64.859	-5.77211	-20.5829	6.93344	28.349	0.465967	16.3815	30.7797	1369.49	1511.09	-92.0108	4970.86	6.59448e-006	705.417
31.2647	138.461	-105.419	-6.68784	-84.3628	7.2349	-8.589	-0.155322	5.99886	30.7797	1368.73	1510.45	-92.0108	4971.16	-0.000145967	705.255
31.2653	121.68	-105.106	-2.72468	-117.359	6.93344	24.6868	-0.750724	1.15363	30.7797	1370.57	1511.25	-90.7905	4972.99	0.000464373	705.883
31.2660	120.162	26.1194	3.99319	-65.766	6.63199	55.1962	-0.750724	-15.0548	30.7797	1372.68	1512.77	-88.8055	4974.98	0.000464373	706.185
31.2667	119.248	54.4992	5.82465	57.2349	6.31743	52.14	0.155322	-30.9172	30.7797	1373.75	1514.12	-87.5852	4975.89	-0.000145967	706.022
31.2673	117.713	19.0873	1.85398	101.154	5.09851	28.349	1.68266	-24.803	30.7797	1373.92	1514.12	-87.4388	4975.89	0.000159203	706.185
31.2680	113.142	8.09953	-2.11669	117.043	3.57813	-17.4415	2.89935	-15.6316	30.7797	1373.75	1513.41	-87.7316	4975.59	0.000464373	707.254
31.2687	83.5304	-77.6676	-6.68784	73.3943	2.05775	-74.1921	3.20999	-28.4946	30.7797	1373.75	1513.09	-87.5852	4974.98	-0.000451137	708.161
31.2693	20.6663	-272.998	-10.3508	-70.9568	1.44174	-119.06	2.89935	-50.7596	30.7797	1373.16	1511.73	-88.6591	4973.91	6.59448e-006	708.626
31.2700	-22.6578	-202.174	-6.3876	-116.727	1.74319	-49.4789	2.5887	-54.3935	30.7866	1372.51	1510.29	-89.4238	4973.45	0.000616981	708.626
31.2707	7.85189	194.828	-2.11669	-129.546	1.44174	125.99	1.68266	-46.7795	30.7925	1372.68	1510.13	-88.8055	4974.06	0.000159203	708.626
31.2713	49.6579	330.323	-3.03242	-142.681	1.74319	209.298	0.465967	-35.474	30.7866	1372.24	1509.73	-88.8055	4974.21	6.59448e-006	709.068
31.2720	51.7963	161.3	-0.585468	-1.35414	2.35921	155.893	0.155322	-13.4974	30.7866	1372.24	1509.41	-88.8055	4974.37	0.000159203	709.533
31.2727	51.1924	150.626	-0.585468	141.146	1.74319	67.7108	0.465967	-3.11479	30.7925	1373.27	1509.89	-87.7316	4975.28	6.59448e-006	709.533
31.2733	56.0733	218.687	-23.4787	177.166	1.14028	0.869438	1.06137	-9.5751	30.7925	1374.67	1510.61	-86.674	4976.5	-0.000145967	709.533
31.2740	49.3641	168.897	-55.2141	301.341	1.74319	4.84778	2.30395	-14.1319	30.7925	1375.75	1511.41	-85.7466	4977.88	0.000311811	709.998
31.2747	38.3779	180.199	-57.3533	565.623	2.05775	42.6815	4.11604	-29.3598	30.7985	1375.1	1510.77	-86.3649	4976.96	0.000159203	710.44
31.2753	26.7715	211.655	-37.515	730.738	1.44174	-3.08255	6.26466	-50.1251	30.7925	1373.16	1508.93	-88.0408	4974.52	-0.000756307	710.905
31.2760	19.7522	118.856	-21.9475	579.075	0.524268	-59.5434	6.26466	-40.3769	30.7866	1371.76	1506.61	-89.5702	4972.99	-0.000603745	711.672
31.2767	38.0678	95.6875	-3.64041	239.096	-0.694655	0.263466	4.73733	-6.1719	30.7925	1371	1505.1	-90.4814	4972.38	6.59448e-006	711.974
31.2773	62.1785	279.968	24.7398	5.64224	-0.694655	68.6329	4.11604	11.8247	30.7985	1370.68	1504.22	-90.7905	4972.08	-0.000298575	711.974
31.2780	58.2117	405.102	41.2229	-154.868	-0.393201	42.3654	4.11604	13.6705	30.7985	1370.57	1503.74	-90.7905	4972.08	-0.000298575	712.439
31.2787	35.6192	258.62	36.952	-354.152	-0.694655	15.8343	3.20999	27.0525	30.7985	1370.84	1503.9	-90.1722	4972.69	6.59448e-006	712.439
31.2793	24.6331	8.97855	26.5712	-490.875	-0.694655	51.2178	1.68266	52.3746	30.7925	1371.43	1504.38	-89.7167	4973.14	0.000159203	712.439
31.2800	50.572	-196.963	18.9451	-470.743	-0.393201	88.1558	-1.96742	72.5631	30.7985	1371.92	1504.38	-89.7167	4973.45	0.000159203	713.346
31.2807	59.7299	-327.937	13.7585	-292.494	-0.0786402	137.582	-6.23878	75.9086	30.7985	1371.76	1503.9	-89.5702	4973.75	0.000159203	713.509
31.2813	2.36699	-308.096	10.0956	-110.949	-0.393201	228.531	-8.07676	67.6602	30.7985	1371.92	1503.58	-89.2611	4973.75	0.000159203	713.509
31.2820	-50.4414	-380.678	6.74038	-72.1756	-0.0786402	287.125	-6.86007	55.1433	30.7925	1371.76	1503.18	-89.5702	4973.6	0.000159203	713.648
31.2827	-47.3888	-369.125	-3.03242	-127.424	0.222814	243.495	-3.49475	32.5899	30.7925	1370.57	1501.9	-90.7905	4972.38	6.59448e-006	714.113
31.2833	-24.1923	-13.2481	-14.3214	-129.862	0.524268	146.434	0.155322	5.42204	30.7985	1369.76	1500.7	-91.8644	4970.86	0.000311811	715.485
31.2840	-12.292	-19.7151	-11.2665	-102.102	0.524268	63.7325	2.30395	-11.7093	30.7925	1369.92	1500.22	-92.1573	4970.4	0.000616981	716.857
31.2847	-4.04838	-388.652	-0.893213	-154.281	0.524268	-92.8191	3.83128	-15.3432	30.7985	1369.33	1499.9	-92.1573	4970.86	0.000311811	716.09
31.2853	2.66083	-369.439	5.20916	-242.165	0.825722	-357.392	4.73733	-5.249	30.7985	1369.49	1500.06	-91.0997	4972.23	0.000464373	714.416
31.2860	0.832529	-137.818	7.95635	-309.917	0.222814	-585.685	4.42668	13.9589	30.7985	1371.33	1501.58	-89.7167	4973.6	0.000464373	714.253
31.2867	-3.73822	54.4992	7.64861	-304.094	-0.0786402	-553.621	1.9933	26.1296	30.8044	1372.84	1503.26	-88.4964	4974.98	6.59448e-006	714.881
31.2873	-6.49699	396.249	4.90892	-240.63	0.825722	-221.601	-1.37201	20.996	30.8044	1373.59	1503.42	-87.5852	4975.59	0.000159203	715.323
31.2880	-4.04838	347.464	1.54623	-267.803	-1.31067	94.8742	-4.11604	9.69046	30.7985	1373.59	1503.26	-87.7316	4975.13	0.000159203	715.95
31.2887	-5.27268	-437.5	-0.585468	-323.007	-4.66598	190.697	-6.23878	6.92176	30.8044	1373.16	1503.02	-88.4964	4974.52	0.000159203	716.392
31.2893	-24.1923	-1033.48	-1.20096	-243.384	-6.48781	170.542	-5.64338	-2.24957	30.8044	1373.27	1501.9	-88.8055	4974.21	0.000464373	717.322
31.2900	-40.9735	-820.753	-0.285228	-85.8975	-6.48781	126.306	-3.20999	-25.4375	30.7985	1373.16	1501.74	-88.4964	4974.67	0.000311811	717.322
31.2907	-31.8157	-322.726	0.330264	33.718	-5.88491	46.9497	-2.27806	-33.3398	30.7985	1371.92	1501.5	-88.3499	4974.67	-0.000145967	716.09
31.2913	-17.7769	-88.6553	0.330264	49.8774	-6.18636	-34.2243	-1.37201	-26.0143	30.7985	1371.33	1500.38	-89.2611	4973.45	6.59448e-006	716.392
31.2920	-14.4305	131.664	0.330264	-23.6523	-5.58345	-60.7816	-0.750724	-27.5717	30.8044	1371.92	1500.54	-89.4238	4973.75	-0.000145967	717.159
31.2927	-14.7243	473.791	0.022518	-56.0162	-2.52959	-58.6476	-1.37201	-32.1285	30.8044	1373.16	1501.74	-88.0408	4975.28	-0.000145967	717.02
31.2933	-28.1591	553.405	-0.893213	-5.95821	2.35921	-79.3824	-1.37201	-22.6688	30.7985	1374.35	1502.7	-86.8205	4976.2	0.000159203	717.02
31.2940	-37.3169	354.182	-1.5012	43.197	6.01597	-110.524	-0.465967	-11.3632	30.7985	1375.1	1503.18	-86.3649	4976.96	6.59448e-006	717.322
31.2947	-13.2062	223.208	-2.11669	53.2628	7.2349	-89.157	1.37201	-11.3632	30.7985	1374.67	1502.7	-86.8205	4976.2	-0.000451137	717.624
31.2953	9.38635	234.824	-1.80894	84.9947	6.01597	-50.6909	3.20999	-12.5745	30.7985	1372.84	1501.02	-88.3499	4974.52	-0.000145967	717.927
31.2960	20.0623	247.318	0.330264	141.146	4.4956	-47.0287	4.11604	-18.6887	30.8044	1371.33	1499.02	-89.7167	4972.84	6.59448e-006	718.531
31.2967	27.0817	234.196	2.16173	134.737	3.57813	11.5662	4.42668	-33.6859	30.8044	1370.68	1497.82	-90.6441	4971.92	-0.000298575	719.136
31.2973	20.0623	239.093	2.16173	167.371	2.66066	89.9737	2.5887	-32.1285	30.7985	1370.68	1497.98	-90.7905	4972.53	-0.000145967	719.601
31.2980	11.2147	214.983	0.630503	236.974	2.66066	74.719	-1.96742	-8.6522	30.7985	1371.16	1498.86	-90.3349	4973.45	0.000159203	719.601
31.2987	7.54173	140.517	0.330264	120.067	3.27667	35.3572	-2.5887	6.92176	30.8044	1371.76	1499.34	-89.5702	4973.6	6.59448e-006	719.763
31.2993	5.4196	127.081	2.76971	-56.287	2.66066	32.301	1.9933	13.6705	30.8044	1372.24	1499.66	-89.1146	4973.75	-0.000298575	720.066
31.3000	5.4196	161.865	3.07746	-74.613	2.35921	25.2928	5.64338	27.3986	30.8044	1372.24	1499.82	-89.4238	4973.91	6.59448e-006	720.066
31.3007	4.48913	130.785	0.938249	2.88883	2.66066	-16.8355	5.04797	35.0126	30.8103	1371.6	1499.34	-89.8794	4973.3	-0.000145967	719.601
31.3013	2.36699	111.824	-1.5012	93.8418	1.74319	-91.291	3.20999	34.7241	30.8103	1371.43	1499.34	-89.7167	4973.3	-0.000298575	719.601
31.3020	2.05684	179.571	-3.03242	119.796	1.44174	-150.492	1.37201	44.7607	30.8103	1371.6	1499.66	-89.8794	4973.45	6.59448e-006	720.205
31.3027	2.66083	190.245	-2.72468	14.8052	2.05775	-161.795	-1.96742	54.5088	30.8103	1370.68	1498.22	-90.937	4972.08	6.59448e-006	720.67
31.3033	0.522371	155.775	-1.80894	-99.3486	0.825722	-157.526	-5.02209	47.8178	30.8172	1369.33	1496.87	-91.8644	4970.7	6.59448e-006	721.275
31.3040	-0.685612	239.407	-1.5012	-93.5258	-0.393201	-69.3179	-5.64338	27.9754	30.8172	1368.84	1496.47	-92.6128	4970.25	-0.000298575	721.438
31.3047	1.43652	90.7901	-0.585468	-42.2491	-0.694655	116.241	-5.02209	-2.24957	30.8172	1369.33	1496.87	-92.1573	4971.01	-0.000145967	721.577
31.3053	6.02359	-571.111	2.16173	36.4714	-1.61212	191.909	-3.49475	-17.4774	30.8172	1370.68	1498.38	-90.1722	4972.99	0.000464373	721.275
31.3060	9.38635	-955.682	5.20916	132.299	-1.31067	84.7834	0.465967	-2.82638	30.8231	1373	1500.38	-88.4964	4974.82	0.000311811	721.577
31.3067	11.5085	-543.045	7.95635	75.2449	-0.393201	-58.9374	4.42668	8.13306	30.8172	1374.19	1501.58	-87.5852	4975.74	0.000311811	721.903
31.3073	6.33375	-193.635	7.64861	-112.755	-0.393201	-90.3689	4.11604	-6.51799	30.8231	1374.08	1501.58	-87.4388	4975.74	-0.000145967	721.135
31.3080	-16.2588	-331.579	4.60117	-219.596	-0.393201	-67.7898	-0.155322	-27.2256	30.8231	1373.43	1500.86	-87.4388	4975.74	-0.000451137	720.973
31.3087	-32.7298	-337.355	5.82465	-149.993	-0.0786402	-74.5082	-4.42668	-37.3198	30.8231	1373.16	1500.22	-88.2035	4974.98	0.000159203	721.74
31.3093	-21.4499	-55.6921	9.17983	17.8746	-0.393201	-41.8648	-6.86007	-36.6853	30.8231	1372.51	1499.82	-89.1146	4973.75	6.59448e-006	721.903
31.3100	-2.53023	314.814	0.630503	122.549	-0.0786402	42.6815	-7.48136	-33.9743	30.8231	1371.92	1499.5	-89.1146	4973.75	-0.000298575	721.577
31.3107	4.19529	601.94	-16.1529	95.9632	0.524268	152.231	-4.11604	-33.6859	30.8231	1371.92	1498.86	-89.1146	4973.91	0.000464373	721.74
31.3113	1.74668	586.996	-19.8158	37.3742	0.524268	226.713	1.06137	-33.0514	30.829	1372.08	1498.7	-89.5702	4973.91	0.000311811	721.74
31.3120	0.832529	346.836	-10.3508	7.76372	1.14028	189.775	1.9933	-29.3598	30.8349	1372.08	1499.66	-89.2611	4974.52	-0.000756307	721.275
31.3127	1.14269	120.677	-3.94815	-8.98245	1.14028	75.9573	0.776611	-22.9572	30.8349	1373.92	1501.18	-87.5852	4975.28	-0.000451137	721.74
31.3133	-3.44438	13.562	-1.80894	55.7002	0.222814	-21.1036	1.06137	-20.2461	30.8349	1375.27	1501.74	-86.3649	4976.65	6.59448e-006	721.438
31.3140	-11.9819	43.1975	-0.585468	239.096	-0.393201	-51.3232	0.776611	-16.9006	30.8409	1374.67	1501.18	-86.0557	4977.57	-0.000145967	720.368
31.3147	-17.4831	137.755	-0.585468	359.659	-0.996109	-50.4011	-0.465967	-8.30611	30.8349	1374.51	1500.38	-86.8205	4976.35	-0.000145967	720.973
31.3153	-15.9486	74.591	-1.80894	318.764	-1.61212	-50.6909	-2.27806	-0.692176	30.8349	1373.59	1499.5	-88.0408	4974.67	-0.000145967	721.577
31.3160	-12.896	-193.007	-3.03242	156.087	-1.91358	-27.5059	-5.02209	0.230725	30.8349	1371.6	1497.98	-89.1146	4973.6	-0.000298575	721.438
31.3167	-14.7243	-449.995	-5.16412	-126.792	-1.91358	11.856	-4.73733	-0.980582	30.8349	1370.84	1496.47	-90.1722	4972.53	-0.000145967	721.438
31.3173	-16.569	-453.323	-2.72468	-319.351	-1.91358	29.2447	0.155322	-0.403769	30.8409	1370.57	1495.99	-90.6441	4972.23	6.59448e-006	720.531
31.3180	-8.32529	-228.105	8.2641	-276.334	-0.996109	29.5609	3.83128	5.07595	30.8478	1369.92	1495.51	-90.4814	4972.99	0.000464373	719.903
31.3187	-0.0816205	73.0842	20.4688	-136.587	-0.393201	37.4912	2.89935	19.4386	30.8478	1370.68	1495.35	-90.3349	4972.84	0.000159203	720.67
31.3193	0.228537	233.945	27.4869	-37.3742	-0.996109	31.695	0.155322	31.667	30.8478	1371.76	1496.15	-89.7167	4973.14	-0.000908915	720.205
31.3200	5.4196	118.228	29.0182	-8.71162	-0.996109	-19.2594	-2.89935	34.0897	30.8478	1371.16	1495.83	-89.2611	4974.06	-0.000451137	719.298
31.3207	15.1814	2.57427	29.0182	-48.9747	-0.694655	-77.2483	-4.42668	29.1867	30.8478	1371.33	1495.35	-89.8794	4973.45	0.000159203	719.903
31.3213	14.2673	-120.112	33.2891	-108.196	-1.61212	-85.1786	-3.8054	2.65334	30.8478	1371.6	1495.51	-90.1722	4972.99	6.59448e-006	719.461
31.3220	6.33375	-229.047	40.6074	-7.76372	-2.21503	-37.8864	-0.750724	-30.6288	30.8537	1370.68	1494.31	-90.4814	4972.23	-0.000145967	718.229
31.3227	9.99035	-47.781	25.0475	204.61	-1.91358	-3.71487	2.30395	-37.3198	30.8537	1369.76	1493.35	-91.3925	4970.7	-0.000298575	718.996
31.3233	37.4475	118.856	-23.171	270.557	-1.31067	12.7781	3.20999	-27.8601	30.8537	1369.33	1492.63	-92.1573	4970.25	0.000159203	720.066
31.3240	46.6053	95.6875	-57.0456	246.724	-1.31067	73.1909	3.52064	-14.1319	30.8537	1368.73	1491.51	-92.7755	4970.7	0.000464373	719.601
31.3247	13.3531	139.011	-42.3939	300.122	-0.694655	100.354	2.5887	2.65334	30.8596	1368.84	1491.27	-92.0108	4971.77	0.000464373	718.531
31.3253	-11.0677	187.859	-16.4531	333.118	-0.996109	60.9924	-1.06137	8.76756	30.8596	1370.84	1493.11	-90.3349	4973.14	0.000464373	718.531
31.3260	-22.0539	59.0198	-11.2665	233.318	-2.83105	57.9362	-3.49475	2.01885	30.8478	1373	1495.03	-88.8055	4974.67	0.000311811	718.531
31.3267	-28.1591	-88.9693	-13.098	117.043	-4.35142	90.2899	-2.27806	-0.692176	30.8409	1373.92	1495.83	-87.276	4976.04	0.000311811	718.089
31.3273	-17.7769	-133.234	-12.49	163.399	-5.26889	96.4023	-1.06137	-4.96059	30.8478	1374.19	1495.99	-86.8205	4976.35	0.000159203	717.764
31.3280	-11.0677	-225.657	-12.49	317.229	-4.96744	67.1048	-1.96742	-17.7658	30.8537	1373.75	1495.35	-87.5852	4975.59	-0.000145967	717.624
31.3287	-12.292	-250.709	-16.7609	259.227	-3.44706	13.9901	-2.27806	-5.88349	30.8537	1373.27	1494.63	-88.0408	4975.13	0.000464373	718.089
31.3293	-10.4637	-120.991	-22.563	-109.73	-2.52959	-58.3314	-1.68266	28.8983	30.8537	1373.16	1493.99	-88.2035	4975.13	0.000616981	718.089
31.3300	-4.35853	9.60642	-22.2553	-358.44	-0.393201	-113.58	1.37201	50.8749	30.8537	1372.68	1493.35	-88.4964	4974.98	-0.000145967	717.159
31.3307	14.8712	43.7626	-14.0137	-205.558	3.27667	-72.3742	5.95402	55.7778	30.8537	1372.08	1492.95	-88.8055	4974.67	6.59448e-006	716.857
31.3313	28.91	34.9724	0.330264	74.929	5.09851	31.695	7.48136	40.2039	30.8537	1371.6	1492.15	-89.4238	4974.37	6.59448e-006	716.694
31.3320	5.4196	130.785	12.8428	160.962	5.41307	105.545	7.17071	13.9589	30.8537	1372.24	1492.47	-88.8055	4974.52	6.59448e-006	716.555
31.3327	-28.7631	168.583	18.0294	36.1555	4.79705	152.547	5.04797	5.71045	30.8537	1373.92	1493.67	-86.9832	4976.04	0.000159203	716.253
31.3333	-29.0732	148.177	25.0475	-143.584	3.27667	160.187	1.68266	4.49914	30.8537	1375.1	1494.79	-86.0557	4977.26	0.000159203	715.95
31.3340	-19.3114	125.26	31.7579	-303.191	1.14028	72.9011	-0.155322	-3.74928	30.8537	1375.43	1494.47	-86.0557	4976.96	-0.000145967	715.648
31.3347	-36.4027	-44.7044	29.6262	-394.731	0.222814	-77.5644	-0.465967	-10.7864	30.8596	1374.35	1492.95	-86.8205	4975.74	-0.000603745	714.881
31.3353	-60.5134	-29.4471	24.7398	-395.679	0.222814	-167.881	-1.06137	-17.4774	30.8596	1372.35	1490.79	-88.6591	4973.75	-0.000451137	714.881
31.3360	-73.9318	227.791	29.6262	-340.114	0.222814	-157.21	-0.750724	-16.5545	30.8537	1371.16	1489.11	-90.1722	4972.38	-0.000145967	715.323
31.3367	-82.1755	315.693	35.7285	-212.555	0.524268	-139.821	-0.750724	-5.88349	30.8478	1370.41	1487.92	-90.937	4971.92	-0.000145967	715.485
31.3373	-81.2613	239.093	26.5712	-77.0504	0.825722	-154.76	-1.96742	0.519132	30.8478	1370.57	1487.76	-90.937	4972.08	-0.000451137	715.02
31.3380	-79.433	60.2756	13.7585	-50.1934	1.14028	-135.553	-2.27806	1.73044	30.8537	1370.57	1487.92	-90.6441	4972.23	-0.000298575	714.113
31.3387	-70.2752	-86.2066	-13.4057	-127.424	0.222814	-36.9643	-1.68266	3.86465	30.8537	1370.84	1487.28	-90.4814	4972.84	-0.000145967	713.648
31.3393	-23.2782	-90.1622	-55.8221	-164.031	-0.393201	20.1025	-1.06137	5.71045	30.8537	1371.33	1487.12	-89.8794	4973.6	6.59448e-006	713.951
31.3400	43.2588	-278.461	-56.1298	-75.5158	-0.0786402	-72.3742	-0.750724	0.230725	30.8537	1371.76	1487.6	-89.4238	4973.91	6.59448e-006	713.951
31.3407	57.2976	-433.796	-17.3689	28.5272	0.222814	-148.964	0.155322	-9.8635	30.8596	1372.08	1487.44	-89.5702	4974.06	6.59448e-006	713.811
31.3413	29.8241	-142.652	7.04062	100.251	0.222814	-88.551	0.465967	-13.4974	30.8596	1372.24	1486.8	-89.5702	4974.21	0.000311811	713.509
31.3420	26.7715	131.099	9.78782	158.524	-0.0786402	-3.71487	-1.68266	-13.209	30.8537	1371.6	1485.92	-89.8794	4973.3	0.000159203	713.044
31.3427	27.6857	4.39509	3.99319	144.487	-0.0786402	21.0246	-3.20999	-11.0748	30.8537	1370.25	1484.4	-91.0997	4971.62	6.59448e-006	712.579
31.3433	11.5085	-171.66	-2.41693	-4.42352	0.524268	18.2582	-2.89935	-1.32667	30.8537	1369	1483.12	-92.32	4970.86	0.000159203	712.579
31.3440	6.93774	-169.525	-7.30333	-282.428	1.44174	39.0193	-1.37201	14.2473	30.8537	1369.33	1483.28	-92.0108	4971.31	0.000311811	713.044
31.3447	12.7328	-151.505	-7.91132	-445.692	1.44174	64.9708	0.155322	23.9954	30.8478	1369.76	1483.12	-91.3925	4971.77	6.59448e-006	712.137
31.3453	16.6995	-19.4012	-7.60357	-274.484	1.14028	39.0193	1.9933	25.5528	30.8478	1370.41	1483.44	-90.6441	4972.84	0.000159203	710.765
31.3460	20.6663	248.888	-7.91132	1.08331	1.44174	-30.8782	3.20999	17.9389	30.8478	1372.08	1485.28	-88.8055	4974.37	0.000464373	710.602
31.3467	23.7189	248.888	-8.5193	86.8002	2.05775	-77.5644	2.89935	0.230725	30.8537	1373.43	1486.08	-87.5852	4975.28	6.59448e-006	710.44
31.3473	24.0291	117.035	-8.82705	12.3678	1.74319	-44.6048	1.06137	-12.5745	30.8537	1373.75	1485.76	-87.5852	4975.59	6.59448e-006	709.835
31.3480	23.4251	245.497	-7.30333	-58.4536	1.74319	47.8718	-1.96742	-12.9206	30.8537	1373.59	1485.44	-88.0408	4975.43	6.59448e-006	709.998
31.3487	15.4752	288.255	-4.85638	-36.1555	1.74319	110.735	-3.8054	-12.5745	30.8478	1373	1484.4	-88.4964	4974.82	6.59448e-006	709.998
31.3493	2.66083	-31.5819	-3.64041	25.7738	1.44174	128.124	-3.20999	-15.0548	30.8478	1373	1484.08	-88.0408	4974.82	0.000311811	709.533
31.3500	-2.82407	-236.958	-3.64041	27.3084	1.14028	114.397	-3.49475	-10.1519	30.8478	1373	1484.08	-88.0408	4974.67	6.59448e-006	709.231
31.3507	-0.0816205	-65.4869	-6.3876	-11.1491	1.74319	27.1107	-3.8054	-2.53798	30.8478	1372.68	1483.04	-88.9519	4973.91	-0.000298575	708.928
31.3513	9.99035	116.721	-9.43503	-55.0683	2.35921	-57.1195	-1.96742	-6.51799	30.8478	1372.35	1482.08	-89.1146	4974.06	6.59448e-006	708.463
31.3520	23.7189	193.321	-7.60357	-86.8002	2.35921	-36.3583	-0.155322	-18.6887	30.8478	1372.84	1482.24	-88.4964	4974.67	6.59448e-006	707.998
31.3527	24.6331	232.061	-4.85638	-44.4157	1.44174	18.5744	4.42668	-25.4375	30.8478	1374.19	1483.12	-87.276	4976.04	-0.000145967	707.394
31.3533	14.2673	170.718	-6.07985	54.4815	-0.0786402	41.7594	9.91474	-22.0343	30.8478	1375.1	1484.4	-86.3649	4977.26	6.59448e-006	706.929
31.3540	10.9045	101.15	-5.16412	116.411	-0.393201	42.0755	10.536	-20.5345	30.8537	1375.27	1484.56	-85.9093	4977.42	6.59448e-006	706.627
31.3547	12.1288	-57.513	-2.11669	112.439	-0.393201	30.483	6.57531	-30.6288	30.8478	1374.67	1483.04	-86.9832	4976.2	-0.000145967	706.022
31.3553	9.99035	-393.235	-1.20096	63.9153	-0.694655	22.5527	1.9933	-44.9337	30.8478	1373	1480.88	-88.6591	4974.37	-0.000145967	705.883
31.3560	6.62758	-423.436	-3.94815	-23.6523	-0.393201	1.1856	-1.06137	-51.048	30.8478	1371.33	1479.21	-89.8794	4972.69	-0.000298575	706.022
31.3567	4.79928	-73.712	-6.99559	-81.3386	-0.393201	-43.3665	-1.06137	-40.0885	30.8478	1370.41	1478.25	-90.4814	4971.92	-0.000451137	705.557
31.3573	5.10944	31.5819	-9.74278	-51.4121	-0.0786402	-82.1224	2.89935	-25.7259	30.8478	1370.25	1477.93	-90.6441	4972.23	-0.000145967	705.115
31.3580	4.48913	-102.092	-9.13479	38.9089	-0.0786402	-105.94	5.64338	-11.9977	30.8478	1371	1477.93	-90.3349	4972.69	0.000159203	704.65
31.3587	3.57498	-84.0719	1.24599	178.385	-0.393201	-119.982	5.64338	15.8047	30.8478	1371.43	1478.09	-90.1722	4972.84	-0.000298575	703.581
31.3593	3.28114	22.415	16.1979	289.47	-0.393201	-126.069	4.42668	39.5694	30.8478	1371.43	1477.93	-90.0258	4973.45	-0.000451137	702.813
31.3600	2.05684	118.228	27.4869	271.775	-0.996109	-113.264	2.89935	42.6265	30.8537	1371.76	1477.69	-89.5702	4974.21	0.000311811	702.976
31.3607	2.36699	203.116	40.6074	164.934	-1.61212	-70.2401	0.776611	34.7241	30.8537	1372.24	1477.93	-89.2611	4973.91	0.000311811	703.116
31.3613	5.71343	125.888	53.4277	15.1212	-1.91358	-28.428	-1.68266	26.7641	30.8478	1372.08	1477.85	-89.1146	4973.6	0.000159203	702.372
31.3620	2.05684	80.4302	58.0063	-118.577	-0.996109	-6.13876	-5.02209	16.3815	30.8537	1371.33	1476.73	-89.8794	4972.99	0.000159203	701.604
31.3627	-7.10098	213.79	54.6511	-117.629	-0.393201	8.79977	-6.86007	3.28783	30.8537	1370.25	1475.21	-91.2461	4971.92	6.59448e-006	701.604
31.3633	-12.896	-38.928	47.3253	-3.20479	-0.393201	0.579626	-5.64338	5.99886	30.8478	1369.76	1474.57	-91.0997	4971.92	0.000159203	701.604
31.3640	-13.8102	-528.102	36.3365	83.776	0.524268	-30.8782	-3.20999	22.4957	30.8478	1369.92	1474.17	-91.2461	4971.31	6.59448e-006	701.302
31.3647	-9.54959	-430.782	24.1318	52.36	1.14028	-49.4789	-1.96742	21.2844	30.8478	1370.25	1473.85	-91.7017	4971.01	-0.000298575	700.372
31.3653	-4.65237	-37.1072	3.3777	-24.2391	0.222814	-26.2939	-3.20999	7.55625	30.8478	1371.16	1475.05	-89.8794	4973.3	6.59448e-006	699.163
31.3660	-5.58284	-123.439	-45.7565	20.3121	-0.996109	15.2283	-5.02209	7.84466	30.8537	1372.84	1476.25	-88.0408	4975.13	0.000464373	698.396
31.3667	-5.27268	-475.926	-76.2684	224.471	-1.61212	48.4778	-6.86007	18.2273	30.8537	1373.92	1477.05	-87.5852	4975.74	0.000464373	698.093
31.3673	4.48913	-410.627	-48.804	502.475	-1.91358	93.952	-7.48136	22.4957	30.8537	1373.92	1476.41	-87.4388	4976.04	0.000311811	697.326
31.3680	8.76604	19.6524	-14.3214	644.976	-1.61212	130.89	-5.64338	13.6705	30.8537	1373.27	1475.05	-88.0408	4975.13	0.000159203	696.861
31.3687	2.97098	206.758	-7.60357	518.635	-0.996109	123.855	-3.49475	-1.61508	30.8478	1372.51	1474.17	-88.8055	4974.52	0.000159203	696.722
31.3693	5.10944	138.383	-13.4057	324.542	-0.393201	122.933	-2.89935	-10.4403	30.8478	1372.35	1473.85	-88.4964	4975.28	6.59448e-006	695.954
31.3700	11.2147	266.28	-18.2846	112.755	0.222814	163.533	-1.96742	-18.4003	30.8537	1372.51	1473.69	-88.3499	4975.28	-0.000298575	695.187
31.3707	10.5943	454.892	-20.4238	-134.737	1.14028	196.493	-1.06137	-29.7059	30.8537	1372.51	1472.33	-88.6591	4974.52	6.59448e-006	695.187
31.3713	9.68019	229.361	-19.8158	-142.997	1.14028	209.298	-1.06137	-29.9943	30.8478	1372.35	1471.22	-88.8055	4974.21	0.000159203	695.047
31.3720	11.8186	-131.351	-20.4238	-3.83672	0.524268	238.595	-1.06137	-19.3232	30.8478	1372.68	1471.54	-88.3499	4974.82	-0.000145967	693.978
31.3727	10.9045	-136.876	-20.7316	51.7281	0.524268	259.962	-0.155322	-9.5751	30.8478	1374.08	1472.17	-87.4388	4976.04	-0.000145967	692.908
31.3733	5.71343	-49.2878	-18.2846	31.9125	0.825722	225.474	0.776611	-7.0948	30.8478	1375.27	1473.05	-86.5113	4976.96	0.000159203	692.443
31.3740	-3.13423	13.2481	-15.5449	-133.518	0.825722	113.185	0.776611	-9.5751	30.8478	1375.86	1473.85	-85.7466	4978.03	-0.000145967	692.443
31.3747	-11.9819	85.0137	-12.49	-302.56	0.825722	-38.8086	-0.155322	-10.1519	30.8537	1374.67	1472.65	-86.5113	4976.96	-0.000908915	691.676
31.3753	-13.8102	28.8193	-9.43503	-265.953	0.825722	-119.06	-0.750724	-6.1719	30.8596	1372.68	1469.46	-88.9519	4974.37	-0.000298575	691.072
31.3760	-10.1536	-25.1776	-8.5193	-152.115	0.825722	-106.256	-1.68266	-3.46088	30.8537	1371.6	1466.98	-89.8794	4973.14	0.000311811	691.072
31.3767	-8.61912	-66.052	-7.91132	-60.5751	0.524268	-61.9936	-3.20999	-0.115363	30.8537	1370.68	1465.62	-90.3349	4972.53	-0.000145967	690.607
31.3773	-11.6717	-161.614	-5.16412	3.20479	0.524268	-39.4145	-3.8054	7.21016	30.8596	1370.68	1465.46	-90.4814	4971.92	-0.000603745	690.002
31.3780	-11.0677	-185.724	-3.64041	-62.6966	-0.393201	-61.9936	-3.20999	10.9018	30.8596	1371.33	1465.14	-89.7167	4972.84	-0.000145967	689.235
31.3787	-2.82407	-111.824	-1.20096	-176.534	-0.393201	-94.637	-1.68266	5.42204	30.8596	1371.33	1464.82	-89.5702	4973.75	6.59448e-006	688.63
31.3793	12.7328	-63.0382	3.3777	-228.443	0.222814	-100.143	-0.750724	-7.7293	30.8596	1371.76	1465.14	-89.1146	4973.75	-0.000298575	687.863
31.3800	25.5472	-32.2098	7.34837	-213.773	0.524268	-75.4304	-0.750724	-25.4375	30.8596	1371.43	1464.42	-89.2611	4973.45	-0.000451137	686.352
31.3807	20.3725	91.9831	9.48007	-39.8117	0.524268	-55.8812	-0.750724	-37.0314	30.8596	1371	1463.15	-90.0258	4973.3	6.59448e-006	685.724
31.3813	14.8712	83.444	8.2641	171.344	1.14028	-59.8595	-0.465967	-33.3398	30.8596	1371.43	1463.46	-89.8794	4973.6	0.000311811	685.886
31.3820	17.0097	-84.3858	5.51691	245.189	1.14028	-56.8033	0.155322	-20.2461	30.8655	1371.33	1462.75	-90.1722	4972.99	0.000159203	685.584
31.3827	9.68019	2.57427	3.68544	300.754	0.825722	-47.9508	0.776611	-9.8635	30.8596	1370.25	1460.59	-91.3925	4971.77	6.59448e-006	685.119
31.3833	-1.59976	171.66	2.76971	363.315	1.14028	-46.4227	0.465967	-0.115363	30.8596	1369.33	1459.07	-91.8644	4971.01	0.000311811	684.817
31.3840	-7.41114	129.844	1.85398	218.964	1.14028	-41.2325	0.155322	10.6134	30.8655	1369	1458.27	-92.0108	4970.7	0.000159203	684.212
31.3847	-10.4637	225.092	1.85398	-48.9747	0.825722	-47.9508	0.465967	12.4015	30.8655	1369.49	1458.91	-92.0108	4971.31	6.59448e-006	683.143
31.3853	-12.292	303.513	1.85398	-132.615	0.222814	-62.9157	0.155322	5.42204	30.8596	1371.43	1460.59	-89.8794	4973.91	0.000159203	682.213
31.3860	-12.896	-15.3828	1.24599	-144.487	-0.393201	-51.9292	-0.155322	1.73044	30.8655	1373.16	1461.63	-87.5852	4975.89	0.000311811	681.469
31.3867	-16.569	-218.059	2.46197	-261.71	-0.694655	-22.9216	-0.155322	9.34437	30.8596	1373.92	1461.95	-87.276	4975.89	-0.000145967	680.236
31.3873	-18.6911	-141.459	3.99319	-281.525	-0.996109	-51.3232	0.155322	19.1502	30.8596	1374.35	1461.63	-87.1296	4975.74	-0.000298575	679.632
31.3880	-1.90992	-115.528	3.3777	-148.459	-0.996109	-130.363	1.9933	24.3415	30.8596	1373.59	1460.43	-87.7316	4975.74	0.000159203	679.632
31.3887	24.0291	-148.805	3.07746	-77.0504	-0.393201	-128.519	3.83128	33.4552	30.8655	1372.84	1459.07	-88.9519	4974.82	-0.000145967	678.702
31.3893	28.306	-185.096	3.68544	-86.5294	0.222814	-45.2108	3.83128	41.7036	30.8655	1372.51	1458.11	-89.2611	4973.91	-0.000145967	677.795
31.3900	2.36699	-73.3981	3.99319	-114.876	1.44174	36.2793	4.11604	44.1839	30.8655	1372.68	1457.95	-89.1146	4973.91	0.000159203	677.33
31.3907	-47.9928	97.1944	4.29343	-197.298	2.35921	73.5071	5.04797	45.0491	30.8655	1372.24	1457.39	-89.1146	4973.91	0.000159203	676.586
31.3913	-97.4385	168.897	4.60117	-248.575	1.74319	56.7243	3.83128	39.281	30.8655	1371.76	1456.59	-89.2611	4973.91	0.000464373	676.423
31.3920	-115.738	318.456	1.85398	-189.67	1.14028	106.467	0.465967	34.3781	30.8596	1373	1457.39	-88.4964	4974.52	0.000616981	675.958
31.3927	-116.962	375.843	-0.893213	-124.987	1.14028	220.284	-1.37201	35.9355	30.8596	1373.92	1457.71	-87.5852	4975.59	-0.000145967	674.447
31.3933	-107.804	12.3691	-0.285228	-90.5015	0.524268	219.678	-1.06137	25.8412	30.8655	1374.67	1457.79	-86.674	4976.81	-0.000298575	673.517
31.3940	-105.976	-398.698	1.54623	-42.2491	0.825722	131.18	-0.750724	1.73044	30.8655	1375.1	1458.27	-86.2185	4977.11	-0.000145967	672.75
31.3947	-95.9041	-401.147	1.85398	-49.2906	1.14028	68.9228	-1.37201	-20.2461	30.8655	1374.51	1457.07	-86.8205	4975.89	0.000159203	672.308
31.3953	50.2782	-180.513	1.24599	-68.5194	0.825722	-0.0526932	-1.37201	-29.3598	30.8596	1373	1454.6	-88.4964	4974.06	-0.000145967	672.006
31.3960	197.375	78.8606	0.938249	12.0518	0.825722	-79.6985	-0.750724	-26.6488	30.8596	1371.43	1453.24	-89.7167	4973.14	-0.000451137	671.076
31.3967	123.818	333.085	0.022518	63.9153	0.524268	-107.758	-0.155322	-21.169	30.8596	1370.68	1451.88	-90.3349	4973.14	6.59448e-006	670.471
31.3973	3.57498	345.329	0.330264	52.044	0.222814	-108.996	0.776611	-10.7864	30.8537	1370.84	1451.08	-90.7905	4972.08	-0.000145967	669.866
31.3980	-15.3446	127.709	0.630503	91.9911	0.825722	-101.355	2.30395	8.47915	30.8537	1370.84	1450.92	-90.1722	4972.08	-0.000603745	668.192
31.3987	0.228537	69.1286	-2.11669	60.5751	2.05775	-42.7606	3.52064	24.6299	30.8596	1370.57	1450.2	-90.4814	4972.84	0.000159203	667.123
31.3993	13.3531	177.436	-3.33266	-96.5952	2.96211	33.5392	4.42668	32.2439	30.8596	1371.16	1450.36	-90.4814	4972.99	6.59448e-006	667.262
31.4000	14.8712	190.873	6.74038	-141.462	2.66066	75.325	5.95402	34.0897	30.8537	1371.33	1450.84	-89.5702	4973.3	-0.000451137	666.193
31.4007	18.838	171.66	24.1318	-39.2249	1.44174	76.8531	6.26466	28.8983	30.8537	1371.16	1449.88	-89.7167	4973.45	-0.000145967	665.425
31.4013	56.3834	193.321	30.2341	16.024	-0.0786402	57.3302	5.04797	21.8612	30.8537	1371.6	1449.72	-89.8794	4973.91	0.000159203	664.681
31.4020	80.4778	97.5083	23.824	50.1934	-0.694655	34.7512	2.30395	12.7476	30.8537	1371	1449	-90.1722	4973.14	0.000159203	664.054
31.4027	41.4142	-96.8804	21.6923	189.67	-0.393201	-41.8648	-1.96742	-6.1719	30.8537	1369.76	1447	-91.5552	4971.31	0.000159203	663.914
31.4033	-7.10098	-150.626	29.9264	341.333	0.222814	-153.548	-5.64338	-23.3032	30.8537	1369.17	1445.81	-92.32	4971.01	0.000464373	663.751
31.4040	-45.2504	-105.106	40.6074	343.77	0.825722	-116.926	-6.54942	-22.3803	30.8478	1369.33	1445.49	-92.0108	4971.16	6.59448e-006	662.682
31.4047	-78.8127	-105.419	36.0363	274.8	0.222814	62.2044	-6.23878	-13.4974	30.8478	1370.41	1446.36	-90.937	4971.92	-0.000298575	661.473
31.4053	-95.3001	-39.4931	-3.64041	288.522	-0.694655	176.97	-6.86007	-4.38378	30.8478	1371.76	1447.32	-89.4238	4974.21	6.59448e-006	660.101
31.4060	-100.785	-86.8345	-53.6904	211.02	-0.996109	184.295	-5.33273	10.9018	30.8478	1372.84	1448.36	-88.3499	4975.43	0.000159203	659.171
31.4067	-63.8599	-238.214	-53.9906	-103.321	-0.0786402	173.598	-2.89935	15.1702	30.8478	1373.92	1449	-87.276	4976.35	0.000311811	658.729
31.4073	2.66083	-45.6462	-17.9844	-317.545	-0.0786402	159.265	-2.27806	-2.82638	30.8478	1373.92	1448.2	-87.276	4976.35	0.000159203	657.497
31.4080	54.245	44.0765	-2.41693	-219.867	-0.694655	86.3115	-1.68266	-11.7093	30.8478	1373.27	1447	-87.8943	4975.43	0.000311811	656.59
31.4087	83.8405	-121.932	5.20916	-23.3363	-0.0786402	-5.24298	-0.155322	-2.53798	30.8478	1373.43	1446.52	-88.0408	4974.98	0.000464373	656.59
31.4093	78.6495	-35.5375	13.143	38.5929	1.14028	-67.1839	-0.465967	-7.0948	30.8409	1373.43	1445.89	-88.6591	4974.52	6.59448e-006	656.288
31.4100	23.4251	73.0842	4.90892	-67.6166	0.825722	-147.436	-2.5887	-24.5146	30.8409	1372.35	1444.37	-89.2611	4973.91	-0.000145967	654.753
31.4107	-38.835	69.7564	-5.77211	-188.767	0.524268	-212.143	-3.8054	-26.6488	30.8409	1371.92	1443.49	-89.1146	4974.21	0.000159203	653.219
31.4113	-42.8018	110.003	-8.21906	-184.795	0.524268	-200.234	-4.42668	-14.7664	30.8409	1372.24	1443.01	-88.8055	4974.37	0.000311811	652.777
31.4120	-10.1536	170.153	-8.21906	-95.3764	-0.0786402	-166.353	-3.49475	-8.6522	30.8409	1372.84	1442.85	-88.4964	4974.67	6.59448e-006	652.149
31.4127	-0.99577	243.991	-10.0505	-56.287	-0.393201	-112.342	-0.750724	-7.0948	30.8409	1374.08	1443.49	-87.276	4976.04	-0.000298575	650.777
31.4133	-15.3446	281.537	-14.6292	-52.044	0.825722	-44.6048	0.776611	2.65334	30.8409	1374.83	1444.13	-86.3649	4977.11	-0.000145967	649.266
31.4140	-21.1397	314.5	-14.9294	9.29841	2.35921	-45.2108	2.30395	10.9018	30.8409	1374.35	1443.17	-86.3649	4977.11	-0.000145967	647.894
31.4147	28.306	332.206	-6.07985	69.4221	2.35921	-71.7682	2.89935	3.57624	30.8349	1373	1440.77	-88.0408	4975.74	6.59448e-006	647.429
31.4153	121.076	-106.361	4.29343	106.345	2.05775	-47.9508	2.5887	-1.32667	30.8349	1371.76	1438.93	-89.8794	4973.14	6.59448e-006	647.592
31.4160	131.148	-781.071	8.2641	145.434	2.35921	-9.80094	1.37201	2.94175	30.829	1371	1437.97	-90.3349	4972.08	-0.000298575	646.662
31.4167	47.8296	-779.25	9.17983	107.564	2.05775	10.9338	-1.06137	-1.61508	30.829	1370.41	1436.3	-90.6441	4972.23	6.59448e-006	645.592
31.4173	-6.79082	-365.421	12.535	19.3642	1.14028	39.9415	-1.06137	-1.61508	30.8231	1370.57	1435.26	-90.7905	4972.53	6.59448e-006	644.988
31.4180	-7.41114	-216.804	17.4214	2.57286	-0.996109	49.3999	-0.750724	13.9589	30.8172	1371	1435.58	-90.4814	4972.84	-0.000298575	643.779
31.4187	10.3005	-110.631	13.7585	70.9568	-3.74852	22.8425	-1.37201	21.8612	30.8172	1371.16	1435.58	-90.1722	4972.84	6.59448e-006	642.384
31.4193	27.3918	103.913	-3.64041	193.01	-4.96744	17.0463	-1.37201	10.9018	30.8231	1371.6	1434.78	-89.8794	4973.14	6.59448e-006	641.64
31.4200	31.3586	118.542	-18.9001	375.818	-4.35142	28.349	-2.27806	-1.61508	30.8172	1371.6	1434.06	-89.8794	4973.45	-0.000298575	640.872
31.4207	28.306	-103.285	-19.5081	585.484	-3.74852	41.1534	-3.20999	-0.692176	30.8172	1371.92	1433.58	-89.4238	4973.91	6.59448e-006	640.105
31.4213	19.442	-209.52	-14.0137	623.942	-3.74852	69.8449	-2.27806	11.4786	30.8103	1372.35	1433.1	-89.1146	4974.06	0.000311811	639.198
31.4220	3.28114	-42.8836	-5.47187	329.417	-3.1325	77.1692	-1.37201	21.2844	30.8103	1371.43	1431.58	-89.8794	4972.99	6.59448e-006	638.431
31.4227	-0.99577	183.841	3.3777	-78.9011	-0.996109	24.6868	-1.37201	19.4386	30.8103	1369.65	1429.27	-91.5552	4971.31	0.000159203	637.826
31.4233	11.5085	287.314	0.938249	-306.848	2.66066	-22.9216	-0.155322	2.94175	30.8103	1368.25	1427.27	-92.7755	4969.94	0.000311811	636.454
31.4240	15.4752	304.392	-10.9663	-410.62	5.41307	34.1452	3.52064	-23.8801	30.8044	1368.73	1427.59	-92.4664	4970.25	0.000159203	635.687
31.4247	4.79928	259.562	-20.4238	-455.171	6.01597	128.124	6.26466	-39.1656	30.8044	1370.25	1428.71	-90.7905	4972.08	0.000159203	634.92
31.4253	-11.9819	126.83	-25.0025	-356.906	4.79705	137.898	6.26466	-29.9943	30.7985	1371.16	1428.71	-89.7167	4973.6	-0.000298575	632.781
31.4260	-57.1507	11.1133	-23.171	-198.833	3.27667	106.467	3.83128	-11.7093	30.7925	1372.35	1428.95	-88.6591	4974.82	-0.000145967	631.107
31.4267	-82.4856	-63.6033	-16.1529	-141.462	2.66066	77.1692	1.9933	-3.11479	30.7925	1373.75	1429.27	-87.5852	4975.74	0.000311811	630.944
31.4273	-8.01513	-95.0596	-11.2665	-191.204	2.05775	22.8425	0.155322	-4.96059	30.7866	1374.35	1428.87	-87.4388	4975.74	0.000311811	630.804
31.4280	37.4475	47.781	-9.13479	-255.887	1.14028	-16.2295	-1.96742	-8.6522	30.7866	1373.75	1427.75	-88.0408	4974.67	-0.000145967	629.433
31.4287	0.832529	239.721	-8.5193	-264.147	1.44174	-22.3156	-0.750724	-11.3632	30.7797	1371.92	1425.75	-88.9519	4973.91	0.000159203	627.433
31.4293	3.88513	310.545	-12.1822	-221.402	1.74319	-18.9696	3.52064	-11.3632	30.7738	1371.33	1424.39	-89.4238	4974.37	0.000769543	626.828
31.4300	-3.44438	336.476	-16.1529	-186.013	1.14028	-11.0392	6.57531	-8.0177	30.7797	1372.35	1424.07	-88.8055	4974.82	0.000464373	626.828
31.4307	-28.1591	176.871	-8.5193	-168.319	0.524268	-38.4924	5.04797	-4.03769	30.7797	1372.24	1423.03	-89.2611	4973.75	-0.000145967	625.922
31.4313	1.43652	-247.318	7.04062	-152.431	-0.0786402	-79.3824	1.37201	0.230725	30.7738	1371.76	1421.67	-89.8794	4973.3	0.000159203	624.852
31.4320	24.3392	-475.298	21.9926	-132.886	-0.0786402	-66.8677	-0.155322	-0.403769	30.7738	1373	1422.15	-88.4964	4974.98	0.000159203	623.62
31.4327	15.4752	-277.833	37.56	-80.7066	0.222814	-28.428	0.776611	-12.9206	30.7679	1374.19	1423.35	-86.9832	4976.5	-0.000451137	622.411
31.4333	13.6469	-63.3522	43.6624	25.7738	0.222814	-23.8437	1.06137	-23.5917	30.762	1375	1423.83	-86.2185	4977.11	-0.000298575	621.643
31.4340	17.9239	-34.6585	40.9152	109.414	0.222814	-48.873	0.776611	-17.7658	30.762	1375.59	1423.19	-86.2185	4976.96	-0.000145967	620.574
31.4347	20.9765	26.3706	41.2229	134.421	0.524268	-56.8033	1.06137	-6.1719	30.762	1374.35	1421.51	-87.276	4975.89	-0.000298575	619.504
31.4353	21.2866	-6.84379	35.4208	151.212	0.222814	-43.0767	1.37201	-6.80639	30.7561	1372.24	1419.2	-88.8055	4974.37	-0.000145967	619.039
31.4360	15.7854	-202.174	19.8609	76.1477	-0.0786402	-45.527	2.5887	-19.6116	30.762	1371.16	1417.36	-90.1722	4973.3	-0.000145967	618.598
31.4367	11.8186	-94.7457	6.43264	-82.5573	-0.0786402	-74.1921	4.11604	-23.3032	30.7561	1371	1416.16	-90.6441	4972.38	-0.000298575	617.365
31.4373	10.9045	60.9035	4.90892	-127.695	0.222814	-92.2132	5.04797	-16.2661	30.7501	1370.84	1415.28	-90.4814	4972.23	-0.000298575	615.854
31.4380	9.38635	-162.807	28.7104	-50.5093	0.524268	-75.7202	5.04797	-13.4974	30.7561	1370.84	1414.48	-90.1722	4972.84	-0.000145967	614.017
31.4387	10.9045	-188.424	54.6511	28.2112	0.825722	-45.8168	6.26466	-8.9406	30.7501	1370.68	1414	-90.1722	4972.84	6.59448e-006	612.483
31.4393	9.0762	80.4302	32.9813	102.102	0.524268	-25.0556	7.17071	-1.61508	30.7501	1370.84	1414.16	-90.0258	4973.14	6.59448e-006	612.041
31.4400	-0.391778	125.888	-11.2665	175.948	-0.0786402	-15.3074	6.26466	2.01885	30.7432	1371.43	1414	-90.0258	4973.6	0.000159203	610.971
31.4407	-7.41114	22.415	-17.0686	163.128	-0.0786402	-10.4069	4.73733	2.36493	30.7432	1371.6	1413.84	-89.7167	4973.3	0.000464373	609.599
31.4413	-5.58284	3.83001	2.76971	63.0126	0.222814	-14.0691	2.5887	0.519132	30.7373	1371.76	1413.76	-89.4238	4973.6	0.000159203	609.134
31.4420	-0.685612	39.807	11.927	-12.9546	-0.996109	-16.5193	1.06137	2.65334	30.7373	1371.16	1412.33	-90.1722	4973.14	-0.000145967	608.367
31.4427	-1.90992	62.7243	21.3846	-29.7459	-2.83105	-6.74473	0.465967	11.1902	30.7373	1370.25	1411.13	-91.3925	4971.62	-0.000145967	607.763
31.4433	-11.0677	32.5237	35.7285	-27.6244	-3.1325	6.66569	0.465967	11.4786	30.7314	1369.92	1410.81	-91.8644	4971.01	6.59448e-006	607.763
31.4440	-23.572	-7.47166	25.3552	-29.1591	-3.74852	14.3062	-0.465967	-0.115363	30.7314	1369.76	1409.77	-92.0108	4971.16	-0.000298575	605.926
31.4447	-20.5357	5.65084	-14.9294	-35.5687	-4.04997	11.856	-0.465967	-6.80639	30.7314	1370.41	1409.77	-91.0997	4972.38	6.59448e-006	603.949
31.4453	-5.87667	6.84379	-40.8701	-44.6866	-3.74852	10.0381	0.155322	2.65334	30.7314	1371.92	1410.81	-89.1146	4974.37	0.000159203	602.88
31.4460	-13.8102	14.8177	-27.4419	-39.8117	-4.66598	12.7781	0.776611	20.0731	30.7255	1373.27	1411.77	-87.7316	4975.59	-0.000298575	601.508
31.4467	-20.5357	-2.26033	-4.55614	-27.9404	-4.96744	3.92565	2.30395	31.667	30.7255	1374.08	1411.45	-87.1296	4976.04	6.59448e-006	600.136
31.4473	-4.96252	-129.53	-0.585468	-38.5929	-5.88491	-13.7793	2.89935	27.0525	30.7255	1374.19	1410.65	-86.9832	4976.04	0.000464373	599.067
31.4480	8.16205	-118.856	-10.6585	-61.207	-8.0213	-19.8917	2.30395	12.4015	30.7255	1373.75	1410.25	-87.5852	4975.28	-0.000451137	597.834
31.4487	10.5943	13.562	-29.5811	-67.6166	-3.74852	-29.9561	1.37201	-0.115363	30.7196	1372.68	1408.81	-88.6591	4974.21	-0.000451137	597.23
31.4493	9.99035	-47.1531	-56.4376	-34.35	6.63199	-63.8115	0.776611	-12.2861	30.7196	1372.51	1407.13	-88.9519	4974.21	0.000464373	596.323
31.4500	0.228537	-176.871	-64.6716	73.7102	10.9048	-72.664	-0.155322	-16.9006	30.7255	1372.68	1406.57	-89.2611	4974.06	-0.000298575	594.486
31.4507	-23.8821	-192.442	-48.5037	190.572	7.2349	-18.6534	-1.96742	-13.8435	30.7196	1371.76	1405.37	-89.8794	4973.3	-0.000451137	593.254
31.4513	-33.9541	-103.599	-23.171	250.696	3.57813	45.4216	-3.20999	-19.9001	30.7127	1371.76	1404.41	-89.2611	4973.75	0.000159203	592.51
31.4520	-17.7769	41.6278	-0.285228	326.076	2.66066	32.6171	-2.89935	-28.4946	30.7068	1373.16	1404.73	-88.0408	4974.98	0.000159203	591.44
31.4527	-1.90992	135.62	1.24599	343.77	2.96211	-52.825	-0.750724	-32.1285	30.7068	1374.19	1404.89	-87.1296	4976.35	0.000159203	590.371
31.4533	-1.90992	191.187	-3.64041	234.537	3.57813	-65.3396	2.30395	-35.8201	30.7127	1375.1	1405.37	-85.7466	4977.57	0.000159203	589.743
31.4540	-8.61912	243.991	6.74038	175.316	3.57813	10.0381	4.11604	-31.8401	30.7068	1375.27	1404.73	-85.7466	4977.26	-0.000145967	588.371
31.4547	-11.0677	127.395	11.927	191.52	2.66066	23.7646	3.83128	-16.5545	30.7127	1374.19	1402.26	-87.276	4975.59	-0.000298575	586.999
31.4553	-8.92928	-158.537	5.82465	164.347	2.35921	-13.7793	2.5887	-1.90348	30.7068	1372.68	1399.7	-88.8055	4973.6	-0.000298575	586.232
31.4560	-7.70497	-297.987	-0.893213	69.4221	4.79705	4.84778	1.9933	7.21016	30.7068	1371	1397.22	-90.1722	4972.53	-0.000451137	585.186
31.4567	-7.41114	-112.452	-5.77211	-41.3463	7.54946	62.8103	1.37201	9.69046	30.7008	1370.08	1395.39	-91.0997	4972.08	6.59448e-006	583.791
31.4573	-4.96252	144.787	-8.5193	-57.5057	6.31743	68.3168	1.06137	-1.90348	30.6949	1370.41	1394.51	-91.2461	4971.77	0.000159203	582.279
31.4580	-4.65237	163.435	-7.60357	9.61438	3.57813	26.8209	1.68266	-9.22901	30.6949	1371.33	1394.35	-90.1722	4972.69	-0.000451137	581.349
31.4587	-8.32529	39.807	-6.07985	30.9646	0.825722	14.3062	0.465967	-0.115363	30.7008	1371.92	1394.67	-89.1146	4973.91	-0.000145967	581.047
31.4593	-11.0677	-3.20214	-6.3876	-31.2806	-0.694655	28.9549	-3.20999	5.07595	30.6949	1371.92	1393.71	-88.9519	4974.06	0.000464373	579.977
31.4600	-11.0677	24.5497	-5.77211	-152.115	-0.393201	33.8291	-5.95402	4.21074	30.689	1372.08	1392.83	-89.1146	4973.91	0.000159203	578.606
31.4607	-9.84343	92.9249	-4.55614	-238.193	0.222814	29.5609	-6.54942	8.47915	30.6949	1372.24	1392.51	-88.9519	4974.06	6.59448e-006	576.931
31.4613	-7.70497	230.24	-3.64041	-224.155	0.825722	18.8905	-4.42668	15.4586	30.689	1371.33	1390.99	-89.4238	4973.45	6.59448e-006	575.42
31.4620	-5.58284	283.358	-3.03242	-196.666	1.14028	3.00351	-2.27806	23.9954	30.6821	1370.68	1388.43	-90.937	4971.92	6.59448e-006	574.49
31.4627	-4.65237	225.343	-3.03242	-195.763	0.825722	-7.66687	-1.06137	30.7441	30.689	1369.92	1386.44	-92.32	4971.16	0.000159203	573.723
31.4633	-2.82407	206.444	-2.72468	-167.101	0.825722	-7.37705	0.155322	31.9554	30.689	1368.84	1384.92	-92.4664	4970.7	0.000311811	572.979
31.4640	-1.90992	-10.2343	-2.11669	-85.8975	0.222814	8.79977	0.776611	31.9554	30.6821	1369.17	1384.92	-91.8644	4970.55	0.000311811	572.049
31.4647	-2.82407	-288.569	-0.585468	7.4929	-0.0786402	44.8156	1.68266	28.2638	30.6762	1370.57	1385.48	-90.4814	4972.38	0.000311811	570.375
31.4653	-3.44438	-148.177	0.938249	82.2413	0.222814	73.7969	1.68266	19.4386	30.6762	1371.92	1385.64	-89.2611	4974.67	0.000311811	568.398
31.4660	-3.73822	66.052	0.938249	95.6924	-0.0786402	82.6493	0.465967	9.34437	30.6762	1373.16	1386.28	-88.2035	4975.59	0.000311811	567.026
31.4667	-3.44438	-46.5252	0.630503	-1.98607	-0.0786402	93.0299	-1.06137	-1.32667	30.6762	1374.67	1387	-87.1296	4976.04	0.000159203	566.399
31.4673	-2.53023	-271.177	0.330264	-124.671	0.524268	100.354	-1.68266	-11.9977	30.6703	1374.51	1385.96	-87.1296	4976.04	-0.000298575	565.027
31.4680	-1.90992	-228.419	0.630503	-163.715	0.524268	86.9438	-1.68266	-18.6887	30.6703	1373.43	1383.8	-87.5852	4975.13	-0.000298575	563.655
31.4687	-1.90992	-0.753445	1.54623	-141.462	0.222814	62.2044	-0.750724	-22.0343	30.6703	1372.68	1382.28	-88.0408	4974.52	-0.000145967	562.888
31.4693	-1.30593	118.856	1.54623	-102.102	0.524268	40.5474	0.155322	-19.0348	30.6703	1372.35	1381.4	-88.9519	4974.67	-0.000145967	561.981
31.4700	-0.685612	139.011	0.938249	-61.207	0.825722	13.9901	-0.155322	-9.22901	30.6703	1372.51	1381.08	-88.8055	4974.82	-0.000145967	560.772
31.4707	-0.391778	115.842	1.54623	-51.7281	0.524268	-16.2295	-1.06137	-0.403769	30.6644	1372.24	1379.72	-88.8055	4974.37	0.000159203	559.702
31.4713	-0.0816205	73.0842	1.85398	-68.8353	-1.61212	-34.2243	-1.37201	8.47915	30.6584	1372.24	1378.05	-89.1146	4974.06	0.000311811	558.633
31.4720	-1.30593	-52.0505	1.85398	-67.8875	-4.66598	-36.0422	-0.465967	13.6705	30.6584	1373.27	1378.61	-87.5852	4975.59	-0.000145967	556.796
31.4727	-1.90992	-166.197	2.76971	-42.881	-6.18636	-29.034	0.776611	2.65334	30.6584	1374.51	1379.24	-86.0557	4977.26	-0.000451137	555.424
31.4733	2.66083	-40.1209	2.16173	-18.7774	-5.88491	-19.8917	1.37201	-11.9977	30.6584	1375.59	1378.05	-86.3649	4976.96	0.000159203	554.494
31.4740	6.02359	77.6676	0.938249	18.4614	-5.88491	-19.2594	1.06137	-13.8435	30.6515	1375.27	1376.53	-86.8205	4976.2	0.000464373	553.122
31.4747	4.48913	-45.3323	1.85398	102.373	-5.88491	-29.6399	2.30395	-9.8635	30.6456	1373.43	1374.69	-87.7316	4975.13	-0.000298575	551.611
31.4753	6.62758	-77.3537	3.3777	168.319	-5.26889	-45.8168	4.73733	-4.03769	30.6515	1371.76	1371.73	-89.2611	4973.75	-0.000756307	551.006
31.4760	10.3005	36.4793	3.07746	202.489	-1.91358	-58.0153	5.33273	1.73044	30.6456	1371	1369.82	-90.1722	4972.99	-0.000298575	550.076
31.4767	10.3005	30.3889	2.16173	232.686	3.27667	-59.8595	4.11604	5.71045	30.6456	1370.68	1368.14	-90.6441	4972.23	-0.000298575	548.402
31.4773	7.2479	5.3369	0.938249	216.211	6.01597	-60.4655	2.5887	3.86465	30.6397	1370.57	1366.54	-90.1722	4972.38	-0.000756307	546.565
31.4780	10.9045	45.0183	-1.20096	126.206	6.01597	-56.8033	1.37201	-11.9977	30.6397	1370.41	1365.34	-89.8794	4972.99	-0.000603745	544.891
31.4787	31.0484	34.3445	-1.5012	-15.708	4.79705	-25.0556	2.30395	-20.5345	30.6397	1370.84	1364.46	-90.1722	4972.69	-0.000145967	543.985
31.4793	31.9626	-7.47166	0.938249	-85.5815	2.96211	13.9901	4.11604	-4.67219	30.6338	1371.76	1364.14	-90.0258	4973.14	0.000159203	543.217
31.4800	2.66083	-20.5942	1.85398	-80.7066	1.44174	41.1534	4.42668	8.13306	30.6338	1372.24	1363.1	-89.4238	4973.91	-0.000145967	542.45
31.4807	-13.8102	-10.2343	0.630503	-41.3463	0.825722	77.7752	4.11604	5.71045	30.6279	1372.08	1361.51	-89.2611	4973.6	-0.000298575	541.078
31.4813	-20.5357	18.7733	2.46197	60.2591	-0.0786402	120.193	4.73733	7.84466	30.6219	1371.76	1359.83	-89.5702	4973.14	0.000159203	539.102
31.4820	-24.5025	7.15773	6.74038	100.251	-0.0786402	162.322	5.04797	17.9389	30.615	1370.84	1357.27	-90.6441	4972.38	0.000464373	538.335
31.4827	-13.5163	-30.954	9.78782	49.6066	0.825722	191.619	3.20999	21.2844	30.615	1369.92	1355.11	-91.2461	4971.47	0.000159203	537.87
31.4833	-4.04838	-10.5482	9.48007	76.4637	0.524268	190.697	0.776611	13.6705	30.615	1369.76	1353.6	-91.5552	4970.7	-0.000145967	537.265
31.4840	-4.04838	-15.6968	5.82465	120.699	-0.0786402	151.941	-0.750724	1.44203	30.615	1369.76	1352.24	-92.1573	4970.55	-0.000145967	535.73
31.4847	-6.49699	-141.459	0.330264	-6.27417	-0.996109	117.743	-1.96742	-14.4203	30.6091	1370.68	1351.6	-91.2461	4972.84	0.000464373	533.289
31.4853	-6.79082	-300.122	-4.55614	-122.234	-0.996109	147.04	-2.27806	-35.8201	30.6091	1372.24	1351.36	-88.9519	4974.98	0.000464373	531.615
31.4860	-4.96252	-330.072	-4.24839	-81.6545	-0.393201	145.829	-1.37201	-51.3364	30.615	1373.43	1351.04	-87.8943	4975.59	-0.000145967	530.243
31.4867	-1.90992	-128.651	-1.80894	-0.451379	-0.0786402	58.5422	0.776611	-47.0679	30.5973	1374.08	1350.24	-87.4388	4975.74	6.59448e-006	528.871
31.4873	-0.0816205	174.109	-1.5012	92.3071	-0.0786402	2.08138	2.30395	-28.4946	30.5914	1374.08	1347.92	-87.7316	4975.28	0.000311811	528.104
31.4880	-0.0816205	224.464	-1.80894	97.182	0.222814	-8.589	2.5887	-13.209	30.5914	1373.59	1345.84	-87.7316	4975.13	0.000159203	527.197
31.4887	-1.30593	65.4869	-1.5012	-22.7495	0.524268	-69.0018	2.5887	-1.61508	30.5845	1373	1344.33	-87.7316	4975.89	6.59448e-006	525.663
31.4893	-3.44438	30.954	0.022518	-111.536	0.222814	-180.711	2.30395	5.42204	30.5845	1372.51	1342.01	-88.6591	4974.82	0.000464373	524.454
31.4900	-6.49699	18.1455	0.630503	-101.154	0.222814	-249.977	1.37201	4.21074	30.5845	1372.24	1339.45	-89.2611	4973.6	0.000464373	523.221
31.4907	-8.61912	-38.3001	-0.893213	-48.0719	-0.0786402	-208.165	-0.750724	7.84466	30.5786	1372.35	1337.77	-89.1146	4973.75	0.000159203	522.012
31.4913	-9.54959	13.8759	-2.11669	6.86097	-0.0786402	-89.4468	-1.68266	17.016	30.5726	1372.35	1336.34	-88.9519	4974.06	-0.000145967	520.64
31.4920	-8.01513	27.6263	-1.80894	55.3842	0.222814	9.40574	0.155322	20.0731	30.5667	1373.16	1335.94	-88.2035	4974.98	-0.000298575	519.245
31.4927	-5.58284	-52.3644	-3.03242	77.3664	-0.393201	50.0059	2.30395	17.9389	30.5608	1374.67	1335.62	-86.674	4976.5	-0.000298575	517.571
31.4933	-4.96252	-127.395	-0.893213	65.134	-0.996109	66.4725	2.5887	11.8247	30.5667	1375.1	1333.94	-86.2185	4977.26	6.59448e-006	516.06
31.4940	-4.04838	-207.072	21.3846	85.5815	-1.61212	74.4292	1.68266	3.86465	30.5608	1374.51	1331.46	-86.9832	4976.2	-0.000145967	515.13
31.4947	-5.27268	-213.79	52.2042	171.073	-2.52959	73.1909	-0.155322	-1.32667	30.5539	1373	1328.27	-88.3499	4974.52	-0.000603745	513.921
31.4953	-8.61912	-101.778	62.8927	230.881	-2.83105	63.4427	-0.465967	0.230725	30.5539	1371.76	1324.59	-89.7167	4973.3	-0.000145967	512.851
31.4960	-0.391778	10.8622	58.3141	256.519	-1.61212	34.435	0.465967	7.21016	30.548	1371	1322.03	-90.6441	4972.38	0.000311811	512.247
31.4967	13.043	119.484	57.6986	325.76	-0.694655	-4.00469	-0.465967	7.21016	30.5421	1370.25	1320.03	-91.0997	4971.62	-0.000145967	510.875
31.4973	12.1288	290.39	61.0613	410.304	-0.393201	-37.5703	-2.89935	1.15363	30.5421	1370.25	1318.68	-90.6441	4971.92	-0.000145967	509.178
31.4980	2.97098	392.921	56.1749	339.798	0.825722	-58.3314	-3.49475	0.230725	30.5362	1370.68	1317.56	-90.1722	4973.14	6.59448e-006	507.806
31.4987	-2.22008	359.33	27.7947	36.1555	0.825722	-55.2752	-3.20999	1.15363	30.5302	1371	1315.88	-89.8794	4973.75	0.000159203	506.434
31.4993	-0.685612	199.726	-21.6473	-204.61	-0.996109	-32.0902	-3.8054	-0.115363	30.5233	1371.43	1313.8	-89.8794	4973.6	0.000311811	505.225
31.5000	5.4196	1.06738	-61.3165	-226.276	-1.61212	-30.5621	-4.42668	1.15363	30.5233	1371.92	1312.28	-90.3349	4973.3	6.59448e-006	504.295
31.5007	7.2479	41.6278	-67.1186	-235.439	-0.393201	-77.2483	-2.5887	3.86465	30.5233	1371.92	1310.77	-89.5702	4973.75	-0.000145967	502.923
31.5013	4.19529	292.839	-47.8882	-270.557	-0.694655	-59.2535	0.776611	4.21074	30.5174	1371.76	1308.29	-89.4238	4973.6	-0.000145967	501.412
31.5020	-0.0816205	162.179	-24.0867	-271.46	-2.52959	62.5205	2.5887	5.71045	30.5115	1370.84	1305.73	-90.4814	4972.53	0.000159203	500.482
31.5027	-5.27268	-359.016	-15.5449	-249.477	-4.04997	121.405	3.83128	7.21016	30.5115	1369.49	1303.09	-91.8644	4971.47	0.000311811	500.04
31.5033	-5.87667	-362.407	-26.2259	-199.419	-4.35142	39.9415	3.52064	-0.692176	30.5115	1369	1300.22	-92.922	4970.25	-0.000145967	498.808
31.5040	-1.59976	62.7243	-31.4126	-118.577	-3.74852	-82.1224	0.776611	-11.9977	30.4997	1368.84	1298.06	-92.4664	4970.25	-0.000145967	496.366
31.5047	1.14269	204.623	-24.6947	-59.9883	-2.52959	-134.921	-1.68266	-11.7093	30.4938	1369.92	1297.58	-91.0997	4972.08	0.000616981	494.994
31.5053	2.36699	113.959	-20.1161	-73.3943	-1.91358	-123.934	-2.27806	-4.38378	30.4938	1372.68	1297.9	-88.9519	4974.52	0.000616981	494.529
31.5060	0.228537	-0.753445	-17.9844	-138.709	0.222814	-90.3689	-2.27806	-0.115363	30.4868	1373.75	1297.18	-87.7316	4975.74	0.000311811	492.716
31.5067	-0.685612	-112.766	-15.2372	-190.888	3.27667	-20.4977	-2.27806	3.57624	30.4868	1373.43	1295.34	-87.8943	4975.43	0.000769543	491.018
31.5073	3.57498	-157.909	-14.3214	-194.229	4.4956	47.8718	-1.68266	4.49914	30.4868	1373.75	1293.51	-87.7316	4974.98	0.000464373	489.949
31.5080	1.43652	-23.9847	-12.49	-147.872	4.19414	83.8876	-1.37201	5.42204	30.4809	1373.27	1291.03	-88.2035	4974.67	6.59448e-006	488.577
31.5087	-3.44438	174.988	-10.0505	-74.613	3.57813	100.67	-3.20999	13.9589	30.4691	1372.84	1288.79	-88.6591	4974.37	6.59448e-006	487.833
31.5093	0.832529	76.4747	-9.74278	-36.1555	2.05775	54.88	-3.8054	8.76756	30.4632	1372.84	1286.79	-88.3499	4974.82	0.000159203	486.763
31.5100	5.10944	-228.419	-9.43503	-25.5029	0.825722	-50.0849	-1.37201	-19.9001	30.4632	1372.84	1284.64	-88.3499	4975.43	0.000311811	485.066
31.5107	3.57498	-262.01	-7.91132	-9.61438	0.825722	-134.025	0.465967	-33.0514	30.4563	1372.84	1282.64	-88.8055	4974.67	0.000159203	484.322
31.5113	3.28114	-145.415	-6.68784	-43.4678	0.524268	-145.302	0.465967	-27.5717	30.4504	1372.84	1280.8	-88.4964	4974.37	-0.000298575	483.09
31.5120	5.4196	-223.836	-6.99559	-119.164	0.222814	-87.0229	0.155322	-29.9943	30.4563	1373.43	1279.6	-87.4388	4975.74	-0.000298575	480.509
31.5127	8.16205	-297.108	-6.99559	-154.552	0.524268	-18.6534	0.465967	-35.1856	30.4444	1374.35	1278.72	-86.674	4976.96	-0.000298575	478.509
31.5133	9.99035	-86.2066	-6.99559	-114.876	0.222814	4.53162	1.68266	-33.6859	30.4385	1375.1	1277.61	-86.2185	4977.57	6.59448e-006	477.742
31.5140	6.93774	187.545	-8.5193	-31.5966	-0.0786402	6.37588	3.20999	-23.5917	30.4385	1374.83	1275.37	-86.2185	4977.26	0.000159203	477.3
31.5147	2.66083	291.583	-9.74278	21.5308	-0.694655	12.4619	3.20999	-13.4974	30.4385	1373.43	1271.69	-87.8943	4975.43	-0.000298575	475.766
31.5153	1.74668	317.514	-9.74278	45.0025	-0.996109	13.7002	0.465967	-9.8635	30.4326	1372.24	1268.5	-89.5702	4973.3	-0.000603745	474.394
31.5160	0.832529	242.17	-6.99559	42.5651	-0.996109	-2.47658	-2.5887	-7.7293	30.4257	1371.6	1265.54	-90.1722	4972.84	-0.000451137	473.789
31.5167	-0.391778	41.3767	-3.03242	-17.2427	-0.694655	-27.2161	-3.20999	-4.67219	30.4198	1370.84	1262.98	-90.937	4972.84	-0.000451137	472.417
31.5173	-0.0816205	-108.496	0.330264	-55.3842	-0.694655	-17.1253	-2.5887	-1.61508	30.4139	1370.68	1261.14	-90.7905	4972.99	-0.000145967	470.883
31.5180	-0.391778	-112.452	3.3777	-24.555	-0.694655	12.4619	-0.750724	1.44203	30.4139	1371.33	1259.79	-90.3349	4973.6	-0.000145967	469.046
31.5187	0.228537	-20.5942	4.29343	15.1212	-0.393201	19.7863	0.776611	3.57624	30.408	1372.24	1258.67	-90.0258	4973.75	-0.000298575	467.372
31.5193	0.832529	55.3782	4.29343	32.1833	0.222814	18.2582	0.465967	1.73044	30.402	1372.24	1256.83	-89.7167	4973.6	-0.000145967	466.465
31.5200	-1.30593	43.7626	12.535	30.3778	0.222814	25.2928	-0.155322	2.36493	30.3961	1371.6	1255.07	-89.8794	4973.6	-0.000451137	464.931
31.5207	-4.65237	-1.69525	20.1611	18.1454	-0.393201	45.1318	-1.37201	6.63335	30.3961	1371.43	1253.23	-89.8794	4973.75	-0.000451137	462.954
31.5213	-5.87667	-32.5237	15.8902	3.52076	-0.996109	67.7108	-2.89935	4.49914	30.3833	1371.6	1250.76	-90.1722	4973.3	6.59448e-006	461.885
31.5220	-4.04838	-39.807	10.7035	-4.10755	-0.996109	88.4456	-2.27806	-4.03769	30.3833	1370.84	1248.76	-90.7905	4972.53	0.000159203	461.42
31.5227	-0.99577	-41.6278	11.6193	3.83672	-0.694655	97.9304	-2.27806	-9.5751	30.3833	1369.49	1246.04	-91.8644	4971.62	-0.000145967	460.211
31.5233	0.522371	-58.4548	13.4507	15.1212	-0.694655	76.2471	-3.49475	-12.2861	30.3774	1368.73	1243.57	-92.4664	4970.86	-0.000145967	458.839
31.5240	-1.30593	-52.3644	14.0587	15.1212	-0.694655	32.6171	-4.11604	-16.2661	30.3715	1369.49	1242.69	-91.8644	4971.62	0.000311811	457.606
31.5247	-2.82407	1.06738	14.3665	2.30203	-0.0786402	-24.7658	-3.20999	-17.189	30.3587	1371	1242.53	-90.4814	4972.99	0.000159203	455.63
31.5253	-0.0816205	71.8912	13.143	-12.3678	-0.0786402	-69.3179	-2.5887	-17.7658	30.3527	1372.68	1242.53	-88.6591	4974.98	0.000311811	454.258
31.5260	3.57498	87.4624	10.3958	-8.98245	0.524268	-98.6154	-2.5887	-19.9001	30.3527	1373.92	1241.73	-87.7316	4975.89	0.000311811	452.886
31.5267	4.19529	23.0429	9.17983	13.2706	0.524268	-112.948	-1.96742	-16.9006	30.3527	1374.35	1240.05	-87.5852	4975.74	-0.000145967	451.212
31.5273	3.57498	6.84379	2.16173	26.4057	-0.0786402	-63.2055	-0.750724	-9.5751	30.3409	1373.75	1238.21	-87.4388	4975.89	0.000159203	449.841
31.5280	2.66083	80.4302	-10.6585	19.9961	-0.0786402	9.7219	0.155322	-4.96059	30.3409	1372.84	1235.97	-88.4964	4975.28	0.000159203	448.143
31.5287	1.14269	110.631	-10.9663	25.7738	-0.0786402	40.5474	0.155322	0.807538	30.3409	1372.24	1233.5	-89.2611	4974.37	-0.000145967	446.771
31.5293	-0.99577	60.9035	-2.11669	63.9153	-0.0786402	61.5984	-0.750724	6.92176	30.335	1371.92	1231.5	-89.1146	4974.37	-0.000145967	445.702
31.5300	-2.82407	9.29249	0.330264	99.6194	-0.996109	92.1078	-1.37201	4.78755	30.3281	1372.08	1229.58	-89.1146	4974.52	6.59448e-006	444.632
31.5307	-2.53023	-37.6722	1.24599	78.5851	-0.996109	91.5018	-1.68266	-0.980582	30.3162	1372.35	1227.74	-89.1146	4973.91	-0.000145967	443.423
31.5313	-0.391778	-181.455	4.60117	24.555	0.222814	54.274	-0.750724	-2.24957	30.3162	1372.68	1225.91	-88.6591	4974.52	-0.000145967	441.889
31.5320	0.522371	-286.686	5.20916	33.4021	0.825722	7.58783	-0.465967	1.44203	30.3162	1373.43	1224.55	-87.7316	4976.04	6.59448e-006	440.215
31.5327	0.228537	-104.854	4.90892	118.261	1.14028	-56.1973	-1.37201	6.34494	30.3103	1374.67	1223.75	-86.5113	4976.96	-0.000145967	438.843
31.5333	0.522371	77.0397	4.90892	193.326	1.14028	-112.948	-1.96742	5.42204	30.3044	1375.27	1222.55	-85.9093	4977.88	-0.000298575	437.471
31.5340	1.74668	12.9969	4.29343	216.843	0.825722	-124.251	-2.89935	-0.980582	30.2975	1374.35	1219.51	-86.674	4977.42	-0.000298575	435.797
31.5347	4.48913	-9.60642	5.51691	261.981	0.524268	-76.6423	-3.49475	-7.7293	30.2975	1372.24	1214.56	-88.8055	4974.67	0.000159203	434.425
31.5353	4.48913	77.0397	9.48007	404.797	0.222814	17.6522	-1.96742	-10.7864	30.2916	1370.68	1210.32	-90.7905	4972.53	0.000159203	433.797
31.5360	-0.391778	83.7579	6.12489	528.43	0.222814	86.9438	-1.68266	-5.88349	30.2857	1370.68	1207.85	-91.0997	4972.08	-0.000145967	433.053
31.5367	-6.79082	57.8269	-10.6585	402.36	0.222814	110.129	-3.20999	-0.980582	30.2798	1370.68	1205.77	-90.6441	4972.38	-0.000145967	431.356
31.5373	-13.5163	78.8606	-21.6473	116.411	-0.393201	120.509	-2.89935	-8.6522	30.2738	1370.68	1202.97	-90.1722	4973.3	0.000159203	429.984
31.5380	-17.1729	63.6033	-13.7135	-61.7938	-0.0786402	118.981	-1.68266	-20.823	30.261	1371.6	1201.14	-89.7167	4973.45	6.59448e-006	428.775
31.5387	-18.3973	25.1776	-5.16412	-181.409	-0.0786402	80.5153	-1.68266	-18.4003	30.2551	1371.76	1199.06	-89.5702	4973.6	-0.000298575	426.938
31.5393	-19.6052	61.4685	-2.72468	-281.209	-0.0786402	24.0545	-1.06137	-9.22901	30.2492	1371.76	1196.02	-89.5702	4973.91	6.59448e-006	426.031
31.5400	-23.572	40.7488	0.938249	-222.033	0.524268	-4.61066	1.68266	-9.8635	30.2433	1372.24	1193.54	-89.2611	4974.52	0.000311811	425.264
31.5407	-34.8683	-97.1944	4.29343	-58.7244	0.524268	-29.3501	1.9933	-8.0177	30.2374	1372.08	1190.99	-89.5702	4974.06	6.59448e-006	422.823
31.5413	-21.4499	-123.753	6.12489	39.2249	0.222814	-86.1007	1.06137	-2.24957	30.2305	1371.43	1186.99	-91.0997	4972.23	-0.000298575	420.684
31.5420	21.8906	-35.2235	5.51691	49.8774	0.524268	-129.731	1.06137	-5.88349	30.2245	1370.68	1183.16	-91.5552	4971.62	-0.000145967	419.777
31.5427	37.7576	-16.9525	4.90892	17.5587	0.524268	-103.2	2.5887	-9.5751	30.2186	1369	1179.16	-92.1573	4971.31	6.59448e-006	418.707
31.5433	22.8048	-50.4808	5.51691	-85.5815	0.825722	-21.7096	4.73733	0.807538	30.2068	1368.41	1175.41	-93.0847	4970.09	6.59448e-006	417.638
31.5440	10.5943	-52.0505	4.60117	-263.515	1.14028	55.5123	4.42668	14.5357	30.194	1369.49	1173.25	-92.4664	4970.4	0.000159203	416.103
31.5447	4.48913	-166.197	2.16173	-368.822	0.825722	119.903	1.9933	17.5928	30.194	1371.33	1172.37	-90.7905	4972.53	6.59448e-006	414.127
31.5453	2.36699	-282.73	0.630503	-305.313	1.14028	184.295	0.776611	13.6705	30.1881	1372.84	1170.93	-89.2611	4974.98	0.000311811	412.755
31.5460	0.832529	-173.481	-1.5012	-141.146	0.825722	210.22	-1.06137	9.97887	30.1762	1374.08	1169.25	-87.5852	4976.2	0.000464373	411.825
31.5467	-0.99577	-131.099	-3.94815	19.9961	-0.393201	188.247	-2.27806	5.99886	30.1703	1375.43	1167.34	-86.5113	4976.5	0.000159203	410.918
31.5473	-1.30593	-135.934	-5.16412	40.7596	-0.393201	157.737	-1.37201	0.807538	30.1575	1374.83	1163.34	-87.7316	4975.59	0.000311811	409.383
31.5480	-0.391778	-41.6278	-5.77211	-46.8532	-0.0786402	129.046	-0.465967	-3.46088	30.1516	1373.27	1159.19	-89.2611	4974.52	0.000311811	407.57
31.5487	1.74668	-40.7488	-7.91132	-87.4322	-0.0786402	74.4292	0.465967	-4.96059	30.1457	1373.27	1155.99	-89.1146	4974.21	0.000159203	406.338
31.5493	3.28114	-94.7457	-9.43503	-81.0226	-0.0786402	-18.0474	1.68266	-2.82638	30.1397	1373.59	1153.27	-88.8055	4974.52	6.59448e-006	405.268
31.5500	3.57498	-18.7733	-9.13479	-81.9253	-0.393201	-106.546	1.37201	0.519132	30.1328	1373.16	1150.24	-89.2611	4974.37	0.000159203	403.757
31.5507	4.19529	240.6	-7.60357	-84.9947	-0.0786402	-148.964	-0.155322	2.94175	30.121	1372.84	1146.08	-89.8794	4973.45	0.000159203	402.524
31.5513	3.57498	349.284	-6.68784	-77.9532	0.524268	-151.098	0.155322	5.42204	30.1151	1373.43	1143.68	-88.8055	4974.21	6.59448e-006	401.455
31.5520	-1.59976	178.064	-4.55614	-65.134	0.222814	-134.025	1.06137	3.86465	30.1151	1374.19	1142.57	-87.8943	4975.74	0.000159203	400.083
31.5527	-9.54959	106.989	2.16173	-52.9468	-0.393201	-116.004	1.37201	-3.11479	30.0963	1375.1	1140.41	-87.4388	4976.5	0.000311811	398.548
31.5533	-15.6385	181.141	8.56434	-41.3463	-0.0786402	-109.602	1.06137	-8.0177	30.0904	1375.27	1138.01	-86.674	4976.96	-0.000145967	395.968
31.5540	-16.2588	231.81	10.7035	-33.1312	-0.694655	-123.934	-0.465967	-8.6522	30.0904	1374.51	1134.65	-86.9832	4976.04	-0.000756307	393.991
31.5547	-15.0345	304.392	11.6193	-25.7738	-1.31067	-148.358	-3.20999	-6.80639	30.0786	1373.43	1130.1	-89.1146	4974.21	-0.000603745	393.526
31.5553	-14.7243	356.003	11.927	-15.708	-0.393201	-138.899	-4.42668	-3.46088	30.0658	1372.35	1126.1	-90.4814	4972.99	-0.000145967	393.061
31.5560	-17.7769	254.036	9.78782	-3.83672	0.222814	-93.4251	-3.20999	-1.61508	30.0658	1371.43	1123.23	-90.6441	4972.53	-0.000145967	392.154
31.5567	-15.9486	78.8606	7.34837	4.42352	-0.393201	-60.1493	-1.37201	-1.90348	30.0599	1371.33	1120.91	-90.6441	4972.38	0.000159203	390.783
31.5573	-1.30593	-112.138	6.12489	4.73948	-0.0786402	-54.3531	0.155322	-1.61508	30.048	1371.76	1118.59	-90.4814	4972.99	0.000311811	389.411
31.5580	7.2479	-221.701	4.29343	2.57286	1.14028	-54.6692	1.68266	0.230725	30.0421	1371.76	1116.52	-90.1722	4973.6	6.59448e-006	387.737
31.5587	3.28114	-139.011	3.3777	1.35414	0.825722	-44.8946	2.89935	2.94175	30.0421	1371.76	1114.2	-90.3349	4973.6	6.59448e-006	385.9
31.5593	5.4196	-59.0826	3.68544	-1.08331	0.524268	-31.4842	2.5887	4.21074	30.0352	1372.08	1111.72	-90.1722	4973.3	6.59448e-006	384.667
31.5600	11.8186	-36.7932	4.29343	-1.98607	0.222814	-21.7096	2.89935	5.07595	30.0293	1372.24	1109.8	-89.7167	4973.45	0.000159203	383.598
31.5607	6.33375	-0.125574	3.99319	3.83672	-0.0786402	-7.37705	3.83128	8.47915	30.0234	1372.51	1107.65	-89.7167	4973.75	6.59448e-006	382.389
31.5613	1.43652	4.14395	2.76971	24.871	0.524268	6.37588	3.52064	9.05597	30.0115	1372.35	1104.77	-90.0258	4973.3	-0.000451137	380.715
31.5620	9.99035	-8.7274	1.85398	48.9747	0.524268	7.90399	2.89935	0.230725	29.9987	1371.16	1101.41	-91.0997	4971.92	-0.000298575	379.482
31.5627	17.0097	-13.8759	2.46197	53.5787	-0.0786402	6.98185	3.52064	-8.6522	29.9928	1370.08	1098.14	-92.1573	4970.55	6.59448e-006	378.715
31.5633	19.1482	-25.4916	3.68544	55.3842	0.524268	3.00351	4.11604	-7.44089	29.9869	1369.49	1095.74	-92.6128	4970.4	0.000159203	377.646
31.5640	16.6995	-42.2557	3.3777	81.0226	1.14028	-4.61066	4.42668	-5.88349	29.981	1370.08	1093.9	-92.1573	4971.47	0.000159203	375.972
31.5647	6.62758	-55.0643	2.16173	93.5258	0.524268	-10.7231	3.83128	-7.0948	29.9741	1372.68	1094.06	-89.7167	4974.21	-0.000145967	374.762
31.5653	-1.30593	-61.7825	0.938249	74.0262	0.524268	-40.9426	1.9933	-4.96059	29.9741	1373.92	1093.42	-87.7316	4975.89	-0.000145967	373.088
31.5660	-1.59976	-58.1408	0.330264	40.1276	0.825722	-79.3824	-0.465967	1.73044	29.9622	1373.75	1091.43	-87.1296	4976.2	6.59448e-006	370.787
31.5667	-1.30593	-46.8392	0.022518	-23.0203	0.222814	-64.1277	-1.06137	10.6134	29.9504	1374.51	1089.51	-87.1296	4975.74	0.000159203	369.88
31.5673	-3.44438	-56.32	1.24599	-59.0404	-0.0786402	-14.0691	-0.155322	17.3044	29.9504	1374.51	1087.03	-87.5852	4975.28	6.59448e-006	368.95
31.5680	-4.65237	-70.0704	5.82465	-12.9546	-0.0786402	15.2283	1.06137	19.1502	29.9435	1373.59	1084.47	-88.4964	4974.98	0.000311811	367.88
31.5687	-8.61912	-48.0949	10.3958	51.7281	-0.0786402	23.4485	1.37201	14.5357	29.9376	1373	1082.16	-88.9519	4974.37	-0.000145967	366.508
31.5693	-29.9874	-16.3246	11.0113	74.297	-0.393201	40.2313	1.06137	8.13306	29.9257	1372.68	1079.52	-88.8055	4974.06	-0.000145967	364.834
31.5700	-71.4995	2.26033	11.3115	42.5651	-0.393201	67.7108	1.06137	1.73044	29.9198	1373.27	1076.96	-89.1146	4974.37	0.000464373	364.23
31.5707	-109.029	-0.43951	11.6193	1.08331	0.222814	68.3168	1.37201	-4.38378	29.9139	1373.43	1074.49	-89.2611	4974.21	0.000311811	363.323
31.5713	-124.292	-36.4793	13.4507	-0.767345	0.524268	45.4216	1.68266	-5.59509	29.907	1373	1072.25	-89.2611	4974.06	-0.000451137	361.184
31.5720	-119.411	-75.8468	18.0294	1.98607	-0.694655	30.483	3.20999	-4.67219	29.9011	1374.19	1071.29	-87.7316	4975.13	-0.000451137	359.184
31.5727	-87.3665	-94.7457	16.1979	-9.29841	-1.61212	15.2283	4.73733	-5.59509	29.8952	1375.59	1070.25	-85.9093	4976.96	-0.000298575	357.975
31.5733	-48.303	-125.26	3.3777	-4.73948	-1.31067	-6.45492	4.42668	-3.46088	29.8833	1375.75	1067.69	-86.2185	4977.26	-0.000298575	356.906
31.5740	-37.6107	-168.583	-13.098	14.8052	-1.31067	-17.4415	3.83128	2.01885	29.8764	1375.1	1063.7	-86.9832	4976.04	-0.000298575	355.673
31.5747	25.8574	-131.351	-22.8633	23.3363	-0.996109	-8.27284	3.20999	2.36493	29.8705	1373.92	1059.14	-88.3499	4974.52	-0.000298575	354.766
31.5753	159.829	3.51608	-19.2003	2.88883	-0.996109	1.47541	2.5887	-2.24957	29.8646	1372.08	1055.15	-90.0258	4973.45	-0.000298575	354.162
31.5760	170.211	56.0061	-6.99559	-14.8052	-1.31067	2.39754	1.37201	-3.46088	29.8587	1371.76	1051.95	-90.7905	4972.84	-0.000145967	353.395
31.5767	59.4197	-20.9081	1.24599	9.93034	-0.694655	16.4403	-0.465967	0.519132	29.8587	1371.76	1048.76	-90.6441	4972.69	-0.000298575	351.256
31.5773	6.02359	22.415	0.630503	52.9468	-0.0786402	31.3788	-1.37201	2.36493	29.8459	1370.68	1045.08	-91.0997	4972.84	-0.000145967	349.116
31.5780	7.54173	204.623	-3.94815	102.373	0.524268	24.0545	-1.37201	-3.11479	29.834	1371.16	1042.92	-91.0997	4972.99	0.000159203	348.512
31.5787	9.38635	247.067	-4.85638	134.105	1.44174	57.9362	-0.465967	-8.30611	29.834	1372.51	1041.41	-90.0258	4973.45	6.59448e-006	347.28
31.5793	13.043	175.615	-5.47187	89.8696	2.35921	135.448	1.37201	-9.8635	29.8281	1372.51	1038.69	-89.8794	4974.06	-0.000145967	345.605
31.5800	19.1482	204.309	-7.60357	-10.2012	2.05775	125.067	4.11604	-13.4974	29.8094	1372.51	1035.73	-90.3349	4973.91	6.59448e-006	344.536
31.5807	17.9239	225.971	-6.3876	-78.5851	2.35921	31.089	5.64338	-13.8435	29.8035	1372.51	1032.54	-90.6441	4973.91	6.59448e-006	343.466
31.5813	10.3005	-12.9969	-5.47187	-92.939	2.66066	-18.0474	5.04797	-8.0177	29.8035	1371.92	1028.78	-90.7905	4972.99	6.59448e-006	342.095
31.5820	2.66083	-238.779	-7.91132	-97.4979	2.66066	1.1856	2.89935	-1.61508	29.7976	1371	1024.78	-92.1573	4971.77	0.000311811	341.188
31.5827	-0.0816205	-138.697	-10.9663	-87.1162	2.66066	34.7512	0.776611	2.65334	29.7916	1370.25	1021.11	-93.0847	4971.31	0.000311811	341.188
31.5833	12.4226	-27.9402	-12.49	-49.2906	2.35921	42.9977	-1.37201	3.57624	29.7857	1369.49	1017.43	-93.3776	4971.01	0.000616981	340.118
31.5840	30.4281	-45.6462	-11.2665	-18.4614	1.74319	27.7166	-1.96742	2.94175	29.7729	1369.76	1014.4	-93.0847	4971.31	0.000922151	337.979
31.5847	35.6192	-27.3124	-8.82705	-10.2012	1.74319	14.596	-0.155322	1.73044	29.7611	1371.76	1013.04	-91.3925	4973.14	0.000464373	336.305
31.5853	31.9626	16.3246	-6.99559	-15.1212	1.74319	10.3279	1.68266	0.230725	29.7551	1373.43	1011.84	-89.5702	4974.82	6.59448e-006	334.166
31.5860	24.6331	41.9418	-6.3876	-18.1454	1.74319	6.37588	1.9933	2.01885	29.7423	1374.19	1009.2	-88.8055	4975.59	0.000159203	332.492
31.5867	13.6469	47.1531	-6.07985	-14.1733	1.14028	6.98185	0.776611	5.42204	29.7364	1375	1006.33	-88.3499	4976.04	0.000159203	331.725
31.5873	4.79928	37.1072	-6.68784	-26.4057	1.14028	24.9766	-1.37201	4.21074	29.7246	1374.35	1002.33	-88.0408	4975.89	6.59448e-006	330.516
31.5880	1.74668	24.5497	-7.30333	-56.0162	1.14028	53.6681	-2.89935	1.44203	29.7118	1373.92	998.816	-88.4964	4974.98	6.59448e-006	329.585
31.5887	0.832529	16.0107	-4.24839	-52.9468	0.825722	79.6195	-4.42668	-1.32667	29.7058	1374.19	995.46	-88.8055	4974.37	-0.000145967	328.818
31.5893	-3.44438	13.2481	3.07746	-13.5865	0.825722	101.593	-5.33273	-10.1519	29.6999	1373.43	990.745	-88.8055	4975.13	-0.000145967	326.842
31.5900	-10.7576	12.9969	3.68544	11.465	1.14028	103.727	-5.02209	-18.6887	29.6881	1372.68	986.191	-89.2611	4975.43	-0.000145967	324.703
31.5907	-20.5357	10.8622	-5.47187	9.93034	0.825722	78.0914	-5.33273	-21.4574	29.6812	1372.68	982.515	-89.8794	4973.91	-0.000145967	323.935
31.5913	-24.7963	0.753445	-10.3508	-1.6701	0.222814	46.3437	-5.95402	-19.3232	29.6694	1373.27	979.958	-90.0258	4974.06	-0.000145967	323.029
31.5920	-11.9819	-11.1133	-8.82705	-13.9025	-0.393201	6.98185	-4.42668	-10.7864	29.6634	1374.35	977.801	-88.6591	4976.2	0.000159203	321.494
31.5927	9.99035	-12.0551	-9.43503	-22.1176	0.524268	-49.4789	-0.750724	-0.980582	29.6447	1375.75	975.483	-87.5852	4977.26	0.000311811	320.285
31.5933	27.6857	-5.65084	-10.0505	-13.5865	2.05775	-95.8753	1.68266	4.21074	29.6329	1376.18	972.926	-87.7316	4977.57	-0.000451137	318.913
31.5940	26.4614	0.43951	-9.43503	9.93034	2.96211	-104.728	1.06137	3.28783	29.627	1374.67	968.052	-89.1146	4976.5	-0.000451137	317.239
31.5947	13.9571	2.88821	-11.5742	41.3463	2.35921	-83.6505	-1.37201	2.01885	29.6141	1373	961.42	-91.2461	4974.06	6.59448e-006	316.472
31.5953	8.76604	-2.00919	-12.1822	82.8732	0.222814	-55.8812	-2.89935	4.21074	29.6023	1371.92	956.386	-92.32	4972.84	-0.000298575	315.704
31.5960	7.85189	-9.92036	-3.03242	100.567	-0.393201	-33.6183	-3.49475	-0.115363	29.5905	1371.33	952.311	-92.6128	4972.84	0.000159203	314.798
31.5967	7.2479	-12.683	11.6193	91.9911	0.825722	-24.4497	-2.89935	-12.5745	29.5717	1371.43	947.996	-92.32	4972.84	6.59448e-006	313.868
31.5973	7.54173	-11.7412	18.6374	89.5537	1.14028	-30.2459	-1.06137	-20.823	29.5599	1371.33	942.962	-92.0108	4973.14	6.59448e-006	311.729
31.5980	6.02359	-14.8177	21.9926	60.8911	0.524268	-37.2805	-0.465967	-19.0348	29.553	1370.84	937.688	-92.0108	4973.45	0.000311811	309.589
31.5987	2.97098	-19.0873	22.9083	33.1312	0.524268	-31.168	-1.68266	-12.2861	29.5471	1371.6	933.373	-91.0997	4973.45	-0.000451137	308.38
31.5993	-0.99577	-14.5038	19.8609	70.3249	-0.0786402	-14.3853	-2.89935	-10.4403	29.5293	1372.35	929.298	-90.6441	4972.99	-0.000756307	307.776
31.6000	-3.73822	-5.65084	15.2822	153.65	-0.0786402	-4.61066	-4.73733	-13.209	29.5165	1372.24	924.504	-90.7905	4973.14	-0.000451137	306.706
31.6007	-3.73822	-5.02297	10.0956	301.973	0.524268	-4.32085	-6.23878	-9.5751	29.5047	1371.92	919.07	-90.7905	4973.91	-0.000145967	305.032
31.6013	-3.44438	-8.09953	5.51691	469.209	-0.0786402	3.31967	-6.86007	-1.32667	29.4988	1371.92	913.237	-91.5552	4973.14	0.000159203	304.404
31.6020	-4.04838	-7.7856	3.3777	438.064	-0.393201	24.0545	-5.95402	-3.46088	29.48	1371	907.724	-92.32	4971.62	-0.000298575	303.8
31.6027	-4.65237	-5.65084	1.24599	173.51	0.222814	46.9497	-3.49475	-10.4403	29.4623	1369.65	902.53	-92.4664	4971.31	-0.000298575	302.428
31.6033	-4.65237	5.65084	-0.893213	-68.5194	1.14028	60.0703	-1.37201	-10.1519	29.4495	1369.33	897.256	-92.7755	4970.86	6.59448e-006	301.219
31.6040	-3.73822	21.222	-0.893213	-140.83	1.14028	61.5984	-1.06137	-4.03769	29.4435	1369.92	892.622	-92.6128	4971.47	0.000311811	299.522
31.6047	-2.22008	18.1455	0.022518	-88.6509	0.825722	48.4778	-0.155322	3.57624	29.4317	1371.43	889.106	-91.2461	4973.3	0.000616981	298.01
31.6053	-0.99577	7.47166	0.630503	-38.277	0.222814	19.1803	1.68266	8.47915	29.413	1373.43	886.709	-89.5702	4974.98	0.000464373	296.639
31.6060	-0.685612	12.3691	0.330264	-106.661	0.222814	-0.0526932	2.30395	2.94175	29.4011	1374.19	883.512	-88.8055	4976.2	0.000159203	295.267
31.6067	-1.30593	8.97855	0.022518	-170.125	0.222814	7.90399	2.30395	-6.80639	29.3883	1374.35	878.478	-89.2611	4976.2	0.000159203	294.337
31.6073	-1.30593	-18.1455	-0.893213	-117.359	0.524268	17.6522	3.20999	-0.115363	29.3765	1374.08	873.125	-90.3349	4975.43	-0.000145967	292.965
31.6080	-1.90992	-38.928	-0.585468	-98.1299	0.825722	20.3923	4.11604	15.1702	29.3577	1372.68	867.451	-91.5552	4974.67	6.59448e-006	291.291
31.6087	-3.44438	-37.1072	-1.20096	-168.59	0.524268	28.349	4.42668	14.2473	29.3459	1372.68	862.258	-91.7017	4974.67	0.000464373	290.826
31.6093	-4.04838	-23.3568	0.330264	-206.461	0.524268	35.041	5.33273	4.49914	29.3341	1373.16	857.543	-92.0108	4974.21	0.000159203	289.756
31.6100	-3.44438	-14.8177	12.2273	-189.67	0.825722	37.2014	6.86007	0.519132	29.3153	1372.35	851.71	-92.922	4973.45	0.000311811	288.245
31.6107	-2.53023	-19.7151	26.879	-167.371	0.524268	32.301	6.57531	5.99886	29.2966	1372.51	846.676	-92.7755	4973.75	0.000311811	287.617
31.6113	-1.59976	4.70903	30.5419	-148.143	0.825722	24.6868	5.64338	14.8818	29.2789	1373.43	842.281	-91.8644	4974.52	6.59448e-006	286.571
31.6120	-0.685612	59.3338	29.3184	-121.918	0.222814	43.2875	3.83128	12.7476	29.266	1374.19	837.727	-90.1722	4976.35	6.59448e-006	284.734
31.6127	-0.99577	47.781	29.0182	-95.0605	-0.694655	78.9872	2.30395	4.49914	29.2601	1375.59	833.412	-88.9519	4977.42	6.59448e-006	283.804
31.6133	-3.13423	-21.536	32.0656	-79.8039	-0.694655	86.0217	0.465967	-0.692176	29.2424	1376.18	828.378	-88.4964	4976.96	-0.000298575	282.734
31.6140	-4.96252	-39.2419	41.8309	-74.0262	-0.0786402	68.6329	-0.465967	-4.03769	29.2236	1374.83	821.106	-89.1146	4976.04	-0.000451137	281.525
31.6147	-3.73822	-8.7274	33.8971	-75.2449	-0.393201	41.1534	-0.750724	-8.0177	29.2118	1372.84	813.276	-90.6441	4974.06	-0.000603745	280.618
31.6153	-2.22008	13.2481	-10.6585	-73.3943	-1.31067	-0.658665	-1.68266	-10.1519	29.199	1371.6	806.883	-91.5552	4972.84	-0.000298575	279.688
31.6160	-0.685612	22.7289	-53.6904	-58.4536	-1.61212	-34.5404	-0.750724	-5.88349	29.1812	1371.16	800.651	-92.1573	4972.38	-0.000145967	278.921
31.6167	0.228537	27.3124	-47.588	-42.2491	-1.31067	-41.2325	1.06137	-0.403769	29.1684	1371.16	795.776	-92.0108	4972.38	-0.000145967	277.852
31.6173	-1.59976	26.9984	-16.4531	-33.4021	-1.61212	-32.38	0.776611	-0.403769	29.1566	1371.43	791.462	-91.2461	4973.14	-0.000298575	276.038
31.6180	-5.27268	24.5497	-3.64041	-21.8016	-1.61212	-25.0556	0.776611	-1.90348	29.1378	1372.35	787.067	-91.0997	4972.69	-0.000451137	274.806
31.6187	-8.01513	20.5942	-4.85638	-8.07969	-1.31067	-23.2377	0.155322	0.230725	29.1201	1373.16	783.551	-90.937	4972.69	-0.000451137	274.038
31.6193	-8.32529	13.8759	-6.99559	-1.98607	-0.694655	-21.3935	-0.750724	2.36493	29.1083	1372.51	778.996	-90.4814	4973.45	-0.000145967	272.829
31.6200	-8.61912	5.65084	-7.30333	0.135414	0.222814	-18.0474	0.155322	1.44203	29.0954	1372.35	774.042	-90.4814	4973.45	6.59448e-006	271.597
31.6207	-8.92928	-8.09953	-6.99559	3.20479	0.524268	-13.1733	2.89935	-0.115363	29.0895	1372.68	770.606	-90.0258	4973.6	-0.000145967	270.086
31.6213	-7.41114	-17.8315	-8.82705	7.76372	0.524268	-9.19497	5.64338	1.15363	29.0777	1371.76	766.611	-90.4814	4973.3	6.59448e-006	269.016
31.6220	-5.87667	-13.2481	-10.0505	11.7359	0.524268	-7.98302	7.17071	2.65334	29.0589	1370.41	760.778	-92.1573	4971.77	6.59448e-006	268.249
31.6227	-2.22008	-6.84379	-3.64041	13.2706	1.14028	-4.00469	7.17071	2.01885	29.053	1369.17	755.424	-93.3776	4970.55	0.000311811	267.179
31.6233	1.43652	-4.70903	9.17983	13.5865	0.825722	3.92565	7.17071	0.807538	29.0402	1369.17	751.988	-93.5403	4970.09	0.000311811	266.575
31.6240	0.832529	-3.20214	14.6742	12.6838	0.222814	13.3841	6.57531	1.15363	29.0225	1370.25	749.032	-92.32	4971.47	0.000159203	265.04
31.6247	-1.90992	0.125574	11.6193	12.3678	0.524268	16.7301	3.83128	3.86465	29.0106	1371.76	746.635	-90.937	4973.45	6.59448e-006	263.064
31.6253	-5.58284	2.57427	7.95635	13.2706	-0.0786402	2.39754	1.06137	5.99886	28.9978	1373.43	744.637	-90.1722	4973.91	6.59448e-006	261.994
31.6260	-8.61912	5.3369	2.16173	13.2706	-0.694655	-14.0691	-1.06137	5.71045	28.986	1374.51	742.639	-89.2611	4974.98	0.000159203	260.762
31.6267	-9.23944	10.2343	3.3777	12.6838	-0.694655	-7.98302	-3.20999	4.78755	28.9672	1374.35	739.283	-88.6591	4976.2	0.000159203	260.018
31.6273	-8.01513	14.5038	11.927	13.9025	-0.694655	7.90399	-4.11604	3.57624	28.9613	1373.92	735.048	-89.2611	4975.74	6.59448e-006	259.39
31.6280	-6.18683	14.8177	7.64861	15.1212	-0.694655	7.58783	-2.27806	-0.115363	28.9554	1373.92	731.373	-89.5702	4975.43	6.59448e-006	258.018
31.6287	-1.59976	11.4272	-2.72468	15.1212	-0.0786402	-8.27284	-0.155322	-4.67219	28.9495	1373	726.658	-90.1722	4975.43	0.000311811	256.344
31.6293	2.05684	8.97855	-2.72468	14.1733	-0.0786402	-22.0258	0.776611	-7.7293	28.9308	1372.35	721.704	-90.937	4974.67	0.000464373	255.577
31.6300	1.74668	10.8622	2.16173	12.9546	0.222814	-26.8999	0.465967	-7.7293	28.9189	1372.68	718.109	-91.2461	4974.06	0.000464373	254.67
31.6307	-1.30593	12.3691	12.8428	13.9025	0.825722	-25.3718	0.465967	-5.59509	28.912	1372.51	714.113	-91.3925	4973.91	0.000616981	253.438
31.6313	-4.04838	11.7412	29.3184	16.9267	0.524268	-23.8437	-0.155322	-2.82638	28.9061	1373.16	710.917	-90.7905	4974.98	0.000159203	252.531
31.6320	-4.35853	11.4272	35.4208	17.8746	-0.0786402	-26.8999	-1.96742	-0.692176	28.8943	1374.51	708.44	-89.5702	4976.04	-0.000145967	251.159
31.6327	-3.44438	9.60642	25.6555	18.4614	0.222814	-23.8437	-3.49475	2.01885	28.8824	1375.75	705.883	-88.8055	4976.35	-0.000451137	249.787
31.6333	-1.90992	8.09953	8.2641	19.9961	0.222814	-15.5972	-4.73733	3.86465	28.8755	1375.75	702.048	-88.2035	4977.42	-0.000603745	248.113
31.6340	-0.99577	8.09953	-13.098	17.2427	-0.0786402	-16.5193	-6.54942	4.78755	28.8637	1374.08	696.374	-89.5702	4976.65	0.000159203	247.509
31.6347	-1.59976	6.52986	-25.6105	8.07969	-0.0786402	-17.7313	-5.95402	5.99886	28.8578	1372.51	691.26	-91.8644	4973.75	0.000311811	247.648
31.6353	-3.13423	4.70903	-9.74278	1.6701	-0.694655	-10.4069	-3.8054	5.71045	28.8519	1372.08	686.786	-92.6128	4972.38	-0.000298575	246.742
31.6360	-4.96252	8.97855	29.6262	12.0518	-1.31067	-4.92682	-2.89935	4.49914	28.8331	1371.76	682.231	-92.7755	4972.53	-0.000451137	245.672
31.6367	-4.04838	12.3691	44.2704	27.6244	-1.31067	3.31967	-2.27806	4.21074	28.8213	1371.33	678.076	-92.922	4972.84	-0.000451137	244.3
31.6373	-0.685612	-1.38132	4.90892	25.5029	-1.61212	12.4619	-0.750724	3.57624	28.8144	1371.16	673.521	-92.7755	4972.84	6.59448e-006	242.626
31.6380	2.97098	-24.8637	-41.1779	19.6801	-2.21503	2.08138	1.06137	5.42204	28.8085	1371.33	669.127	-92.7755	4972.99	0.000922151	241.859
31.6387	4.48913	-37.1072	-46.9725	17.8746	-1.31067	-15.3074	2.5887	6.92176	28.7966	1371.6	665.131	-92.4664	4973.3	0.00107471	240.929
31.6393	3.28114	-37.3583	-29.2734	12.6838	-1.31067	-24.1598	1.9933	6.63335	28.7848	1371.92	661.296	-92.32	4973.45	6.59448e-006	239.557
31.6400	2.36699	-36.7932	-20.1161	10.5171	-1.61212	-23.5539	1.06137	9.69046	28.772	1372.24	656.901	-92.0108	4973.6	-0.000145967	238.65
31.6407	0.832529	-43.8254	-20.7316	11.1491	-0.694655	-6.13876	1.37201	12.1131	28.7661	1372.35	652.187	-91.2461	4973.91	0.000159203	237.883
31.6413	-0.391778	-25.8055	-17.9844	8.39565	-0.0786402	12.1721	1.37201	10.2673	28.7542	1371.6	646.993	-91.8644	4973.3	0.000159203	236.674
31.6420	0.522371	37.9862	-9.74278	4.10755	0.825722	19.7863	1.68266	10.2673	28.7414	1370.41	641.479	-93.5403	4971.47	-0.000145967	235.744
31.6427	2.05684	72.4563	3.3777	2.88883	1.44174	25.8987	3.20999	13.9589	28.7355	1370.08	636.605	-93.8494	4970.4	0.000159203	235.906
31.6433	1.74668	43.7626	14.3665	4.10755	0.825722	36.2793	3.83128	13.3244	28.7237	1370.68	633.409	-92.7755	4971.47	0.000311811	235.302
31.6440	-0.391778	16.0107	3.07746	3.52076	0.222814	46.6599	2.89935	5.42204	28.7168	1371	630.532	-92.1573	4971.92	6.59448e-006	233.302
31.6447	-0.99577	12.683	-23.171	1.6701	0.222814	47.5556	1.37201	-1.61508	28.7049	1372.35	627.416	-91.0997	4972.99	0.000311811	231.791
31.6453	-0.0816205	12.9969	-24.3945	1.08331	0.524268	40.8636	-0.155322	-3.74928	28.6931	1374.08	625.019	-89.4238	4975.13	0.000311811	230.559
31.6460	0.522371	13.562	-5.16412	1.98607	0.524268	27.7166	-1.06137	-3.46088	28.6803	1374.67	623.021	-88.0408	4976.2	0.000311811	229.187
31.6467	-0.391778	17.2664	4.60117	3.20479	0.222814	2.39754	-1.06137	-1.61508	28.6625	1374.35	619.346	-87.8943	4975.89	0.000311811	228.42
31.6473	-1.90992	21.536	12.535	2.88883	0.524268	-20.1815	-0.465967	-3.11479	28.6497	1373.92	614.471	-89.5702	4974.37	0.000159203	227.978
31.6480	-2.22008	23.3568	20.1611	1.6701	0.524268	-31.4842	-1.06137	-6.1719	28.6438	1373.59	610.796	-90.3349	4973.3	6.59448e-006	226.908
31.6487	-2.22008	22.101	9.48007	1.35414	-0.996109	-33.3021	-1.96742	-7.0948	28.626	1373.75	607.759	-89.8794	4973.6	0.000159203	225.676
31.6493	-2.22008	20.9081	-11.2665	2.30203	-1.61212	-25.688	-2.27806	-7.0948	28.6073	1373	603.924	-89.7167	4974.06	0.000159203	224.304
31.6500	-1.90992	19.0873	-28.0499	2.30203	-1.31067	-16.8355	-2.89935	-6.80639	28.5955	1372.51	600.248	-90.0258	4974.37	-0.000145967	222.63
31.6507	-1.59976	14.5038	-33.852	2.88883	-0.996109	-11.935	-3.8054	-6.1719	28.5886	1372.24	597.052	-90.4814	4974.06	-0.000603745	221.7
31.6513	-0.99577	10.8622	-27.4419	4.10755	-0.694655	-8.90516	-3.49475	-4.67219	28.5708	1372.68	593.856	-90.4814	4974.21	-0.000298575	221.7
31.6520	-0.0816205	10.5482	-21.3395	4.42352	-0.393201	-0.342506	-2.27806	-2.24957	28.5462	1375	592.178	-89.4238	4975.89	6.59448e-006	221.095
31.6527	0.522371	11.4272	-16.4531	4.10755	0.222814	14.9122	0.465967	1.73044	28.5343	1375.86	590.18	-88.2035	4977.42	6.59448e-006	219.259
31.6533	0.228537	10.2343	-11.5742	1.98607	0.825722	29.2447	2.5887	2.94175	28.5215	1375.59	586.584	-88.8055	4976.65	6.59448e-006	218.817
31.6540	0.832529	8.7274	-7.91132	-0.135414	0.524268	36.2793	2.5887	-0.692176	28.5038	1375.1	582.749	-90.1722	4974.98	-0.000603745	218.817
31.6547	2.66083	9.60642	-4.24839	0.135414	-0.0786402	37.8074	2.30395	-4.38378	28.4909	1373.27	577.076	-91.8644	4973.45	-0.000603745	217.747
31.6553	3.57498	10.8622	-3.64041	0.451379	0.524268	40.8636	1.68266	-3.74928	28.4791	1371.92	571.722	-93.2311	4972.53	-0.000145967	217.143
31.6560	2.97098	10.2343	-4.55614	0.135414	1.14028	41.1534	0.776611	-2.53798	28.4545	1371.33	567.327	-93.8494	4972.38	-0.000298575	215.91
31.6567	1.43652	9.60642	-5.16412	0.767345	0.222814	17.9684	-1.06137	-3.74928	28.4426	1371	562.933	-93.9958	4972.53	-0.000298575	214.539
31.6573	-0.99577	8.09953	-4.85638	1.98607	0.524268	-23.8437	-1.96742	-4.67219	28.4308	1371.76	559.257	-93.2311	4973.14	6.59448e-006	213.632
31.6580	-3.13423	6.52986	-3.33266	1.98607	0.825722	-43.6827	-1.96742	-5.249	28.418	1372.24	555.581	-92.7755	4973.45	0.000311811	212.702
31.6587	-4.96252	5.96477	-2.41693	1.98607	0.524268	-34.8302	-1.37201	-5.249	28.3933	1372.08	551.027	-92.7755	4972.84	-0.000145967	211.493
31.6593	-4.96252	5.96477	-1.80894	2.88883	0.222814	-21.7096	0.155322	-4.03769	28.3815	1371.92	546.712	-92.32	4972.84	-0.000451137	210.563
31.6600	-3.13423	6.84379	-1.20096	2.88883	0.222814	-17.7313	1.37201	-2.53798	28.3697	1372.35	543.036	-91.5552	4973.75	-0.000145967	210.121
31.6607	-0.99577	6.84379	-0.585468	1.98607	0.222814	-25.0556	1.06137	-1.90348	28.3568	1372.51	539.52	-90.937	4974.52	0.000159203	209.051
31.6613	0.228537	6.27871	-0.285228	0.451379	0.524268	-33.3021	0.155322	-1.90348	28.3391	1371.6	534.087	-92.32	4973.14	0.000311811	208.121
31.6620	1.43652	6.52986	-0.285228	-1.08331	0.524268	-30.8782	-0.465967	-1.90348	28.3203	1370.25	528.094	-94.7606	4970.4	0.000159203	207.982
31.6627	1.74668	7.15773	-1.5012	-1.35414	0.524268	-23.8437	-0.155322	-2.24957	28.3085	1369.76	523.859	-94.907	4969.79	-0.000145967	207.517
31.6633	1.14269	8.97855	-2.11669	-0.767345	0.524268	-25.688	0.465967	-4.38378	28.2957	1369.33	519.864	-93.9958	4971.01	0.000311811	205.982
31.6640	1.74668	10.8622	-0.285228	0.451379	0.524268	-32.6962	0.465967	-4.03769	28.2839	1369.92	516.348	-93.2311	4972.23	0.000922151	205.075
31.6647	2.66083	8.09953	1.85398	2.30203	1.14028	-33.0123	-0.750724	0.230725	28.272	1372.84	514.35	-91.3925	4973.91	0.000464373	204.169
31.6653	1.74668	3.83001	1.85398	2.88883	1.14028	-27.2161	-1.68266	-1.61508	28.2533	1374.08	511.474	-89.7167	4975.59	0.000159203	202.169
31.6660	1.43652	1.06738	2.76971	2.57286	0.222814	-21.3935	-0.750724	-11.0748	28.2346	1374.08	508.597	-89.2611	4976.35	0.000616981	201.564
31.6667	2.36699	0.125574	3.68544	2.30203	0.222814	-19.5755	0.465967	-20.823	28.2286	1374.83	505.401	-89.2611	4976.5	0.000311811	201.262
31.6673	1.74668	3.20214	2.76971	1.35414	0.222814	-19.5755	1.37201	-25.0914	28.2168	1374.19	501.086	-90.0258	4975.43	0.000311811	200.193
31.6680	1.14269	6.52986	2.46197	-0.135414	0.222814	-20.4977	1.9933	-24.803	28.1981	1373.43	497.25	-90.7905	4974.98	0.000616981	199.588
31.6687	2.97098	7.15773	2.46197	-0.767345	0.524268	-23.2377	1.68266	-27.2256	28.1862	1373.43	493.655	-91.0997	4975.13	0.000311811	198.821
31.6693	4.19529	4.70903	2.16173	0.451379	0.524268	-26.5837	2.30395	-28.4946	28.1744	1373	489.659	-91.7017	4974.67	-0.000451137	197.449
31.6700	2.97098	-0.753445	2.46197	1.6701	0.222814	-27.5059	2.5887	-26.3604	28.1675	1372.51	486.144	-92.4664	4973.91	-0.000145967	196.682
31.6707	1.74668	-3.20214	2.16173	0.767345	0.222814	-21.7096	1.37201	-28.4946	28.1497	1373.16	482.628	-92.7755	4974.06	0.000159203	196.984
31.6713	1.43652	-2.88821	1.85398	-0.767345	0.222814	-7.06089	0.776611	-29.7059	28.1369	1374.19	479.591	-92.1573	4974.98	-0.000298575	195.914
31.6720	0.832529	-1.38132	1.54623	-0.451379	-0.0786402	5.45375	-0.155322	-10.1519	28.1251	1374.83	477.274	-90.7905	4975.89	-0.000451137	194.403
31.6727	-0.0816205	-0.125574	1.24599	1.08331	-0.0786402	8.50996	-1.06137	23.4186	28.1133	1375.75	474.557	-89.2611	4977.88	6.59448e-006	193.636
31.6733	-0.0816205	0.43951	1.24599	1.6701	0.524268	9.11593	-1.06137	33.8012	28.1004	1375.75	470.402	-89.2611	4978.03	-0.000451137	192.566
31.6740	0.522371	0.753445	1.85398	0.767345	0.222814	12.1721	0.155322	20.6499	28.0886	1374.08	464.809	-91.0997	4975.28	-0.000756307	191.497
31.6747	0.522371	0.43951	2.76971	0.451379	-0.0786402	14.9122	1.06137	24.9183	28.0768	1372.51	458.656	-93.2311	4972.99	-0.000145967	191.497
31.6753	0.228537	-0.125574	2.46197	1.08331	-0.0786402	20.1025	1.06137	35.301	28.058	1371.76	453.462	-94.305	4972.38	6.59448e-006	191.497
31.6760	0.522371	-1.38132	2.76971	0.767345	-0.694655	19.4965	0.465967	12.4015	28.0521	1371.16	449.547	-94.1423	4972.84	-0.000298575	190.729
31.6767	-0.0816205	-1.69525	2.46197	-0.451379	-0.694655	4.84778	-0.465967	-19.0348	28.0462	1371	445.392	-93.9958	4973.14	-0.000145967	189.66
31.6773	-0.99577	-0.753445	0.938249	-1.08331	-0.0786402	-5.84895	-1.96742	-29.3598	28.0275	1371.76	441.477	-93.8494	4972.69	6.59448e-006	188.753
31.6780	-0.391778	1.38132	0.938249	-0.767345	-0.0786402	0.263466	-2.89935	-29.9943	28.0156	1372.51	438.041	-93.2311	4972.53	-0.000603745	188.149
31.6787	-0.0816205	2.57427	2.16173	0.135414	-0.393201	7.90399	-3.8054	-32.1285	28.0028	1372.24	434.445	-92.32	4973.6	-0.000756307	186.916
31.6793	-0.391778	2.57427	2.46197	1.08331	-0.393201	5.74356	-2.5887	-37.9543	27.991	1371.92	429.651	-92.1573	4973.91	6.59448e-006	186.312
31.6800	-0.685612	3.20214	2.76971	1.08331	-0.0786402	0.263466	-0.155322	-47.9908	27.9791	1372.35	425.416	-92.32	4973.6	6.59448e-006	185.847
31.6807	0.228537	3.51608	2.16173	1.6701	-0.0786402	-5.84895	1.37201	-63.2764	27.9604	1372.84	421.26	-92.0108	4974.06	6.59448e-006	185.405
31.6813	1.14269	0.753445	1.24599	4.73948	0.222814	-14.0691	1.68266	-76.7161	27.9486	1372.08	416.226	-92.32	4972.99	-0.000145967	184.777
31.6820	0.832529	-1.69525	0.938249	8.39565	-0.0786402	-18.3636	1.06137	-64.4877	27.9358	1370.41	410.633	-93.5403	4971.31	-0.000451137	184.01
31.6827	0.228537	-3.83001	0.938249	12.0518	-0.393201	-19.8917	1.37201	-27.2256	27.9239	1369.76	405.919	-93.9958	4970.86	0.000159203	184.173
31.6833	0.832529	-7.47166	1.24599	15.1212	0.222814	-22.3156	2.30395	8.47915	27.9111	1370.41	402.563	-93.3776	4971.47	0.000464373	184.173
31.6840	1.43652	-8.97855	0.938249	14.8052	0.222814	-22.6317	1.06137	41.1268	27.8993	1371.33	399.766	-92.4664	4971.92	0.000311811	182.498
31.6847	0.832529	-7.7856	1.24599	12.9546	-0.393201	-20.7875	-0.465967	71.2941	27.8874	1372.68	397.928	-90.937	4973.14	0.000159203	180.662
31.6853	-0.0816205	-7.7856	2.16173	12.3678	-0.0786402	-20.7875	-0.465967	107.633	27.8628	1373.59	396.09	-89.1146	4974.98	0.000311811	179.592
31.6860	-0.391778	-7.7856	2.16173	11.465	0.222814	-22.3156	0.776611	158.912	27.851	1374.19	393.214	-88.0408	4976.2	0.000616981	178.825
31.6867	-0.0816205	-6.59264	1.24599	7.4929	0.524268	-22.9216	1.37201	193.694	27.8381	1374.51	390.177	-88.2035	4975.89	0.000159203	178.383
31.6873	-0.0816205	-4.70903	0.630503	2.30203	0.524268	-25.0556	0.155322	208.633	27.8204	1373.92	386.821	-89.2611	4975.13	0.000159203	178.22
31.6880	-0.391778	0.753445	1.85398	-1.35414	0.524268	-31.168	-1.37201	229.399	27.8076	1373.43	383.306	-90.1722	4974.52	0.000311811	178.383
31.6887	-0.391778	7.15773	2.16173	-2.30203	0.524268	-39.7043	-1.68266	240.416	27.7957	1373.75	380.988	-90.1722	4974.67	-0.000451137	177.616
31.6893	0.228537	11.1133	0.938249	-3.20479	0.222814	-45.527	-1.06137	186.08	27.777	1373.16	377.952	-90.7905	4974.67	-0.000451137	176.546
31.6900	1.14269	15.1317	0.630503	-6.86097	0.524268	-44.8946	-0.465967	47.8178	27.7652	1372.35	374.116	-92.1573	4973.75	6.59448e-006	175.779
31.6907	0.832529	18.7733	0.330264	-10.5171	1.14028	-43.6827	-0.465967	-113.632	27.7523	1372.68	372.039	-92.1573	4973.75	6.59448e-006	175.012
31.6913	-0.0816205	18.7733	-0.285228	-11.7359	0.524268	-45.2108	-1.37201	-200.27	27.7346	1373.59	370.361	-91.8644	4975.13	0.000311811	174.105
31.6920	-1.30593	17.5176	-0.585468	-12.6838	0.222814	-45.527	-1.06137	-195.713	27.7228	1374.83	368.523	-90.937	4976.5	0.000464373	173.64
31.6927	-1.30593	16.6386	-1.5012	-13.5865	0.825722	-43.6827	-0.750724	-186.541	27.7099	1375.75	367.005	-89.8794	4977.42	-0.000145967	172.57
31.6933	-0.391778	12.9969	-1.80894	-12.3678	1.14028	-39.0984	-1.96742	-198.135	27.6981	1375.75	364.688	-89.8794	4977.11	-0.000145967	171.803
31.6940	1.43652	6.52986	-1.20096	-9.61438	0.524268	-31.4842	-1.68266	-174.947	27.6853	1374.83	360.692	-91.0997	4975.43	6.59448e-006	171.966
31.6947	3.88513	2.57427	-0.585468	-6.86097	0.825722	-23.5539	1.37201	-111.498	27.6735	1373	355.818	-92.6128	4973.75	-0.000298575	171.501
31.6953	7.54173	0.43951	-0.285228	-4.10755	1.14028	-17.1253	4.11604	-34.2627	27.6675	1371.76	351.264	-93.5403	4972.84	-0.000298575	171.059
31.6960	9.0762	-2.57427	-0.893213	-1.98607	1.44174	-12.2512	3.83128	30.1096	27.6488	1371.33	347.428	-93.8494	4972.23	6.59448e-006	170.594
31.6967	6.33375	-4.70903	-0.285228	-1.08331	0.825722	-7.66687	1.68266	57.2775	27.631	1371.76	344.392	-93.2311	4972.53	6.59448e-006	169.827
31.6973	1.74668	-5.65084	1.24599	1.08331	0.825722	-0.948478	0.776611	62.7573	27.6251	1372.24	341.675	-92.32	4973.45	-0.000145967	169.059
31.6980	-1.59976	-8.7274	0.630503	5.95821	1.14028	8.50996	1.06137	66.7373	27.6123	1372.08	337.999	-92.0108	4973.6	-0.000145967	167.99
31.6987	-1.30593	-12.9969	-1.20096	9.29841	0.524268	19.4965	0.776611	64.6031	27.6064	1372.08	334.164	-92.1573	4973.6	6.59448e-006	167.548
31.6993	0.522371	-15.1317	-0.585468	8.98245	0.222814	26.8209	0.776611	45.6836	27.5877	1372.51	330.648	-91.8644	4973.6	0.000159203	167.385
31.7000	0.832529	-14.5038	0.938249	7.76372	0.222814	28.6388	2.30395	16.0931	27.5758	1372.24	327.132	-91.5552	4973.45	6.59448e-006	166.618
31.7007	-3.73822	-12.9969	0.022518	6.86097	-0.393201	25.2928	2.30395	-7.44089	27.564	1371.76	323.297	-91.8644	4973.45	-0.000298575	165.409
31.7013	-10.7576	-11.7412	-1.80894	5.32628	-0.393201	16.4403	1.9933	-22.9572	27.5512	1371.6	319.381	-92.32	4972.84	-0.000145967	165.246
31.7020	-9.23944	-11.1133	-1.20096	6.86097	0.524268	4.53162	2.89935	-30.2827	27.5393	1370.41	315.066	-93.0847	4971.31	0.000464373	165.409
31.7027	-3.44438	-12.3691	0.022518	12.3678	0.524268	-7.98302	4.11604	-33.0514	27.5334	1368.84	310.672	-93.9958	4970.09	6.59448e-006	164.642
31.7033	-2.22008	-15.1317	0.630503	17.5587	0.825722	-16.5193	4.11604	-38.8195	27.5265	1368.84	307.635	-93.6867	4970.4	-0.000298575	163.735
31.7040	-4.35853	-17.8315	3.99319	20.3121	0.825722	-15.9134	2.89935	-40.6653	27.5206	1370.84	306.277	-92.32	4971.92	0.000311811	163.107
31.7047	-6.49699	-18.1455	6.74038	21.8016	0.524268	-6.13876	1.9933	-64.1993	27.5088	1372.84	305.318	-90.4814	4973.6	0.000311811	162.363
31.7053	-7.10098	-16.6386	5.20916	19.3642	-0.0786402	5.13759	0.776611	-122.169	27.5029	1374.08	303.96	-88.6591	4975.59	0.000311811	161.433
31.7060	-6.79082	-15.3828	2.76971	15.708	-0.996109	7.90399	0.465967	-141.377	27.4969	1375	302.441	-87.276	4976.65	0.000464373	161.293
31.7067	-7.70497	-14.8177	2.16173	12.6838	-1.61212	5.74356	1.37201	-83.4072	27.4841	1374.51	299.085	-87.276	4976.5	0.000159203	160.828
31.7073	-9.84343	-12.683	2.16173	6.545	-2.21503	20.3923	1.06137	10.2673	27.4782	1373.16	294.93	-88.6591	4975.28	0.000464373	159.922
31.7080	-11.9819	-8.41347	2.16173	-0.451379	-2.83105	43.2875	-0.465967	70.0828	27.4723	1373	292.214	-89.4238	4974.21	0.000311811	159.759
31.7087	-13.2062	-4.14395	1.85398	-3.20479	-1.91358	50.0059	-0.465967	61.8344	27.4595	1373.16	289.497	-89.8794	4973.6	6.59448e-006	159.294
31.7093	-6.18683	-3.51608	0.630503	-2.88883	-0.996109	51.2178	1.37201	31.3209	27.4476	1372.68	286.38	-90.7905	4973.6	-0.000145967	158.085
31.7100	9.0762	-5.3369	0.022518	-1.6701	-0.694655	50.6119	2.5887	16.6699	27.4417	1372.24	283.504	-91.0997	4973.75	6.59448e-006	157.782
31.7107	13.3531	-5.3369	0.330264	-0.767345	-1.61212	38.4134	3.83128	9.05597	27.4289	1373.16	281.346	-91.3925	4973.6	-0.000145967	157.922
31.7113	4.79928	-3.83001	0.630503	-0.451379	-2.21503	24.6868	5.04797	6.63335	27.423	1374.35	279.828	-91.2461	4974.21	-0.000451137	157.782
31.7120	2.05684	-5.3369	1.24599	1.08331	-1.91358	19.1803	3.52064	2.36493	27.423	1375.27	278.63	-89.8794	4976.2	-0.000145967	157.015
31.7127	3.88513	-7.15773	1.54623	1.6701	-2.21503	20.1025	1.68266	-9.8635	27.4111	1375.59	277.271	-88.9519	4976.96	-0.000298575	155.783
31.7133	2.66083	-6.59264	2.46197	-0.767345	-2.52959	25.5826	1.9933	-18.1119	27.3993	1375.27	274.075	-89.8794	4975.89	-0.000603745	155.039
31.7140	1.74668	-6.84379	3.3777	-0.767345	-1.91358	25.8987	2.89935	-15.3432	27.3993	1374.19	269.92	-91.3925	4974.67	-0.000145967	154.876
31.7147	3.28114	-8.97855	3.68544	1.6701	-0.996109	18.5744	3.83128	-8.30611	27.3993	1372.35	265.925	-92.7755	4973.45	-0.000145967	154.411
31.7153	3.57498	-8.97855	4.29343	1.98607	-0.694655	14.9122	4.42668	-4.67219	27.3865	1371.76	262.009	-93.6867	4972.69	-0.000145967	155.039
31.7160	2.36699	-8.09953	2.76971	0.767345	-0.0786402	18.5744	3.20999	-2.82638	27.3747	1372.24	258.973	-93.9958	4972.84	-0.000145967	155.341
31.7167	0.522371	-9.29249	-4.55614	0.767345	-0.996109	25.5826	1.06137	5.42204	27.3747	1372.08	256.496	-93.6867	4972.99	-0.000451137	154.272
31.7173	-1.30593	-10.8622	-12.7977	2.57286	0.222814	30.1669	-0.465967	18.8041	27.3687	1372.08	254.179	-93.3776	4973.14	-0.000451137	153.504
31.7180	-3.44438	-12.0551	-14.9294	4.73948	3.87958	26.2149	-1.68266	22.7841	27.3618	1372.24	251.302	-93.6867	4972.99	-0.000298575	152.737
31.7187	-5.27268	-12.683	-12.49	5.32628	4.4956	19.7863	-2.5887	16.3815	27.3559	1372.51	248.745	-93.2311	4973.14	-0.000298575	152.132
31.7193	-4.96252	-11.4272	-8.82705	4.73948	2.96211	15.8343	-3.20999	12.7476	27.35	1373	246.588	-92.32	4973.6	0.000311811	152.132
31.7200	-3.13423	-9.92036	-3.94815	3.83672	2.35921	12.1721	-3.8054	9.97887	27.3441	1373.16	243.951	-92.0108	4973.91	6.59448e-006	151.528
31.7207	-0.685612	-8.97855	-0.893213	2.88883	2.05775	8.1938	-7.48136	4.78755	27.3382	1372.84	240.914	-91.5552	4974.06	-0.000298575	151.063
31.7213	1.14269	-7.7856	-2.41693	1.35414	1.74319	7.90399	-12.9694	-0.403769	27.3254	1371.76	237.159	-92.1573	4972.99	0.000159203	151.528
31.7220	2.05684	-6.27871	-6.3876	0.135414	1.44174	9.7219	-14.1861	-5.59509	27.3254	1370.41	233.164	-93.3776	4970.86	6.59448e-006	151.365
31.7227	3.57498	-6.84379	-7.91132	1.08331	1.44174	10.644	-11.1314	-6.51799	27.3254	1369.92	230.127	-93.8494	4970.25	-0.000145967	150.458
31.7233	3.57498	-8.09953	-4.24839	3.20479	1.14028	10.644	-9.60409	-8.0177	27.3135	1370.57	227.65	-93.0847	4971.31	0.000311811	149.993
31.7240	1.43652	-8.7274	2.16173	5.05545	0.825722	8.50996	-7.17071	-15.6316	27.3076	1371.92	226.611	-91.2461	4972.99	0.000464373	149.389
31.7247	-2.22008	-8.41347	11.6193	5.32628	0.825722	4.24181	-4.73733	-15.0548	27.3007	1373.16	225.972	-89.5702	4974.52	0.000311811	148.622
31.7253	-4.96252	-6.84379	14.0587	3.83672	0.825722	0.579626	-5.95402	-6.51799	27.3007	1374.08	225.253	-88.6591	4975.43	0.000311811	148.017
31.7260	-4.65237	-4.14395	0.330264	2.30203	0.222814	-0.948478	-8.07676	2.94175	27.3007	1375.1	224.294	-87.8943	4976.04	0.000769543	147.854
31.7267	-2.82407	-1.06738	-11.882	1.08331	0.222814	-2.47658	-9.29345	28.2638	27.2889	1375.1	222.456	-87.8943	4975.59	0.000311811	147.715
31.7273	-2.82407	0.753445	-11.2665	0.767345	-0.0786402	-2.47658	-8.69805	64.6031	27.2829	1374.35	220.219	-88.8055	4974.67	-0.000145967	147.389
31.7280	-2.82407	0.125574	-8.5193	1.35414	-0.0786402	0.579626	-5.95402	80.177	27.277	1374.08	218.381	-89.2611	4974.52	0.000311811	147.25
31.7287	-2.22008	-1.38132	-9.13479	0.767345	-0.0786402	3.00351	-3.49475	81.3883	27.2711	1373.75	216.863	-90.1722	4973.75	-0.000145967	146.785
31.7293	-0.0816205	-2.88821	-7.30333	0.451379	-0.0786402	2.7137	-1.37201	95.751	27.2642	1373.16	215.265	-91.5552	4972.84	-0.000298575	146.482
31.7300	2.36699	-4.39509	0.330264	0.451379	-0.0786402	0.869438	0.776611	117.728	27.2583	1373.16	214.226	-91.5552	4973.45	-0.000145967	146.017
31.7307	1.74668	-5.96477	8.56434	1.35414	-0.393201	0.263466	2.30395	128.399	27.2524	1373.59	213.347	-91.0997	4974.52	6.59448e-006	145.878
31.7313	-1.59976	-7.15773	12.8428	2.57286	-0.393201	3.60949	4.42668	116.805	27.2465	1374.83	212.708	-90.1722	4975.59	0.000311811	145.878
31.7320	-6.18683	-7.47166	15.5899	4.73948	0.222814	7.58783	7.48136	70.7173	27.2405	1376.02	212.228	-89.1146	4976.81	-0.000145967	145.111
31.7327	-11.0677	-7.7856	17.7217	5.64224	0.825722	9.11593	9.91474	12.1131	27.2405	1376.35	211.19	-88.3499	4977.72	-0.000298575	144.041
31.7333	-14.1203	-7.7856	20.1611	2.30203	1.44174	11.25	9.91474	-21.4574	27.2336	1375.59	208.872	-89.1146	4976.96	-0.000145967	143.902
31.7340	-18.3973	-7.7856	30.2341	-1.6701	1.44174	15.2283	9.00869	-19.6116	27.2277	1374.51	206.156	-90.4814	4975.13	-0.000603745	144.041
31.7347	-19.3114	-8.97855	44.2704	1.35414	0.222814	18.8905	8.10264	1.15363	27.2159	1372.68	202.8	-91.8644	4973.6	-0.000145967	143.437
31.7353	-15.0345	-10.8622	32.9813	7.17693	-1.61212	20.7084	7.17071	17.5928	27.21	1371.43	199.603	-93.2311	4972.38	0.000311811	143.739
31.7360	-20.8295	-12.3691	-9.13479	8.39565	-1.91358	19.1803	6.26466	23.1302	27.2031	1371.76	197.606	-93.3776	4972.23	-0.000451137	144.343
31.7367	-15.6385	-12.0551	-26.5262	6.27417	-1.61212	17.0463	5.33273	24.9183	27.1972	1372.08	195.608	-92.6128	4973.14	-0.000145967	143.902
31.7373	20.9765	-10.8622	-2.72468	6.27417	-1.61212	17.0463	5.64338	25.2644	27.1972	1372.24	193.451	-92.0108	4973.45	0.000159203	143.437
31.7380	41.1204	-10.2343	16.5057	6.27417	-1.91358	19.1803	5.64338	25.5528	27.1853	1372.24	191.213	-91.8644	4972.99	6.59448e-006	142.832
31.7387	27.3918	-10.5482	18.6374	5.64224	-1.91358	21.9204	3.83128	25.2644	27.1725	1372.84	188.896	-91.5552	4973.14	0.000311811	142.367
31.7393	13.3531	-10.5482	19.2454	7.17693	-1.31067	19.1803	2.30395	22.2073	27.1666	1373.16	186.739	-90.7905	4973.75	0.000159203	142.506
31.7400	6.62758	-10.8622	24.1318	8.71162	-1.31067	11.5662	0.776611	16.3815	27.1548	1373.16	184.821	-90.3349	4974.37	6.59448e-006	142.506
31.7407	4.79928	-10.8622	29.3184	8.39565	-1.61212	8.50996	-0.750724	10.9018	27.1548	1372.84	182.184	-90.3349	4974.52	0.000464373	142.065
31.7413	5.71343	-10.2343	24.7398	7.4929	-0.996109	10.644	-0.750724	5.07595	27.1548	1371.92	178.508	-91.8644	4972.38	0.000616981	142.204
31.7420	5.10944	-8.7274	-5.16412	7.17693	-0.996109	11.5662	-0.750724	-0.980582	27.136	1371.16	175.152	-93.5403	4969.94	6.59448e-006	142.367
31.7427	5.10944	-6.59264	-48.196	5.64224	-0.996109	14.596	-1.06137	0.230725	27.1242	1369.92	172.595	-94.1423	4969.94	-0.000145967	141.135
31.7433	5.4196	-5.02297	-52.1592	3.20479	-0.393201	19.4965	0.155322	6.34494	27.1242	1370.41	171.237	-93.0847	4971.16	0.000311811	141.135
31.7440	4.79928	-5.02297	-18.5923	1.98607	-0.0786402	18.8905	0.465967	5.07595	27.1183	1372.51	171.636	-90.7905	4972.99	-0.000145967	141.297
31.7447	3.88513	-5.3369	2.16173	1.6701	-0.0786402	13.7002	0.155322	-2.82638	27.1124	1373.59	171.796	-88.6591	4975.28	6.59448e-006	140.391
31.7453	2.97098	-5.3369	6.43264	0.767345	-0.393201	10.3279	0.155322	-6.80639	27.1054	1374.19	170.758	-88.2035	4975.89	0.00107471	140.228
31.7460	1.14269	-4.39509	8.87208	0.767345	-0.0786402	11.25	0.465967	-3.46088	27.0995	1375	169.639	-88.0408	4975.43	0.000311811	140.065
31.7467	-1.90992	-4.39509	7.95635	1.98607	0.524268	13.3841	0.776611	0.230725	27.0877	1374.83	168.121	-87.8943	4975.28	-0.000298575	139.321
31.7473	-7.10098	-5.02297	2.46197	2.30203	0.825722	15.2283	1.06137	-5.59509	27.0818	1374.08	166.043	-88.8055	4974.67	0.000464373	139.623
31.7480	-9.54959	-5.65084	-3.94815	2.30203	1.14028	16.7301	1.68266	-13.8435	27.0749	1374.19	164.924	-88.8055	4974.37	0.000311811	140.693
31.7487	-3.73822	-5.65084	-10.0505	3.83672	1.44174	17.3624	1.68266	-16.2661	27.069	1374.35	163.726	-88.8055	4974.06	6.59448e-006	140.065
31.7493	3.57498	-5.96477	-13.7135	4.73948	1.14028	15.5182	0.776611	-19.6116	27.063	1373.92	162.048	-89.5702	4973.6	0.000311811	139.158
31.7500	5.10944	-6.59264	-10.9663	4.73948	1.14028	12.4619	0.465967	-23.5917	27.0512	1373.43	160.689	-90.3349	4973.91	0.000159203	139.019
31.7507	3.88513	-6.84379	-6.3876	5.05545	1.44174	11.25	1.06137	-29.3598	27.0512	1373.43	159.89	-90.3349	4974.67	6.59448e-006	138.554
31.7513	3.57498	-7.15773	-5.16412	5.05545	1.44174	11.25	1.37201	-41.0114	27.0384	1374.83	160.37	-89.2611	4975.59	6.59448e-006	138.089
31.7520	2.97098	-7.7856	-3.64041	5.64224	0.825722	11.25	1.37201	-46.7795	27.0325	1375.86	159.89	-89.1146	4975.89	6.59448e-006	137.786
31.7527	2.97098	-7.47166	-2.41693	6.86097	0.524268	13.0679	0.465967	-45.8566	27.0266	1376.51	159.011	-89.1146	4976.35	-0.000451137	137.321
31.7533	2.66083	-7.15773	-2.41693	6.86097	0.524268	13.9901	-0.465967	-37.9543	27.0266	1376.02	158.212	-88.9519	4976.81	-0.00106152	136.717
31.7540	2.66083	-6.84379	-2.72468	6.545	0.524268	12.4619	-1.06137	-8.30611	27.0206	1374.08	155.655	-90.6441	4975.13	-0.000756307	136.415
31.7547	2.97098	-7.15773	-3.03242	5.95821	0.524268	10.644	-1.37201	14.5357	27.0147	1372.35	152.299	-93.0847	4972.84	-0.000298575	137.019
31.7553	2.36699	-7.47166	-3.33266	5.64224	0.222814	8.1938	-1.37201	-0.692176	27.0078	1371.92	150.621	-93.6867	4972.08	-0.000298575	137.786
31.7560	2.36699	-6.59264	-3.33266	5.05545	-0.0786402	4.84778	-1.37201	-8.9406	27.0019	1371.43	149.503	-93.3776	4972.53	-0.000145967	137.624
31.7567	2.66083	-4.70903	-2.72468	4.73948	0.524268	3.00351	-1.37201	14.8818	26.996	1371.6	147.825	-92.922	4972.69	6.59448e-006	137.321
31.7573	3.28114	-4.14395	-2.11669	4.73948	0.524268	2.08138	-1.96742	36.8584	26.996	1372.35	146.307	-92.7755	4972.53	-0.000145967	137.484
31.7580	3.28114	-2.57427	-2.72468	3.20479	0.222814	0.263466	-3.20999	55.1433	26.9901	1372.84	145.268	-92.6128	4972.08	-0.000451137	137.321
31.7587	2.36699	0.753445	-2.72468	0.767345	0.222814	-2.79274	-2.5887	71.9286	26.9842	1373.59	144.788	-91.5552	4972.99	-0.000451137	137.019
31.7593	1.43652	3.51608	-1.5012	-1.08331	1.14028	-5.84895	-0.750724	75.2741	26.9773	1373.43	143.75	-90.3349	4974.52	-0.000451137	136.252
31.7600	0.228537	2.26033	-1.20096	-1.6701	0.524268	-6.74473	-0.750724	72.8515	26.9773	1373	141.752	-90.4814	4974.06	-0.000298575	135.95
31.7607	-0.391778	1.06738	-0.893213	-1.6701	-0.0786402	-6.74473	-0.465967	65.526	26.9713	1372.84	139.594	-91.3925	4972.84	0.000159203	136.415
31.7613	0.522371	1.06738	-0.285228	-0.767345	0.524268	-8.27284	-0.155322	45.6836	26.9773	1371.76	137.597	-92.32	4971.47	0.000464373	137.019
31.7620	1.43652	0.753445	-0.285228	-0.135414	0.524268	-9.51113	-0.155322	25.5528	26.9713	1370.41	135.919	-93.5403	4970.09	-0.000145967	136.577
31.7627	1.14269	1.38132	-0.893213	-0.135414	0.222814	-8.27284	-0.465967	29.8212	26.9654	1370.25	134.401	-93.5403	4970.4	-0.000603745	135.95
31.7633	1.43652	2.00919	-0.285228	0.767345	0.222814	-7.37705	-0.750724	61.2575	26.9654	1370.84	133.681	-92.0108	4971.92	-0.000298575	136.415
31.7640	2.36699	1.06738	0.330264	1.98607	0.524268	-6.45492	-0.750724	74.3512	26.9654	1372.35	134.001	-90.3349	4973.45	-0.000145967	136.112
31.7647	2.66083	-1.06738	0.022518	1.98607	0.524268	-4.00469	-0.750724	47.8178	26.9595	1374.08	134.72	-88.9519	4974.67	-0.000603745	135.043
31.7653	3.28114	-2.26033	0.022518	1.08331	0.524268	-0.948478	-0.465967	-0.403769	26.9595	1374.83	134.56	-88.0408	4975.89	-0.000145967	134.741
31.7660	3.88513	-1.69525	0.330264	-1.35414	0.825722	2.08138	0.155322	-64.7761	26.9595	1374.83	133.681	-87.8943	4975.89	0.000616981	135.043
31.7667	2.66083	-0.43951	0.938249	-3.52076	0.222814	4.84778	-0.750724	-114.209	26.9654	1374.51	132.723	-88.4964	4975.13	0.000159203	135.95
31.7673	0.228537	0.43951	1.54623	-4.42352	0.222814	6.98185	-1.37201	-103.25	26.9595	1374.51	131.684	-88.6591	4974.98	6.59448e-006	136.415
31.7680	-0.0816205	0.753445	0.938249	-4.73948	0.524268	8.79977	-1.68266	-60.7961	26.9595	1374.35	130.006	-88.6591	4974.37	0.000159203	136.252
31.7687	0.522371	0.753445	0.022518	-5.95821	0.222814	12.7781	-3.20999	-33.9743	26.9654	1374.19	129.207	-88.6591	4974.06	-0.000451137	136.717
31.7693	0.228537	1.69525	0.630503	-7.4929	0.222814	17.3624	-4.42668	-25.7259	26.9595	1374.19	128.807	-88.2035	4974.37	-0.000145967	136.88
31.7700	-0.0816205	2.00919	1.24599	-7.76372	0.524268	19.1803	-4.73733	-29.0714	26.9654	1373.27	127.129	-89.1146	4974.21	0.000311811	136.415
31.7707	0.522371	0.753445	0.938249	-6.27417	0.825722	21.3144	-5.33273	-23.3032	26.9713	1373.27	126.011	-89.4238	4974.21	6.59448e-006	136.717
31.7713	0.522371	-0.753445	0.630503	-4.10755	0.524268	25.8987	-5.95402	2.94175	26.9713	1374.67	126.65	-87.8943	4975.43	-0.000145967	137.182
31.7720	0.522371	-2.00919	0.938249	-2.57286	0.524268	28.6388	-5.02209	27.9754	26.9654	1375.86	126.969	-86.5113	4976.65	6.59448e-006	137.182
31.7727	1.14269	-3.20214	0.938249	-1.35414	0.825722	25.5826	-3.20999	34.7241	26.9654	1376.51	126.49	-86.2185	4977.42	-0.000298575	136.88
31.7733	1.43652	-3.83001	0.630503	1.08331	0.825722	18.2582	-3.20999	18.2273	26.9713	1376.18	125.291	-86.674	4976.96	-0.000145967	137.321
31.7740	1.43652	-5.02297	0.022518	3.52076	0.222814	15.2283	-4.42668	-9.5751	26.9773	1374.83	122.814	-88.0408	4975.28	-0.000145967	138.391
31.7747	2.36699	-6.27871	-0.893213	3.83672	-0.0786402	14.9122	-3.49475	-23.8801	26.9773	1373.16	120.098	-89.7167	4973.6	-0.000603745	138.554
31.7753	3.57498	-6.27871	-0.585468	2.57286	-0.0786402	13.0679	-1.37201	-32.763	26.9773	1371.92	117.621	-90.3349	4972.53	-0.000451137	138.391
31.7760	2.36699	-5.96477	0.330264	3.52076	-0.0786402	11.5662	0.465967	-53.4706	26.9773	1371.33	115.943	-90.7905	4972.08	6.59448e-006	138.554
31.7767	0.832529	-6.84379	0.330264	4.73948	-0.0786402	11.25	1.9933	-76.0816	26.9773	1372.08	115.223	-90.7905	4972.53	-0.000145967	138.693
31.7773	1.14269	-7.15773	0.022518	3.20479	0.222814	10.3279	1.06137	-93.7898	26.9773	1373.16	115.223	-90.1722	4972.99	-0.000603745	138.856
31.7780	0.832529	-6.84379	0.022518	1.98607	0.524268	8.79977	-1.06137	-92.8669	26.9842	1373.43	114.105	-90.3349	4972.99	-0.000603745	139.461
31.7787	0.228537	-7.47166	0.630503	2.57286	0.825722	6.98185	-1.37201	-42.7995	26.9842	1373	112.187	-91.0997	4972.69	0.000159203	139.763
31.7793	0.522371	-7.7856	0.938249	3.20479	0.524268	3.60949	-0.465967	45.3952	26.9773	1372.68	111.548	-91.2461	4972.69	0.000159203	139.623
31.7800	1.14269	-7.15773	1.54623	3.20479	0.825722	-0.658665	1.06137	114.324	26.9842	1373.27	111.548	-90.6441	4973.91	6.59448e-006	139.461
31.7807	-0.0816205	-6.59264	1.85398	4.10755	1.44174	-4.32085	1.9933	146.395	26.9901	1372.84	109.87	-91.0997	4973.91	0.000159203	139.763
31.7813	-0.685612	-5.65084	1.54623	5.32628	1.44174	-5.84895	2.30395	163.18	26.9901	1371.43	107.233	-92.32	4972.23	0.000159203	140.228
31.7820	-0.391778	-5.02297	1.54623	5.32628	1.14028	-3.71487	2.89935	187.291	26.9901	1370.57	104.996	-93.6867	4971.01	-0.000145967	140.391
31.7827	-1.59976	-3.51608	1.54623	4.10755	0.825722	-0.342506	3.20999	207.422	26.9901	1370.25	103.637	-94.305	4971.16	-0.000298575	140.832
31.7833	-2.22008	-1.38132	1.24599	2.30203	0.825722	-0.658665	4.73733	139.993	26.9901	1371.33	103.317	-93.5403	4972.23	0.000159203	141.6
31.7840	-1.59976	0.753445	1.24599	-0.135414	0.524268	-4.32085	6.57531	-42.7995	26.9901	1372.68	103.637	-92.32	4973.3	6.59448e-006	140.995
31.7847	-1.30593	4.39509	1.85398	-3.52076	-0.393201	-7.66687	8.10264	-199.693	26.9901	1373.59	103.637	-91.2461	4974.52	-0.000451137	140.228
31.7853	-0.99577	8.97855	2.16173	-5.95821	-0.0786402	-10.7231	8.69805	-239.666	26.9901	1374.51	103.158	-90.1722	4975.74	-0.000145967	140.53
31.7860	-0.0816205	10.8622	0.938249	-5.95821	0.222814	-13.1733	7.17071	-218.612	26.9901	1375.27	102.359	-89.5702	4975.89	0.000159203	141.135
31.7867	1.43652	11.1133	0.022518	-4.42352	-0.0786402	-15.5972	5.33273	-172.525	26.9901	1374.83	100.441	-90.3349	4975.43	-0.000145967	141.762
31.7873	1.14269	9.92036	0.022518	-3.52076	-0.0786402	-16.8355	5.33273	-132.206	26.9842	1374.35	98.4433	-90.937	4975.28	0.000159203	142.065
31.7880	0.228537	5.65084	0.938249	-2.30203	0.222814	-14.9912	6.86007	-78.2159	26.9901	1374.08	96.6055	-90.6441	4974.98	0.000311811	142.065
31.7887	-0.99577	2.57427	1.54623	-2.30203	0.222814	-13.4631	7.48136	64.6031	26.996	1373.75	95.2471	-90.1722	4974.82	-0.000145967	142.204
31.7893	-2.22008	2.88821	1.54623	-3.52076	0.222814	-12.8571	6.57531	186.368	26.996	1373.75	93.7289	-89.7167	4975.28	-0.000145967	142.065
31.7900	-2.22008	4.70903	1.85398	-6.545	0.524268	-12.8571	5.95402	169.006	26.9901	1373.43	91.4116	-90.1722	4974.67	0.000159203	142.506
31.7907	-1.30593	6.84379	1.85398	-8.98245	0.524268	-11.329	4.11604	148.529	26.9901	1373.75	90.0532	-90.1722	4974.52	0.000311811	143.274
31.7913	-1.30593	7.15773	1.24599	-8.39565	0.524268	-8.27284	1.68266	204.999	26.996	1374.83	90.0532	-88.9519	4975.74	0.000159203	142.971
31.7920	-0.99577	5.65084	0.022518	-5.32628	1.14028	-5.53279	-0.155322	225.765	26.9901	1375.86	89.8934	-87.5852	4976.96	6.59448e-006	142.971
31.7927	-0.685612	2.57427	0.330264	-1.98607	1.44174	-0.658665	-0.155322	182.388	26.9842	1376.51	89.2542	-86.8205	4977.57	-0.000298575	143.134
31.7933	-1.90992	-0.125574	1.24599	-1.08331	0.825722	6.05972	0.155322	147.606	26.996	1375.86	87.5762	-87.276	4976.81	-0.000451137	143.437
31.7940	-3.13423	-2.88821	1.85398	-0.451379	-0.0786402	10.0381	-1.68266	114.67	26.996	1374.51	84.8594	-89.2611	4974.52	0.000159203	144.646
31.7947	-3.13423	-4.39509	2.16173	0.767345	-0.694655	12.1721	-3.20999	7.84466	26.9901	1373.43	82.5421	-90.7905	4972.38	-0.000145967	145.413
31.7953	-2.53023	-3.51608	0.938249	1.08331	-0.996109	13.0679	-5.02209	-138.32	26.9901	1372.35	81.5034	-90.7905	4972.69	-0.000756307	145.273
31.7960	-2.22008	-4.14395	-0.585468	1.08331	-0.996109	13.7002	-9.00869	-206.095	26.9901	1371.33	80.2249	-90.7905	4973.14	6.59448e-006	145.273
31.7967	-0.391778	-6.27871	-1.5012	1.6701	-1.31067	16.4403	-11.4421	-173.102	26.9901	1371.76	79.0263	-90.937	4972.84	0.000616981	145.878
31.7973	1.14269	-8.41347	-0.585468	2.88883	-1.31067	19.1803	-9.29345	-97.1353	26.9842	1372.24	78.1473	-90.937	4972.69	0.000464373	146.343
31.7980	2.05684	-10.2343	3.68544	3.83672	-0.694655	21.0246	-5.64338	-34.8972	26.9842	1372.08	77.5081	-90.7905	4972.84	6.59448e-006	145.413
31.7987	2.66083	-10.8622	7.34837	2.88883	-0.393201	21.9204	-5.02209	-11.9977	26.9901	1372.08	77.1885	-90.0258	4973.6	-0.000298575	145.111
31.7993	1.43652	-10.5482	7.64861	2.57286	-0.694655	20.1025	-6.23878	-23.8801	26.9842	1372.35	76.3095	-89.8794	4973.91	0.000159203	146.343
31.8000	-0.685612	-10.5482	7.04062	3.83672	-0.996109	19.4965	-7.48136	-46.4911	26.9773	1373	75.3507	-90.1722	4973.45	0.000464373	147.552
31.8007	-1.90992	-10.5482	5.82465	4.10755	-1.61212	19.7863	-9.29345	-60.5077	26.9901	1372.84	74.4717	-90.1722	4973.14	6.59448e-006	147.854
31.8013	-0.99577	-9.60642	2.76971	3.20479	-1.91358	17.3624	-12.0375	-74.2358	26.9842	1371.33	72.3143	-91.2461	4972.08	-0.000145967	148.017
31.8020	0.522371	-7.47166	3.07746	2.57286	-2.52959	13.9901	-12.3481	-92.8669	26.9842	1369.65	70.3166	-92.4664	4970.55	0.000311811	148.622
31.8027	-0.0816205	-7.15773	2.46197	2.88883	-2.83105	11.856	-9.00869	-103.538	26.9842	1369.49	69.5975	-92.7755	4970.25	0.000311811	148.924
31.8033	-2.22008	-7.7856	-10.0505	3.83672	-2.52959	10.0381	-5.02209	-110.575	26.9842	1371.33	69.7573	-92.0108	4971.47	6.59448e-006	149.691
31.8040	-3.13423	-7.47166	-18.2846	4.10755	-1.91358	10.9338	-1.68266	-99.904	26.9842	1372.68	69.7573	-90.4814	4972.99	0.000159203	149.389
31.8047	-3.73822	-7.15773	-8.21906	3.83672	-1.31067	12.4619	3.52064	-33.0514	26.9773	1373	70.0769	-89.2611	4974.06	0.000159203	148.622
31.8053	-5.27268	-6.27871	2.76971	3.83672	-0.694655	12.1721	9.62998	47.5294	26.9773	1374.19	70.4764	-88.2035	4975.13	0.000159203	149.389
31.8060	-4.65237	-5.65084	3.99319	4.42352	-0.0786402	11.5662	10.8467	90.5597	26.9842	1375.27	70.0769	-87.5852	4975.89	0.000159203	150.156
31.8067	-2.22008	-5.65084	3.07746	5.64224	0.222814	11.5662	5.64338	133.244	26.9773	1375	68.6386	-87.8943	4975.43	-0.000145967	149.993
31.8073	-1.90992	-7.15773	2.16173	6.86097	0.222814	11.25	-0.465967	193.059	26.9713	1374.08	66.8008	-88.6591	4974.52	6.59448e-006	150.296
31.8080	-4.96252	-8.41347	0.630503	7.76372	0.524268	10.644	-1.37201	224.496	26.9773	1373.27	65.2826	-89.7167	4973.6	0.000464373	151.063
31.8087	-5.58284	-7.47166	0.022518	8.39565	0.825722	8.79977	-2.5887	222.361	26.9773	1373	64.084	-90.3349	4973.6	0.000616981	151.97
31.8093	-5.27268	-6.59264	-0.585468	9.61438	0.222814	6.37588	-7.48136	200.096	26.9773	1373.16	63.6046	-89.7167	4974.52	0.000616981	152.737
31.8100	-5.58284	-6.27871	-0.893213	10.8331	0.222814	2.39754	-11.1314	132.955	26.9773	1373.59	63.2051	-89.2611	4974.37	0.000159203	152.9
31.8107	-5.58284	-5.02297	-0.585468	9.29841	0.222814	-3.71487	-12.6588	29.8212	26.9713	1373.92	62.5658	-89.4238	4974.67	-0.000756307	152.737
31.8113	-5.27268	-2.88821	-0.285228	6.86097	-0.393201	-10.1171	-16.3347	-62.0651	26.9654	1374.83	62.8854	-88.9519	4976.2	-0.000298575	153.039
31.8120	-4.96252	-1.38132	-0.285228	5.32628	-0.393201	-13.7793	-20.8908	-109.652	26.9654	1376.02	63.2051	-88.0408	4976.96	0.000159203	153.807
31.8127	-4.65237	-0.125574	0.022518	3.52076	-0.393201	-15.9134	-17.5514	-108.441	26.9654	1376.35	62.406	-87.8943	4977.26	-0.000145967	154.109
31.8133	-3.73822	2.88821	-0.285228	-0.767345	-0.393201	-18.3636	-9.91474	-93.5014	26.9595	1375.75	61.2074	-88.6591	4976.2	-0.000145967	154.411
31.8140	-2.22008	5.96477	0.022518	-5.32628	-0.393201	-17.7313	-4.42668	-106.883	26.9536	1373.43	58.4107	-90.7905	4973.91	-0.000145967	154.876
31.8147	-1.90992	7.7856	-0.285228	-8.07969	0.222814	-18.0474	1.06137	-130.071	26.9536	1372.08	55.0547	-93.0847	4972.23	-0.000451137	155.946
31.8153	-2.22008	10.8622	0.022518	-10.5171	0.524268	-23.8437	5.33273	-123.092	26.9536	1372.35	53.5365	-93.2311	4971.62	-0.000603745	157.317
31.8160	-3.13423	13.562	7.04062	-12.6838	0.222814	-26.5837	9.91474	-87.0411	26.9536	1371.92	52.8174	-92.6128	4971.92	-0.000603745	157.155
31.8167	-4.65237	14.5038	13.4507	-12.3678	0.222814	-22.9216	16.3347	-35.474	26.9467	1371.76	51.6987	-92.6128	4972.69	-0.000298575	157.317
31.8173	-5.27268	12.3691	11.927	-10.2012	0.222814	-19.2594	19.9848	9.97887	26.9348	1372.24	50.6599	-92.4664	4972.84	-0.000145967	157.922
31.8180	-4.96252	8.41347	9.17983	-7.76372	-0.0786402	-14.7014	16.9301	17.9389	26.9408	1372.51	49.6212	-91.8644	4973.3	-0.000145967	158.387
31.8187	-4.35853	4.39509	10.7035	-5.64224	-0.694655	-6.13876	10.2254	-20.5345	26.9408	1372.84	48.1829	-91.5552	4973.75	0.000159203	158.55
31.8193	-4.96252	0.753445	15.8902	-3.52076	-0.996109	2.39754	5.04797	-68.4677	26.9348	1373	46.8245	-91.3925	4973.75	-0.000145967	159.154
31.8200	-5.27268	-2.88821	22.6081	-2.57286	-1.31067	9.7219	4.11604	-77.9274	26.9289	1373.16	45.7857	-91.0997	4973.6	-0.000451137	160.224
31.8207	-4.04838	-3.20214	34.2048	-2.88883	-1.91358	14.3062	3.52064	-54.3935	26.9289	1372.68	44.1077	-91.3925	4973.14	6.59448e-006	160.526
31.8213	-2.53023	-1.69525	31.1499	-1.08331	-1.61212	17.3624	3.83128	-37.0314	26.9289	1371	40.9115	-93.0847	4971.77	0.000159203	160.526
31.8220	-1.59976	-2.57427	-4.85638	2.57286	-0.694655	20.3923	9.31934	-46.4911	26.9171	1369.76	38.2746	-93.8494	4970.7	0.000159203	161.596
31.8227	-1.30593	-5.96477	-35.0755	4.42352	-0.694655	17.9684	11.4421	-57.7967	26.9171	1369.92	37.076	-93.6867	4970.86	0.000616981	162.502
31.8233	-1.59976	-7.15773	-32.6286	4.73948	-0.694655	12.4619	5.95402	-39.7424	26.9171	1371.16	36.5966	-92.6128	4972.08	0.000616981	162.805
31.8240	-1.59976	-8.09953	-17.3689	5.32628	-0.0786402	10.644	1.06137	3.28783	26.9171	1372.84	36.5966	-90.937	4973.75	0.000159203	163.107
31.8247	-2.22008	-10.5482	-8.82705	6.545	-0.393201	9.7219	1.06137	36.2239	26.9043	1374.35	36.5966	-89.2611	4975.43	0.000159203	163.572
31.8253	-1.59976	-13.2481	-8.5193	8.98245	-0.393201	10.644	5.04797	22.2073	26.8984	1374.83	36.5966	-88.6591	4976.04	0.000159203	163.572
31.8260	-1.30593	-14.8177	-6.99559	10.5171	-0.393201	14.3062	9.00869	-5.249	26.9043	1374.67	35.5578	-88.4964	4975.59	-0.000145967	163.874
31.8267	-1.59976	-14.5038	-3.33266	9.61438	-0.393201	13.3841	12.0634	14.2473	26.8984	1374.67	33.8798	-88.8055	4974.98	-0.000145967	165.409
31.8273	-0.391778	-13.562	-3.33266	9.29841	0.524268	7.27167	14.8074	61.2575	26.8984	1374.67	32.921	-89.2611	4974.52	-0.000145967	166.781
31.8280	0.832529	-12.683	0.938249	9.93034	0.524268	2.08138	15.118	88.7139	26.8924	1374.51	31.8822	-89.1146	4974.52	-0.000298575	166.92
31.8287	0.228537	-10.2343	13.4507	8.07969	0.222814	-2.18677	12.374	91.771	26.8865	1374.08	30.0444	-89.8794	4974.06	0.000159203	167.083
31.8293	-0.685612	-6.59264	22.9083	6.86097	0.524268	-6.13876	5.33273	83.8109	26.8796	1373.59	28.5262	-90.3349	4973.45	0.000311811	167.688
31.8300	-0.99577	-3.83001	23.824	5.95821	1.14028	-9.80094	-1.68266	51.5094	26.8796	1373.43	27.807	-89.5702	4974.06	-0.000298575	168.153
31.8307	-0.0816205	-2.88821	23.5238	3.83672	1.74319	-11.935	-2.5887	-60.5077	26.8737	1373.59	27.1678	-88.8055	4974.98	-0.000298575	168.618
31.8313	0.832529	-0.753445	26.271	1.35414	2.05775	-13.1733	1.06137	-285.753	26.8678	1374.67	27.1678	-87.5852	4975.74	-0.000145967	168.757
31.8320	1.74668	3.83001	24.4395	-0.767345	2.05775	-15.9134	4.73733	-501.193	26.8678	1375.59	27.008	-86.674	4976.5	-0.000145967	168.92
31.8327	2.36699	8.7274	10.0956	-4.73948	1.74319	-18.9696	5.64338	-471.602	26.8678	1376.35	26.5285	-86.8205	4976.5	-0.000145967	170.129
31.8333	1.74668	13.2481	-16.1529	-8.71162	1.44174	-21.3935	6.26466	-226.226	26.8678	1376.02	25.0103	-87.276	4975.74	-0.000756307	170.594
31.8340	1.43652	14.8177	-40.5624	-9.93034	1.74319	-22.9216	8.3874	-39.7424	26.8678	1373.75	21.9739	-88.9519	4974.52	-0.000451137	171.198
31.8347	0.228537	12.683	-44.8408	-10.2012	1.14028	-22.3156	9.91474	13.9589	26.8619	1372.24	19.6567	-90.7905	4972.38	-0.000298575	172.733
31.8353	-0.685612	9.92036	-31.1048	-11.1491	0.524268	-21.3935	10.536	12.4015	26.8491	1371.43	18.1385	-91.2461	4972.08	-0.000603745	172.873
31.8360	-0.685612	8.09953	-17.3689	-10.5171	0.825722	-20.1815	9.91474	-13.8435	26.856	1371.33	16.7801	-91.2461	4972.38	-0.000298575	173.5
31.8367	-0.685612	6.84379	-11.5742	-9.29841	1.74319	-19.2594	8.69805	-24.2261	26.8491	1372.35	16.6203	-90.937	4972.38	-0.000451137	174.57
31.8373	-0.99577	5.65084	-10.6585	-7.76372	1.74319	-19.5755	8.10264	36.5123	26.8431	1372.84	16.061	-90.4814	4972.99	-0.000603745	175.012
31.8380	-1.59976	3.51608	-11.5742	-5.95821	1.14028	-19.8917	7.17071	151.875	26.8491	1372.68	14.9423	-90.4814	4973.45	-0.000145967	175.477
31.8387	-0.99577	-0.43951	-12.49	-2.88883	0.825722	-16.2295	5.04797	250.164	26.8491	1372.84	14.6227	-90.4814	4973.6	6.59448e-006	176.081
31.8393	0.832529	-6.27871	-9.74278	2.57286	0.825722	-6.74473	1.68266	299.597	26.8372	1373.16	13.9035	-90.6441	4973.91	6.59448e-006	177.313
31.8400	1.74668	-12.3691	-6.68784	8.71162	1.14028	3.92565	-4.42668	315.747	26.8313	1373.27	12.7848	-90.937	4973.75	6.59448e-006	177.755
31.8407	1.14269	-17.2664	-4.24839	11.7359	0.825722	12.1721	-9.60409	325.553	26.8313	1372.24	11.4265	-92.1573	4972.84	6.59448e-006	177.755
31.8413	-0.0816205	-18.4594	0.630503	12.0518	0.222814	18.5744	-9.00869	313.325	26.8313	1370.84	9.42882	-93.8494	4971.47	6.59448e-006	178.523
31.8420	0.228537	-17.5804	2.76971	10.8331	-0.393201	22.2365	-6.23878	236.724	26.8254	1369.92	7.51109	-94.907	4970.4	-0.000145967	179.755
31.8427	1.43652	-15.1317	2.46197	7.4929	-0.694655	20.3923	-4.42668	149.452	26.8195	1369.76	5.83308	-95.3626	4969.94	6.59448e-006	180.359
31.8433	2.05684	-10.2343	4.90892	3.83672	-0.694655	14.596	-1.96742	114.324	26.8195	1370.57	5.51346	-94.305	4971.16	0.000769543	180.964
31.8440	2.36699	-5.3369	7.04062	1.08331	-0.996109	10.644	-0.465967	23.9954	26.8126	1372.24	6.39242	-92.4664	4973.3	0.00122732	181.894
31.8447	2.36699	-2.26033	7.95635	-0.135414	-0.996109	7.90399	0.465967	-115.132	26.8067	1373.92	7.03166	-91.0997	4974.67	0.000616981	182.336
31.8453	3.57498	-0.125574	8.56434	-0.451379	-0.0786402	4.53162	1.68266	-130.071	26.8007	1374.67	6.87185	-89.8794	4975.43	0.000159203	182.498
31.8460	5.10944	1.38132	8.56434	-3.20479	-0.393201	1.1856	2.89935	-50.7596	26.7948	1375.27	5.91299	-89.4238	4976.04	0.000159203	183.266
31.8467	5.71343	2.57427	7.04062	-6.545	-0.694655	-3.08255	3.20999	-0.980582	26.7948	1375.27	4.87422	-89.1146	4976.35	0.000311811	184.475
31.8473	6.33375	4.70903	5.51691	-7.17693	-0.694655	-8.27284	2.30395	5.42204	26.7948	1374.51	2.47706	-89.7167	4975.13	-0.000451137	185.079
31.8480	5.10944	7.47166	0.938249	-8.07969	-1.31067	-9.51113	1.06137	9.69046	26.782	1373.75	-0.639242	-90.6441	4973.91	-0.000756307	185.242
31.8487	2.36699	8.41347	-12.1822	-9.61438	-2.52959	-7.66687	-1.68266	23.1302	26.7761	1373.59	-1.99763	-90.4814	4974.21	0.000311811	186.451
31.8493	2.05684	5.96477	-21.6473	-7.17693	-3.44706	-2.79274	-4.11604	0.807538	26.7761	1373.75	-3.35602	-90.1722	4974.37	0.000311811	187.684
31.8500	2.66083	1.38132	-17.3689	-4.10755	-2.52959	5.45375	-5.64338	-58.0851	26.7702	1373.75	-5.35365	-90.4814	4974.21	-0.000145967	188.149
31.8507	1.74668	-2.57427	-11.2665	-2.30203	-1.61212	14.596	-6.86007	-76.37	26.7702	1374.35	-6.39242	-89.7167	4975.13	-0.000145967	188.753
31.8513	1.74668	-4.39509	-7.60357	-0.767345	-1.61212	23.1587	-7.76611	-33.3398	26.7642	1375.27	-7.19147	-88.3499	4976.04	6.59448e-006	189.66
31.8520	2.05684	-3.20214	-5.47187	-1.98607	-1.61212	28.6388	-7.48136	-5.88349	26.7514	1376.51	-7.75081	-87.1296	4977.11	-0.000298575	190.125
31.8527	1.74668	-1.38132	-5.77211	-4.10755	-0.0786402	28.9549	-7.17071	-26.9372	26.7514	1377.26	-8.07043	-86.0557	4978.33	-0.000603745	190.729
31.8533	1.14269	-3.20214	-6.3876	-2.57286	0.222814	27.7166	-7.76611	-16.9006	26.7455	1376.02	-10.3877	-87.276	4976.65	-0.000756307	191.497
31.8540	1.43652	-7.7856	-5.16412	1.98607	-0.694655	28.0328	-6.23878	61.8344	26.7396	1373.92	-13.7437	-89.4238	4973.91	-0.000908915	192.264
31.8547	0.832529	-12.0551	-1.80894	4.73948	-0.694655	29.8771	-3.49475	138.781	26.7396	1372.35	-16.1409	-90.4814	4972.84	-0.000298575	193.334
31.8553	-0.391778	-12.3691	3.99319	4.10755	-0.0786402	30.1669	-2.5887	178.466	26.7337	1372.08	-17.8189	-91.0997	4972.08	0.000159203	194.705
31.8560	-0.685612	-9.29249	7.95635	1.98607	-0.393201	25.8987	-2.89935	190.06	26.7278	1371.76	-19.4969	-91.5552	4971.62	-0.000451137	195.008
31.8567	1.14269	-5.3369	5.51691	-0.135414	-0.694655	19.7863	-3.49475	183.023	26.7278	1371.92	-20.1361	-90.937	4972.53	-0.000603745	195.473
31.8573	3.28114	-3.20214	1.85398	-0.451379	-0.393201	16.1241	-3.20999	145.472	26.7209	1373.16	-20.6156	-90.6441	4972.84	-0.000145967	196.542
31.8580	3.88513	-3.20214	0.630503	0.135414	0.222814	13.3841	-1.68266	46.3181	26.7209	1373	-21.8141	-90.7905	4972.69	0.000464373	196.984
31.8587	2.97098	-3.20214	1.24599	0.767345	-0.0786402	10.644	-0.750724	-62.0651	26.7149	1371.92	-23.652	-90.4814	4973.3	0.000616981	197.147
31.8593	1.74668	-4.39509	1.85398	1.98607	-0.393201	9.11593	1.37201	-99.2695	26.7149	1371.92	-25.0103	-90.7905	4972.69	0.000311811	198.658
31.8600	1.74668	-5.65084	1.85398	3.20479	-0.996109	8.1938	2.30395	-91.6556	26.709	1372.51	-25.0103	-90.7905	4972.53	-0.000145967	200.193
31.8607	1.74668	-5.65084	0.630503	2.88883	-0.0786402	5.74356	1.37201	-79.1388	26.7031	1372.51	-25.9692	-90.6441	4972.84	-0.000145967	200.797
31.8613	3.28114	-5.65084	-1.20096	3.52076	0.825722	3.60949	0.155322	-60.2193	26.6972	1371.33	-28.3664	-91.7017	4971.62	-0.000145967	201.564
31.8620	5.4196	-6.27871	-1.5012	5.64224	0.825722	2.08138	0.776611	-64.7761	26.6972	1370.25	-30.6836	-92.7755	4970.4	-0.000145967	202.797
31.8627	5.4196	-7.7856	-0.893213	6.27417	0.524268	0.579626	1.68266	-74.2358	26.6972	1370.41	-31.5626	-92.922	4970.4	6.59448e-006	203.866
31.8633	5.10944	-8.97855	0.022518	7.17693	-0.0786402	-0.0526932	1.37201	-46.145	26.6913	1371.92	-30.8434	-91.5552	4972.08	0.000616981	204.936
31.8640	4.48913	-10.2343	1.24599	8.71162	-0.0786402	1.47541	2.30395	-20.2461	26.6844	1373.16	-30.6836	-90.1722	4973.6	0.000311811	205.238
31.8647	3.28114	-10.2343	2.16173	8.98245	-0.393201	2.08138	4.73733	-23.3032	26.6785	1374.19	-30.6836	-89.4238	4974.37	-0.000451137	205.54
31.8653	1.74668	-10.2343	2.46197	9.29841	-0.996109	-0.0526932	4.73733	-15.3432	26.6785	1375.1	-30.5238	-88.6591	4976.04	0.000159203	205.843
31.8660	0.228537	-10.8622	2.46197	9.29841	-0.393201	-2.47658	2.5887	38.0697	26.6785	1374.83	-32.042	-88.8055	4976.2	0.000464373	206.447
31.8667	-0.685612	-9.29249	2.46197	7.76372	0.222814	-2.79274	1.06137	110.979	26.6785	1374.35	-34.0396	-89.4238	4974.67	0.000159203	207.377
31.8673	-1.30593	-6.59264	0.938249	5.95821	0.222814	-1.26464	0.155322	161.046	26.6725	1374.19	-35.5578	-89.7167	4974.21	6.59448e-006	208.586
31.8680	-0.99577	-4.39509	0.330264	4.73948	0.222814	-1.87061	0.776611	172.929	26.6666	1373.75	-37.2359	-89.5702	4974.37	6.59448e-006	209.656
31.8687	0.832529	-0.753445	1.24599	0.767345	0.825722	-7.06089	1.37201	81.6767	26.6666	1373.59	-38.5942	-89.5702	4974.37	0.000311811	210.725
31.8693	1.74668	4.39509	1.24599	-4.10755	0.825722	-13.7793	0.465967	-104.172	26.6666	1374.08	-39.3933	-89.7167	4974.67	0.000159203	212.097
31.8700	0.228537	9.29249	0.938249	-8.07969	0.524268	-18.9696	-0.465967	-192.021	26.6666	1373.75	-40.5919	-89.7167	4974.82	-0.000451137	212.702
31.8707	0.522371	12.9969	0.938249	-10.2012	0.524268	-23.5539	-0.155322	-132.206	26.6666	1373.75	-41.6306	-89.7167	4974.82	6.59448e-006	213.167
31.8713	0.832529	13.2481	0.330264	-9.29841	0.524268	-26.2939	-0.750724	-68.4677	26.6607	1375	-41.7905	-88.8055	4975.59	6.59448e-006	214.074
31.8720	1.14269	12.0551	0.330264	-8.39565	0.524268	-28.428	-1.37201	-80.9846	26.6538	1376.18	-41.6306	-87.7316	4976.65	-0.000145967	215.004
31.8727	3.88513	14.8177	0.938249	-10.2012	0.524268	-33.0123	-0.750724	-145.357	26.6479	1376.67	-41.9503	-87.7316	4977.42	6.59448e-006	215.91
31.8733	6.02359	18.1455	0.630503	-13.2706	0.222814	-35.7524	0.155322	-203.327	26.6538	1375.75	-43.4685	-88.4964	4976.2	-0.000145967	217.445
31.8740	5.4196	17.2664	0.022518	-13.5865	0.825722	-33.9081	0.465967	-230.783	26.6538	1373.75	-46.2651	-90.0258	4973.91	-0.000603745	218.817
31.8747	4.19529	15.3828	0.330264	-12.6838	1.14028	-30.8782	-1.37201	-230.783	26.642	1372.51	-48.6623	-91.8644	4972.69	-0.000756307	219.259
31.8753	4.19529	13.562	0.330264	-11.465	1.14028	-28.7178	-1.68266	-199.058	26.642	1372.24	-50.1805	-92.4664	4972.84	-0.000298575	220.026
31.8760	4.19529	8.7274	0.630503	-7.4929	1.44174	-21.1036	-0.465967	-134.686	26.642	1372.24	-51.1394	-92.4664	4972.99	6.59448e-006	221.56
31.8767	2.66083	1.69525	0.630503	-2.88883	1.44174	-7.98302	-1.06137	-59.5848	26.6361	1372.68	-51.2992	-92.32	4972.99	-0.000451137	222.328
31.8773	2.66083	-5.96477	1.24599	2.30203	0.524268	6.37588	-1.68266	-1.61508	26.6361	1372.68	-51.5389	-91.7017	4973.45	-0.000603745	222.63
31.8780	3.28114	-10.8622	1.85398	6.545	0.222814	19.4965	-1.68266	29.1867	26.6361	1372.51	-52.6576	-91.7017	4973.75	-0.000145967	223.397
31.8787	2.36699	-10.8622	1.54623	6.545	0.524268	26.5047	-1.37201	16.3815	26.6361	1372.68	-53.2169	-91.7017	4973.91	-0.000145967	224.467
31.8793	2.05684	-9.60642	0.938249	4.73948	0.524268	27.1107	-1.06137	-35.1856	26.6361	1372.84	-54.016	-91.2461	4973.6	-0.000145967	225.536
31.8800	2.36699	-10.5482	0.630503	4.73948	0.825722	25.8987	-0.750724	-47.9908	26.6301	1373	-54.6552	-91.0997	4973.6	6.59448e-006	226.583
31.8807	2.97098	-9.60642	1.24599	5.05545	1.14028	25.5826	-0.155322	-30.6288	26.6361	1372.35	-55.8538	-91.5552	4973.3	6.59448e-006	227.815
31.8813	2.66083	-6.59264	1.85398	4.10755	0.825722	24.9766	0.155322	-62.3535	26.6301	1371.16	-58.5706	-93.0847	4971.62	-0.000145967	229.35
31.8820	2.36699	-3.83001	1.85398	2.30203	0.222814	23.7646	-0.155322	-20.823	26.6232	1370.25	-60.8878	-94.1423	4970.25	-0.000145967	230.256
31.8827	2.05684	-2.26033	1.54623	1.08331	0.222814	21.3144	-1.06137	129.898	26.6301	1369.76	-62.0864	-94.4514	4970.4	0.000159203	230.861
31.8833	1.43652	-0.125574	1.54623	-1.08331	0.222814	17.6522	-1.96742	190.637	26.6301	1370.84	-61.9266	-93.0847	4972.38	0.000464373	232.093
31.8840	0.832529	2.00919	1.54623	-3.20479	-0.0786402	14.3062	-2.89935	145.761	26.6232	1372.51	-61.2074	-90.937	4974.37	0.000464373	232.698
31.8847	0.832529	2.26033	0.938249	-4.42352	-0.694655	11.25	-3.49475	98.462	26.6232	1373.59	-61.2074	-89.5702	4975.74	0.000311811	232.861
31.8853	1.74668	3.20214	0.938249	-3.83672	-0.393201	10.644	-2.5887	45.972	26.6232	1374.51	-61.3672	-89.1146	4976.2	0.000159203	233.907
31.8860	2.05684	3.51608	1.24599	-2.30203	-0.393201	9.7219	-1.68266	-25.7259	26.6232	1374.83	-61.7668	-88.9519	4975.59	6.59448e-006	235.302
31.8867	1.14269	0.125574	1.24599	1.08331	-0.393201	6.98185	-2.5887	-105.384	26.6232	1374.19	-63.4448	-88.9519	4974.98	6.59448e-006	236.348
31.8873	1.14269	-3.20214	1.24599	4.10755	0.222814	6.05972	-2.5887	-134.974	26.6173	1373.92	-65.4424	-89.4238	4974.52	-0.000145967	237.743
31.8880	1.74668	-7.15773	0.630503	6.545	0.524268	9.40574	-1.96742	-81.8498	26.6173	1373.75	-66.641	-89.7167	4974.67	-0.000298575	238.79
31.8887	1.74668	-13.562	0.330264	11.1491	0.825722	14.596	-1.68266	-12.9206	26.6173	1374.08	-67.1204	-89.4238	4974.82	6.59448e-006	240.487
31.8893	2.05684	-18.7733	0.630503	15.392	1.44174	17.6522	-0.750724	30.4557	26.6114	1374.19	-68.2391	-89.4238	4974.37	0.000159203	241.859
31.8900	2.66083	-20.5942	0.938249	16.9267	1.44174	19.1803	-0.750724	51.7978	26.6114	1373.27	-70.0769	-90.0258	4974.06	0.000311811	241.859
31.8907	2.97098	-20.5942	0.938249	17.5587	1.14028	19.4965	-0.465967	56.3546	26.6055	1373.75	-70.4764	-89.2611	4974.67	0.000159203	242.766
31.8913	2.05684	-17.8315	0.938249	15.392	1.14028	15.8343	-1.06137	64.6031	26.6055	1375.75	-69.5975	-87.4388	4976.35	-0.000298575	243.672
31.8920	1.43652	-10.2343	0.330264	8.39565	0.524268	7.27167	-1.37201	48.1062	26.6055	1376.35	-69.2779	-86.674	4977.11	-0.000145967	244.3
31.8927	1.14269	-2.26033	0.630503	2.30203	0.524268	-0.0526932	-0.750724	-10.7864	26.5996	1376.18	-69.4377	-86.674	4976.81	-0.000298575	245.672
31.8933	0.832529	1.06738	0.938249	-1.08331	0.825722	-2.79274	-0.465967	-74.5242	26.6055	1375.27	-71.2755	-87.5852	4975.74	-0.000451137	247.044
31.8940	1.14269	3.51608	0.630503	-2.88883	0.825722	-5.53279	-1.06137	-89.5214	26.6055	1373.75	-73.5128	-89.4238	4973.91	-0.000603745	248.718
31.8947	1.43652	7.15773	0.630503	-5.32628	0.825722	-10.4069	-2.5887	3.57624	26.5996	1372.35	-75.1908	-90.3349	4972.69	-0.000451137	250.09
31.8953	1.14269	9.60642	0.330264	-8.07969	0.825722	-14.0691	-4.42668	110.979	26.5937	1371.76	-76.4693	-90.6441	4972.53	-0.000145967	250.996
31.8960	0.522371	10.5482	-0.285228	-8.71162	1.14028	-15.3074	-5.33273	138.435	26.5937	1371.92	-77.1885	-90.7905	4972.69	-0.000298575	252.392
31.8967	-0.0816205	12.3691	0.630503	-10.2012	1.14028	-13.4631	-4.42668	113.748	26.5996	1372.35	-77.6679	-90.3349	4972.99	-0.000451137	253.298
31.8973	-0.685612	14.1899	3.07746	-11.7359	0.524268	-12.2512	-3.20999	52.7207	26.5867	1372.35	-78.467	-89.8794	4973.45	-0.000451137	253.438
31.8980	-0.0816205	15.1317	4.29343	-10.5171	0.524268	-12.8571	-2.5887	-47.0679	26.5867	1372.35	-79.3459	-89.8794	4973.6	6.59448e-006	254.205
31.8987	0.522371	15.6968	3.68544	-8.98245	0.825722	-13.4631	-2.89935	-127.36	26.5937	1372.84	-79.9852	-90.0258	4973.45	6.59448e-006	256.042
31.8993	1.14269	12.683	3.3777	-6.27417	1.44174	-11.935	-3.49475	-38.2427	26.5937	1373.16	-80.2249	-89.7167	4973.6	6.59448e-006	257.274
31.9000	1.43652	4.39509	4.90892	-0.451379	2.05775	-7.66687	-2.89935	130.244	26.5937	1373.27	-81.0239	-89.5702	4974.06	0.000311811	258.181
31.9007	0.832529	-2.26033	6.12489	2.57286	2.35921	-2.79274	-0.750724	165.026	26.5937	1372.68	-82.0627	-90.0258	4973.14	0.000159203	259.716
31.9013	-0.685612	-5.96477	5.20916	4.42352	2.05775	1.1856	1.68266	143.973	26.5937	1371	-83.7407	-91.3925	4971.16	-0.000298575	260.925
31.9020	-0.99577	-10.5482	0.022518	9.29841	1.44174	3.60949	1.9933	179.677	26.5996	1369.92	-85.2589	-92.6128	4970.09	-0.000145967	261.832
31.9027	-0.685612	-13.562	-6.68784	12.9546	0.222814	4.53162	0.776611	235.801	26.5996	1370.57	-85.4187	-92.4664	4970.55	6.59448e-006	263.668
31.9033	-0.99577	-14.1899	-8.21906	15.1212	-0.996109	7.58783	0.465967	295.04	26.5996	1371.92	-84.38	-90.937	4972.38	6.59448e-006	265.203
31.9040	-0.685612	-14.8177	-3.03242	17.2427	-1.31067	12.1721	1.9933	338.935	26.6055	1372.84	-83.7407	-89.4238	4974.37	0.000159203	264.738
31.9047	0.228537	-12.9969	0.938249	14.8052	-1.61212	13.0679	4.42668	299.597	26.6055	1373.92	-83.7407	-89.1146	4975.28	0.000311811	264.901
31.9053	0.522371	-6.59264	0.330264	8.39565	-1.91358	10.9338	5.33273	167.449	26.6055	1375.27	-83.3412	-88.6591	4975.89	6.59448e-006	266.877
31.9060	0.228537	-2.26033	-0.285228	3.20479	-1.61212	10.3279	3.20999	27.0525	26.5996	1375.27	-83.501	-88.6591	4975.89	-0.000145967	268.086
31.9067	-1.30593	-1.69525	-0.585468	0.135414	-0.694655	12.4619	0.465967	-45.8566	26.5996	1374.19	-84.5398	-90.0258	4975.13	-0.000145967	269.016
31.9073	-3.13423	4.14395	-1.5012	-5.64224	-0.694655	11.856	-1.06137	-109.018	26.6055	1373.75	-86.058	-91.2461	4974.37	0.000311811	270.388
31.9080	-4.04838	16.6386	-1.80894	-14.8052	-0.694655	5.45375	-0.465967	-223.457	26.6055	1373.43	-87.5762	-92.32	4973.3	0.000311811	271.76
31.9087	-4.35853	26.1194	-1.20096	-21.8016	-0.694655	-3.08255	1.37201	-371.468	26.6055	1373.59	-88.2154	-92.922	4973.3	0.000159203	272.829
31.9093	-3.73822	26.9984	-0.893213	-23.0203	-0.694655	-11.0392	2.30395	-491.733	26.5996	1373.75	-88.3752	-92.7755	4973.91	0.000159203	273.899
31.9100	-2.82407	23.6707	-0.585468	-19.3642	-0.0786402	-14.9912	3.20999	-436.474	26.6055	1373.27	-89.0944	-93.2311	4973.75	-0.000298575	275.108
31.9107	-2.22008	18.4594	-0.585468	-13.9025	-0.0786402	-16.2295	3.20999	-223.169	26.5996	1373.75	-88.6149	-92.6128	4974.52	-0.000298575	276.177
31.9113	-1.90992	13.2481	-0.893213	-9.29841	-0.0786402	-16.2295	2.5887	-89.5214	26.5937	1375.59	-87.5762	-91.2461	4976.04	6.59448e-006	277.247
31.9120	-2.22008	5.65084	-0.893213	-3.83672	0.222814	-12.8571	1.68266	-66.6219	26.5937	1377.1	-86.857	-90.4814	4976.5	-0.000298575	278.177
31.9127	-2.22008	-5.02297	0.022518	3.20479	-0.393201	-7.37705	1.06137	-13.4974	26.5996	1376.51	-87.2565	-90.3349	4976.65	-0.000756307	278.479
31.9133	-1.90992	-12.3691	0.938249	9.29841	-0.393201	-2.47658	-0.750724	55.4317	26.5937	1374.51	-89.5738	-91.8644	4975.59	-0.000756307	279.549
31.9140	-2.22008	-16.6386	0.938249	13.2706	0.222814	6.05972	-2.5887	101.865	26.5937	1373.16	-91.7312	-93.3776	4973.45	-0.000603745	282.13
31.9147	-3.13423	-21.222	0.022518	17.5587	0.825722	16.4403	-2.89935	148.529	26.5937	1372.51	-92.9298	-94.1423	4972.23	-0.000298575	283.664
31.9153	-3.73822	-24.2358	-0.585468	21.2148	1.44174	23.7646	-2.5887	186.368	26.5808	1371.92	-93.8088	-94.5979	4972.08	-0.000451137	284.734
31.9160	-3.44438	-24.2358	-0.285228	22.1176	1.44174	26.5047	-2.27806	230.321	26.5808	1371.76	-94.1284	-94.4514	4972.38	-0.000298575	286.106
31.9167	-2.53023	-20.5942	1.24599	19.9961	1.44174	23.1587	-2.89935	258.989	26.5867	1372.68	-94.2882	-93.5403	4973.3	-0.000298575	287.315
31.9173	-1.90992	-13.2481	1.24599	12.9546	1.14028	16.1241	-4.11604	124.707	26.5867	1373.16	-94.448	-92.7755	4973.3	-0.000451137	287.617
31.9180	-1.59976	-6.59264	0.630503	5.95821	0.825722	13.7002	-2.89935	-131.629	26.5808	1372.35	-95.4069	-92.6128	4972.84	0.000159203	288.245
31.9187	-0.391778	-2.88821	0.938249	1.6701	1.44174	14.9122	-0.465967	-250.971	26.5749	1372.24	-96.6055	-93.0847	4972.38	0.000311811	290.221
31.9193	0.832529	1.06738	1.24599	-2.30203	2.05775	12.1721	2.30395	-215.843	26.569	1372.84	-96.126	-92.6128	4972.84	-0.000451137	291.454
31.9200	0.832529	5.3369	0.330264	-5.95821	1.44174	8.1938	5.04797	-132.206	26.5749	1372.84	-95.6466	-91.5552	4973.3	-0.000298575	291.593
31.9207	0.228537	8.41347	0.330264	-8.98245	0.524268	8.1938	5.33273	-33.3398	26.569	1371.92	-97.1648	-92.0108	4972.38	6.59448e-006	293.267
31.9213	0.228537	11.4272	2.16173	-12.0518	1.14028	9.40574	4.73733	9.97887	26.5631	1371	-98.8428	-93.3776	4970.86	6.59448e-006	294.941
31.9220	-0.0816205	12.9969	2.76971	-12.3678	1.14028	8.1938	5.64338	-9.5751	26.5631	1369.92	-99.9615	-94.5979	4970.09	0.000311811	296.476
31.9227	-0.391778	14.1899	1.54623	-12.0518	0.825722	6.05972	5.95402	-12.9206	26.5631	1369.65	-99.9615	-93.6867	4970.86	0.000464373	298.01
31.9233	0.228537	13.562	2.16173	-11.1491	0.825722	4.24181	4.11604	35.5894	26.5562	1371.16	-98.7629	-91.2461	4973.14	6.59448e-006	298.778
31.9240	-0.685612	8.41347	4.90892	-6.86097	1.44174	1.1856	1.9933	86.868	26.5562	1373.16	-97.1648	-90.1722	4974.37	-0.000145967	299.382
31.9247	-3.73822	1.69525	7.04062	-2.30203	1.14028	-3.08255	0.465967	80.177	26.5562	1374.19	-96.7653	-89.7167	4974.21	0.000159203	300.452
31.9253	-5.58284	-2.57427	6.74038	0.135414	0.524268	-6.45492	-0.155322	10.2673	26.5562	1374.67	-96.126	-88.8055	4974.98	6.59448e-006	301.661
31.9260	-5.58284	-5.02297	3.68544	3.52076	0.825722	-7.06089	-0.155322	-61.719	26.5443	1374.83	-95.4868	-88.4964	4975.43	-0.000145967	303.335
31.9267	-5.27268	-6.59264	-1.80894	6.545	1.14028	-3.08255	-0.155322	-95.0011	26.5443	1374.35	-95.9662	-88.4964	4974.98	0.000159203	305.032
31.9273	-4.96252	-7.7856	-7.30333	6.27417	0.825722	7.90399	0.776611	-114.843	26.5384	1373.92	-97.1648	-88.6591	4974.82	0.000311811	306.241
31.9280	-4.35853	-9.29249	-6.68784	6.86097	1.14028	21.6306	1.37201	-121.246	26.5384	1373.75	-97.804	-89.1146	4974.52	0.000159203	307.474
31.9287	-4.04838	-10.8622	-3.03242	8.98245	1.74319	33.2231	1.68266	-100.481	26.5325	1374.08	-97.1648	-88.8055	4974.52	-0.000145967	308.38
31.9293	-3.44438	-11.7412	-2.11669	10.8331	2.05775	39.0193	1.9933	-72.7361	26.5325	1373.75	-97.0849	-88.3499	4974.67	-0.000145967	309.589
31.9300	-3.13423	-13.2481	-2.72468	11.465	1.44174	39.6253	1.37201	-60.2193	26.5256	1373	-98.4433	-89.4238	4974.06	0.000159203	310.822
31.9307	-3.13423	-12.9969	-3.33266	11.7359	0.222814	38.7032	1.37201	-46.4911	26.5197	1373.75	-98.1237	-89.1146	4974.67	6.59448e-006	311.891
31.9313	-2.53023	-9.29249	-3.33266	10.5171	-0.393201	38.7032	1.68266	-14.1319	26.5197	1375.59	-96.2858	-86.9832	4976.2	-0.000145967	313.1
31.9320	-2.22008	-4.39509	-2.41693	7.4929	-0.0786402	37.8074	1.68266	30.7441	26.5197	1376.35	-95.2471	-86.2185	4977.26	-0.000145967	314.03
31.9327	-2.82407	-1.38132	-1.5012	5.64224	0.222814	36.2793	1.68266	129.321	26.5138	1376.35	-95.4868	-86.3649	4977.26	6.59448e-006	315.402
31.9333	-3.73822	0.753445	-0.585468	6.27417	-0.0786402	33.8291	0.776611	237.647	26.5019	1375.27	-96.9251	-87.4388	4975.74	0.000159203	317.541
31.9340	-4.35853	3.83001	0.022518	4.73948	0.222814	27.7166	0.465967	180.254	26.495	1373.59	-98.6031	-89.1146	4973.75	-0.000145967	319.355
31.9347	-3.73822	7.7856	-0.285228	-0.135414	0.524268	18.8905	2.5887	3.86465	26.495	1372.24	-100.281	-90.1722	4972.53	-0.000603745	320.285
31.9353	-1.90992	8.97855	-0.285228	-0.767345	0.222814	12.1721	4.73733	-62.9303	26.4891	1371.6	-100.681	-91.2461	4971.92	-0.000451137	321.192
31.9360	-0.99577	5.65084	-0.285228	2.88883	-0.393201	8.50996	5.04797	-28.783	26.4832	1371.76	-100.281	-91.0997	4972.23	-0.000298575	322.564
31.9367	-0.99577	1.38132	0.022518	5.05545	-0.694655	3.31967	5.95402	-9.22901	26.4832	1372.24	-99.9615	-90.1722	4973.14	0.000159203	323.796
31.9373	-0.685612	-2.57427	0.022518	8.07969	-1.61212	-2.18677	6.86007	17.9389	26.4773	1372.51	-100.121	-90.1722	4973.14	6.59448e-006	324.703
31.9380	-0.391778	-8.7274	1.54623	13.5865	-1.91358	-6.74473	5.95402	47.241	26.4655	1372.68	-100.281	-90.0258	4972.84	-0.000298575	325.47
31.9387	-1.30593	-16.3246	5.82465	18.7774	-2.52959	-11.329	4.11604	94.1936	26.4586	1372.84	-100.121	-89.7167	4973.45	0.000159203	326.842
31.9393	-0.685612	-20.2802	5.82465	22.4336	-2.52959	-14.7014	2.89935	124.13	26.4586	1372.68	-99.9615	-89.7167	4973.75	6.59448e-006	328.376
31.9400	-0.391778	-19.0873	4.29343	23.0203	-2.21503	-17.1253	2.5887	64.8915	26.4526	1373	-99.9615	-89.2611	4973.91	6.59448e-006	330.19
31.9407	-0.99577	-14.1899	7.34837	20.3121	-1.61212	-20.4977	2.5887	81.0999	26.4408	1372.68	-100.681	-89.8794	4972.84	6.59448e-006	331.725
31.9413	-1.30593	-6.84379	10.3958	15.708	-0.996109	-28.428	-0.465967	216.882	26.428	1371	-102.199	-91.7017	4971.47	-0.000145967	332.794
31.9420	-0.391778	1.06738	14.3665	9.29841	-0.393201	-36.3583	-3.8054	255.932	26.4221	1369.76	-103.317	-92.6128	4970.55	0.000159203	334.166
31.9427	-0.0816205	8.7274	19.5531	1.98607	-0.0786402	-40.0205	-4.42668	174.774	26.4162	1369.92	-103.877	-92.6128	4970.55	0.000159203	335.073
31.9433	-0.0816205	20.5942	16.5057	-8.98245	-0.0786402	-43.0767	-3.20999	105.499	26.4102	1370.84	-102.998	-91.5552	4972.23	0.000159203	335.538
31.9440	0.228537	35.5375	5.20916	-22.7495	-0.694655	-46.1329	-2.89935	61.2575	26.4102	1372.35	-101.48	-90.0258	4973.91	0.000464373	336.607
31.9447	0.522371	42.8836	-8.82705	-31.2806	-0.996109	-46.1329	-4.42668	-33.0514	26.3974	1373.92	-100.281	-88.8055	4974.67	0.000159203	338.444
31.9453	1.14269	41.6278	-20.1161	-31.5966	-1.31067	-46.7389	-5.64338	-224.092	26.3915	1375.1	-99.1624	-87.5852	4975.28	-0.000451137	339.653
31.9460	-0.391778	37.9862	-17.0686	-29.1591	-1.61212	-47.9508	-6.23878	-300.981	26.3856	1374.83	-100.121	-87.4388	4976.2	-0.000298575	340.118
31.9467	-3.73822	34.0306	-5.47187	-26.7217	-1.61212	-47.0287	-6.86007	-152.048	26.3737	1373.43	-103.317	-88.4964	4975.43	6.59448e-006	340.886
31.9473	-4.65237	31.5819	-0.285228	-25.5029	-0.996109	-43.6827	-7.48136	-16.5545	26.3609	1372.68	-106.674	-89.2611	4973.91	-0.000145967	342.397
31.9480	-4.04838	29.1332	-0.585468	-24.555	-0.996109	-36.9643	-7.17071	31.3209	26.3491	1373.27	-110.509	-89.2611	4974.21	6.59448e-006	344.536
31.9487	-3.73822	23.0429	-2.41693	-20.8989	-0.996109	-23.2377	-5.95402	51.5094	26.3432	1374.51	-116.262	-89.2611	4974.67	0.000464373	347.14
31.9493	-3.13423	12.683	-4.24839	-13.9025	-0.0786402	-4.92682	-4.42668	35.9355	26.3373	1374.35	-123.773	-89.5702	4974.21	-0.000298575	348.047
31.9500	-1.90992	1.06738	-0.285228	-5.64224	0.222814	13.3841	-2.89935	15.8047	26.3244	1373.43	-132.163	-90.7905	4974.21	-0.000908915	348.21
31.9507	-0.685612	-9.60642	8.87208	2.88883	-0.0786402	29.2447	-1.68266	8.13306	26.3067	1374.19	-139.594	-92.0108	4975.43	-0.000145967	349.419
31.9513	0.832529	-17.5804	15.5899	10.5171	-0.393201	40.8636	-1.68266	-13.8435	26.2939	1376.02	-145.907	-92.1573	4976.81	0.000311811	350.791
31.9520	1.43652	-22.7289	17.4214	14.1733	0.222814	52.4561	-1.96742	-52.2593	26.2939	1376.94	-152.299	-92.6128	4977.42	6.59448e-006	352.488
31.9527	0.832529	-26.3706	17.7217	15.1212	-0.0786402	64.0486	-1.96742	-74.8703	26.282	1376.78	-158.532	-94.1423	4977.26	-0.000145967	353.697
31.9533	1.14269	-28.2542	18.0294	14.4893	0.222814	72.5849	-1.37201	-77.9274	26.2761	1375.59	-165.244	-96.4365	4975.89	6.59448e-006	355.069
31.9540	1.43652	-28.8193	20.4688	13.5865	0.524268	78.6973	-0.750724	-99.2695	26.2633	1373.92	-171.237	-98.7306	4974.06	6.59448e-006	356.906
31.9547	1.43652	-28.5053	23.824	13.9025	0.524268	80.8314	-0.465967	-127.014	26.2515	1372.84	-175.152	-100.553	4972.84	6.59448e-006	358.115
31.9553	2.36699	-27.3124	19.8609	14.4893	0.524268	80.2254	0.155322	-119.746	26.2396	1372.51	-177.47	-101.464	4972.08	-0.000145967	359.347
31.9560	2.66083	-26.3706	-2.11669	15.1212	0.222814	77.7752	0.155322	-107.23	26.2268	1372.84	-179.148	-101.627	4972.53	-0.000298575	360.882
31.9567	2.36699	-24.8637	-27.1342	15.1212	0.222814	69.2389	-0.750724	-135.609	26.2209	1373.27	-179.867	-101.464	4973.3	-0.000145967	362.091
31.9573	1.74668	-19.7151	-32.0206	12.9546	-0.0786402	58.2524	-1.06137	-172.525	26.215	1373.27	-180.346	-101.627	4973.75	6.59448e-006	362.858
31.9580	1.14269	-12.3691	-26.2259	8.39565	0.222814	48.188	-0.465967	-212.786	26.2022	1372.84	-180.985	-101.773	4973.75	0.000159203	364.067
31.9587	0.832529	-5.02297	-17.0686	3.83672	0.825722	36.8853	0.155322	-247.914	26.1962	1373.16	-180.826	-101.773	4973.75	0.000159203	365.764
31.9593	-0.391778	1.69525	-5.16412	-1.6701	0.825722	24.0545	0.776611	-170.044	26.1903	1373.59	-179.867	-101.627	4974.06	6.59448e-006	366.811
31.9600	-0.99577	6.84379	-2.41693	-6.27417	0.825722	13.0679	2.30395	-66.6219	26.1844	1373.16	-179.867	-101.773	4973.75	0.000159203	367.741
31.9607	-1.90992	9.92036	-5.77211	-9.29841	0.222814	3.60949	3.20999	-90.7327	26.1785	1372.35	-180.027	-102.847	4972.08	0.000159203	369.577
31.9613	-2.53023	11.1133	-7.60357	-10.2012	0.524268	-4.00469	2.30395	-94.7127	26.1716	1370.84	-180.666	-104.669	4970.25	0.000311811	371.089
31.9620	-1.90992	9.60642	-8.5193	-7.76372	0.524268	-9.51113	1.37201	7.55625	26.1598	1369.49	-180.666	-105.597	4969.48	0.000464373	372.321
31.9627	-1.90992	6.84379	-9.13479	-5.05545	0.524268	-14.7014	1.06137	102.154	26.1598	1370.84	-178.189	-104.832	4969.94	0.000159203	374.46
31.9633	-1.90992	5.65084	-9.13479	-1.6701	0.825722	-18.6534	0.776611	141.492	26.1538	1372.68	-174.833	-102.684	4972.69	0.000311811	375.53
31.9640	-0.685612	4.39509	-8.82705	0.767345	1.14028	-20.1815	0.776611	148.241	26.1479	1373.92	-172.276	-101.171	4974.37	0.000159203	375.832
31.9647	-0.0816205	1.38132	-8.5193	2.57286	1.44174	-21.7096	0.465967	177.831	26.141	1374.67	-170.598	-100.716	4974.21	-0.000145967	376.902
31.9653	-0.391778	-4.14395	-8.82705	7.4929	1.14028	-23.2377	-0.155322	237.935	26.1351	1375.27	-169.399	-99.7882	4975.43	6.59448e-006	378.111
31.9660	-0.391778	-8.7274	-8.21906	11.465	0.825722	-22.6317	0.465967	261.123	26.1233	1375.59	-169.08	-99.4953	4975.89	6.59448e-006	379.343
31.9667	0.832529	-11.1133	-6.07985	12.3678	0.524268	-17.4415	1.68266	234.301	26.1114	1375	-169.799	-100.244	4975.13	6.59448e-006	380.854
31.9673	0.832529	-13.2481	-4.24839	12.6838	0.524268	-11.935	1.9933	205.576	26.1045	1374.35	-170.118	-100.716	4974.98	6.59448e-006	382.854
31.9680	0.522371	-12.9969	-2.72468	11.7359	0.825722	-9.51113	1.37201	181.811	26.1045	1374.35	-170.278	-101.009	4974.67	6.59448e-006	384.226
31.9687	0.228537	-7.47166	0.022518	6.27417	0.825722	-8.589	0.776611	141.204	26.0986	1374.83	-169.639	-101.627	4974.52	6.59448e-006	385.9
31.9693	0.832529	-2.26033	2.46197	0.135414	0.524268	-5.84895	0.155322	114.036	26.0868	1374.83	-169.239	-101.936	4974.67	0.000311811	387.737
31.9700	2.36699	-0.43951	0.938249	-0.135414	0.825722	-4.32085	0.776611	118.016	26.0809	1373.59	-169.958	-102.684	4974.52	0.000159203	388.039
31.9707	2.36699	0.43951	-3.03242	1.08331	1.14028	-7.06089	0.776611	137.224	26.074	1374.35	-168.6	-102.392	4974.82	-0.000145967	388.481
31.9713	1.14269	1.69525	-4.24839	0.767345	0.825722	-10.4069	0.465967	161.969	26.0681	1376.51	-165.564	-100.553	4976.04	-0.000298575	389.713
31.9720	1.43652	2.26033	-2.72468	1.35414	0.825722	-11.329	1.06137	123.784	26.0562	1376.94	-164.205	-100.244	4976.81	-0.000451137	391.085
31.9727	1.74668	2.26033	-0.893213	1.98607	1.14028	-14.7014	1.06137	5.42204	26.0562	1376.67	-163.726	-100.716	4976.35	-0.000298575	392.759
31.9733	1.74668	4.14395	-0.285228	1.35414	0.524268	-22.0258	0.465967	-87.0411	26.0503	1375.75	-163.886	-101.936	4974.98	-0.000145967	394.596
31.9740	2.36699	6.52986	-1.5012	-0.451379	-0.393201	-27.822	1.06137	-103.25	26.0375	1374.08	-164.365	-104.214	4973.45	-0.000451137	396.572
31.9747	2.36699	6.27871	-1.20096	-1.98607	-0.393201	-27.5059	1.06137	-43.1456	26.0316	1372.84	-164.045	-105.743	4972.53	-0.000603745	398.107
31.9753	1.43652	4.70903	2.16173	-1.98607	-0.393201	-25.0556	0.465967	37.1468	26.0316	1372.35	-163.886	-106.199	4972.38	-0.000451137	399.176
31.9760	1.14269	4.39509	4.60117	-0.135414	-0.393201	-25.3718	0.465967	27.3986	26.0256	1372.68	-162.927	-106.199	4972.69	-0.000451137	400.548
31.9767	1.43652	2.88821	5.20916	2.57286	-0.0786402	-26.5837	0.155322	9.34437	26.0138	1373.59	-160.689	-105.89	4973.45	-0.000451137	402.059
31.9773	1.43652	0.125574	6.12489	4.73948	-0.0786402	-27.822	-0.465967	108.845	26.0138	1373.92	-159.171	-106.052	4973.6	-0.000145967	402.989
31.9780	1.74668	-0.753445	6.74038	6.27417	-0.0786402	-30.8782	0.155322	223.919	26.0069	1373.59	-158.372	-106.508	4972.99	-0.000298575	404.198
31.9787	2.05684	1.38132	5.20916	5.95821	0.524268	-35.1464	0.465967	202.865	26.001	1374.08	-157.174	-106.654	4972.84	-0.000298575	406.035
31.9793	2.66083	5.65084	3.3777	1.98607	0.825722	-40.6265	-0.465967	43.8378	26.001	1374.35	-156.135	-106.199	4973.45	6.59448e-006	407.268
31.9800	3.57498	8.7274	0.330264	-1.6701	0.222814	-43.9988	-0.465967	-160.008	25.9951	1374.19	-155.815	-106.508	4973.14	6.59448e-006	408.477
31.9807	4.19529	10.8622	-8.21906	-4.10755	-0.0786402	-38.8086	0.465967	-316.843	25.9951	1373.16	-156.215	-107.875	4972.08	-0.000145967	410.011
31.9813	3.57498	12.9969	-13.098	-8.07969	-0.0786402	-29.9561	0.465967	-359.874	25.9832	1371.92	-156.854	-109.551	4971.31	6.59448e-006	411.825
31.9820	2.36699	14.1899	-6.68784	-11.465	-0.0786402	-23.2377	0.465967	-320.535	25.9832	1371.43	-157.653	-110.478	4970.25	0.000159203	413.359
31.9827	2.66083	14.8177	-0.285228	-12.6838	0.222814	-22.3156	1.06137	-315.632	25.9763	1371.76	-157.333	-110.315	4971.31	0.000159203	414.429
31.9833	3.28114	16.6386	2.16173	-13.5865	0.222814	-25.9778	2.30395	-306.807	25.9645	1373.43	-155.496	-108.639	4974.21	6.59448e-006	415.638
31.9840	2.36699	17.2664	2.46197	-14.8052	0.825722	-29.6399	2.5887	-138.031	25.9586	1375.27	-154.856	-107.582	4975.28	0.000311811	417.173
31.9847	2.05684	16.0107	1.54623	-15.708	1.44174	-29.6399	2.30395	78.3312	25.9586	1376.02	-155.496	-107.875	4974.82	0.000616981	418.242
31.9853	1.74668	14.5038	0.630503	-14.1733	0.524268	-26.8999	2.30395	152.798	25.9527	1376.51	-155.815	-107.728	4975.74	0.000159203	418.847
31.9860	1.74668	11.1133	0.022518	-11.7359	-0.0786402	-24.4497	1.68266	157.066	25.9458	1376.18	-156.534	-108.493	4976.04	-0.000145967	420.219
31.9867	2.66083	5.3369	-0.285228	-6.86097	0.222814	-18.3636	1.37201	84.4454	25.9399	1375.43	-158.212	-109.713	4974.98	6.59448e-006	421.916
31.9873	3.28114	-2.88821	-0.585468	2.57286	0.524268	-8.27284	1.68266	-84.6185	25.9339	1375	-159.731	-110.771	4974.21	-0.000298575	423.125
31.9880	3.28114	-11.7412	-0.285228	11.7359	0.222814	0.869438	1.06137	-158.797	25.9339	1374.83	-160.689	-111.243	4974.21	-0.000298575	424.357
31.9887	3.28114	-20.2802	-0.285228	18.1454	0.222814	8.50996	0.155322	-60.7961	25.928	1374.83	-161.249	-110.771	4974.37	-0.000451137	425.729
31.9893	3.57498	-27.3124	-0.285228	22.7495	0.524268	11.5662	0.465967	93.9052	25.9221	1375.1	-162.687	-111.698	4974.37	-0.000451137	427.403
31.9900	2.97098	-27.6263	0.022518	23.0203	0.524268	6.98185	0.465967	190.637	25.9221	1375.27	-164.205	-113.374	4974.06	0.000159203	429.24
31.9907	1.74668	-20.2802	0.630503	16.024	-0.0786402	3.00351	-0.465967	236.436	25.9152	1376.02	-163.726	-112.919	4974.82	0.000159203	430.449
31.9913	1.43652	-11.4272	0.330264	8.07969	-0.0786402	2.08138	-0.750724	268.795	25.9152	1377.59	-163.246	-111.698	4976.35	-0.000145967	431.054
31.9920	2.05684	-2.26033	-0.585468	0.451379	0.222814	-2.47658	-0.750724	208.979	25.9093	1378.61	-163.726	-111.698	4977.26	-0.000145967	432.123
31.9927	2.36699	8.7274	-0.585468	-9.61438	-0.0786402	-13.1733	-0.750724	80.4654	25.9093	1378.34	-165.404	-112.463	4976.96	-0.000145967	433.797
31.9933	2.66083	21.536	0.630503	-20.3121	0.222814	-24.4497	-0.750724	38.3581	25.9152	1376.67	-168.76	-114.595	4974.98	6.59448e-006	435.797
31.9940	2.36699	30.6401	0.938249	-27.3084	0.825722	-31.774	-0.155322	67.6602	25.9093	1375.1	-171.796	-116.726	4973.3	-0.000298575	437.634
31.9947	1.43652	32.7749	0.330264	-27.9404	0.524268	-30.5621	-0.465967	24.6299	25.9152	1374.51	-174.273	-117.8	4972.69	-0.000451137	439.308
31.9953	1.74668	28.8193	0.022518	-23.9682	0.524268	-25.3718	-1.06137	-129.783	25.9152	1373.92	-176.111	-119.02	4971.92	-0.000145967	440.377
31.9960	2.36699	23.9847	0.022518	-19.9961	0.825722	-23.2377	-1.37201	-266.834	25.9152	1373.59	-176.83	-119.622	4972.38	-0.000145967	441.447
31.9967	2.36699	21.8499	0.630503	-19.3642	0.222814	-25.0556	-1.06137	-261.642	25.9152	1374.51	-177.47	-119.622	4973.14	-0.000145967	442.958
31.9973	2.36699	23.9847	0.938249	-21.2148	-0.694655	-29.034	-0.155322	-139.243	25.9152	1375.43	-177.949	-120.24	4973.14	-0.000603745	443.888
31.9980	2.05684	23.0429	0.630503	-21.5308	-1.31067	-27.5059	-0.155322	8.76756	25.9152	1374.83	-178.828	-120.843	4973.3	-0.000756307	444.795
31.9987	2.05684	14.8177	0.022518	-14.4893	-0.996109	-15.5972	-0.750724	85.0799	25.9152	1374.51	-179.627	-121.005	4973.6	-0.000145967	447.074
31.9993	2.05684	2.88821	0.022518	-3.83672	-0.393201	-0.658665	-1.37201	54.8549	25.9152	1375.1	-179.467	-121.314	4973.91	6.59448e-006	448.306
32.0000	1.43652	-8.97855	1.24599	4.42352	-0.393201	11.856	-1.68266	-2.82638	25.9152	1375.43	-180.346	-122.226	4973.75	6.59448e-006	449.376
32.0007	0.832529	-17.8315	1.24599	10.5171	-0.393201	24.0545	-1.96742	-49.2022	25.9152	1374.83	-182.504	-123.592	4972.53	0.000159203	451.212
32.0013	1.43652	-22.7289	0.630503	12.9546	0.222814	37.4912	-2.89935	-90.0982	25.9152	1373	-185.061	-125.431	4971.01	0.000159203	452.584
32.0020	2.97098	-24.8637	-0.285228	13.5865	0.222814	47.8718	-3.8054	-127.36	25.9152	1372.35	-186.739	-126.488	4970.25	-0.000298575	454.095
32.0027	3.88513	-23.6707	-0.893213	13.2706	0.222814	52.7459	-2.89935	-182.907	25.9093	1373	-187.058	-125.886	4971.77	0.000616981	455.77
32.0033	2.97098	-21.8499	-0.285228	11.1491	0.222814	50.0059	-1.68266	-240.243	25.9034	1374.83	-186.898	-125.122	4974.06	0.000922151	456.839
32.0040	1.74668	-21.8499	0.022518	8.98245	0.524268	45.4216	-0.750724	-221.669	25.9034	1376.67	-187.378	-124.975	4974.52	-0.000298575	457.304
32.0047	1.14269	-20.5942	0.330264	7.4929	0.524268	43.8935	0.776611	-114.555	25.9093	1377.1	-188.576	-124.666	4974.98	-0.000298575	458.211
32.0053	0.228537	-17.8315	0.938249	7.4929	0.524268	41.4696	2.5887	20.996	25.8975	1377.69	-189.695	-124.357	4976.04	0.000311811	459.908
32.0060	0.522371	-15.6968	0.330264	9.29841	0.524268	35.6733	3.20999	132.379	25.8915	1377.86	-191.213	-124.975	4975.74	6.59448e-006	461.582
32.0067	0.832529	-13.8759	3.07746	10.5171	0.222814	31.3788	2.89935	147.895	25.8856	1376.94	-193.77	-126.342	4974.98	6.59448e-006	462.791
32.0073	1.14269	-11.1133	11.0113	10.2012	-0.0786402	25.8987	5.04797	92.6939	25.8856	1376.67	-194.889	-127.416	4974.52	-0.000145967	464.628
32.0080	1.74668	-8.7274	13.7585	8.71162	-0.0786402	15.5182	8.69805	62.4689	25.8787	1376.67	-195.129	-128.473	4974.52	-0.000298575	466
32.0087	1.74668	-6.27871	9.78782	5.64224	-0.0786402	6.05972	10.536	53.0091	25.8728	1376.18	-195.928	-129.092	4974.82	0.000159203	467.07
32.0093	1.14269	-3.83001	8.87208	2.57286	-0.0786402	1.1856	10.536	39.9155	25.8669	1376.51	-196.087	-129.694	4974.52	-0.000145967	468.744
32.0100	0.832529	-1.69525	12.2273	-1.08331	-0.0786402	-1.26464	9.31934	-0.403769	25.8481	1376.78	-196.087	-130.458	4974.52	-0.000756307	469.372
32.0107	1.14269	2.57427	17.7217	-5.05545	-0.0786402	-4.32085	6.57531	-68.4677	25.8363	1377.1	-195.928	-130.312	4975.74	0.000159203	469.976
32.0113	1.43652	6.27871	25.3552	-7.17693	0.222814	-9.19497	3.20999	-77.5814	25.8363	1378.61	-194.889	-129.694	4976.96	0.000311811	471.487
32.0120	0.832529	8.41347	35.7285	-6.86097	-0.0786402	-15.5972	1.06137	-9.8635	25.8245	1379.37	-194.09	-129.856	4977.11	-0.000145967	472.859
32.0127	0.832529	11.1133	27.7947	-7.4929	-0.694655	-22.9216	0.465967	50.5865	25.8117	1378.77	-195.608	-131.223	4976.5	-0.000298575	474.394
32.0133	0.832529	12.683	-9.13479	-8.71162	-0.996109	-26.5837	0.465967	81.3883	25.8057	1377.26	-197.606	-133.208	4974.98	-0.000298575	476.37
32.0140	0.832529	11.4272	-37.2072	-8.39565	-0.694655	-25.0556	1.06137	103.653	25.7939	1376.02	-199.124	-135.193	4973.6	-0.000298575	477.905
32.0147	1.43652	7.47166	-34.1598	-5.95821	-0.0786402	-20.7875	1.9933	79.2541	25.7811	1375.27	-200.642	-136.869	4972.38	-0.000298575	479.137
32.0153	2.05684	1.69525	-18.9001	-1.35414	0.524268	-16.2295	1.9933	10.9018	25.7752	1375.1	-201.601	-137.634	4971.92	-0.000298575	480.648
32.0160	1.74668	-4.39509	-10.0505	3.52076	0.524268	-12.5673	1.68266	-25.0914	25.7633	1375.27	-202	-138.252	4972.84	-0.000451137	481.578
32.0167	1.14269	-10.2343	-9.13479	8.39565	0.524268	-10.7231	0.776611	-23.3032	25.7446	1375.86	-201.841	-138.708	4973.3	-0.000298575	482.485
32.0173	0.832529	-14.5038	-10.0505	14.1733	0.222814	-11.0392	-1.06137	4.78755	25.7328	1376.18	-201.841	-138.854	4973.3	0.000311811	484.02
32.0180	1.14269	-17.8315	-10.3508	19.0933	0.222814	-12.2512	-2.89935	68.8715	25.7199	1376.35	-202	-139.765	4972.84	0.000311811	485.531
32.0187	1.74668	-20.5942	-10.3508	22.7495	-0.393201	-13.1733	-4.42668	78.0428	25.714	1376.67	-201.761	-140.221	4972.84	-0.000451137	486.298
32.0193	1.74668	-20.9081	-7.91132	24.555	-0.694655	-16.2295	-7.76611	15.4586	25.7022	1376.18	-202.32	-140.384	4973.6	-0.000145967	487.066
32.0200	1.14269	-17.8315	-4.55614	22.7495	-0.694655	-21.7096	-9.91474	-14.7664	25.6894	1376.02	-203.678	-141.441	4973.14	0.000159203	489.042
32.0207	-0.0816205	-15.3828	-3.03242	19.6801	-0.996109	-25.0556	-6.86007	21.5728	25.6775	1375.43	-204.797	-142.824	4972.23	-0.000298575	491.181
32.0213	-1.30593	-13.8759	-2.41693	17.5587	-1.61212	-22.9216	-4.11604	88.0794	25.6657	1374.51	-205.996	-144.045	4971.16	6.59448e-006	492.716
32.0220	-1.59976	-8.7274	-1.5012	12.0518	-0.694655	-17.7313	-4.42668	121.361	25.647	1374.19	-208.153	-145.265	4970.25	0.000159203	493.785
32.0227	-1.90992	0.125574	-1.20096	4.42352	-0.0786402	-15.9134	-4.11604	122.919	25.6411	1375	-208.553	-145.411	4971.31	-0.000298575	495.157
32.0233	-1.90992	6.84379	-1.5012	-1.6701	-0.694655	-18.0474	-2.27806	89.6367	25.6292	1377.1	-207.354	-143.898	4973.6	-0.000298575	496.668
32.0240	-0.99577	11.7412	-1.20096	-6.86097	-0.694655	-22.0258	0.155322	5.71045	25.6164	1378.18	-207.514	-143.28	4975.28	0.000311811	496.971
32.0247	-0.685612	17.5176	-0.585468	-13.2706	-0.393201	-26.8999	2.5887	-33.0514	25.6105	1378.5	-207.993	-143.898	4975.74	0.000769543	497.598
32.0253	-0.685612	25.4916	0.330264	-20.5829	-0.393201	-32.38	4.42668	-101.115	25.5987	1379.53	-208.153	-144.956	4975.43	0.000159203	498.668
32.0260	-0.685612	33.7167	0.630503	-26.7217	-0.393201	-40.6265	3.83128	-238.743	25.5858	1379.26	-209.512	-146.339	4974.67	0.000159203	500.04
32.0267	-0.99577	41.3767	0.330264	-30.3778	-0.694655	-48.5568	1.9933	-197.558	25.5799	1378.02	-210.87	-148.307	4974.06	0.000159203	501.853
32.0273	-0.99577	45.0183	0.630503	-32.1833	-0.694655	-53.1411	0.465967	-33.0514	25.574	1378.02	-211.19	-150.455	4973.75	-0.000145967	503.086
32.0280	-1.30593	40.4349	1.24599	-29.4299	-0.996109	-52.5352	0.465967	-37.6082	25.5681	1378.5	-211.19	-151.985	4973.91	0.000159203	504.458
32.0287	-1.30593	31.268	0.938249	-23.3363	-1.31067	-49.1891	1.37201	-206.672	25.5612	1378.61	-210.71	-153.042	4974.37	-0.000145967	506.899
32.0293	-0.391778	19.4012	0.938249	-15.1212	-0.996109	-46.4227	2.5887	-309.864	25.5612	1378.77	-210.391	-154.881	4974.37	-0.000603745	507.968
32.0300	-0.0816205	7.15773	1.24599	-6.27417	-0.694655	-40.9426	2.30395	-225.303	25.5553	1378.61	-211.03	-157.631	4974.21	-0.000298575	508.434
32.0307	-0.0816205	-0.125574	1.24599	-0.767345	-0.0786402	-32.0902	-0.750724	-63.8532	25.5434	1379.53	-210.391	-159.144	4975.13	-0.000298575	509.643
32.0313	0.228537	-5.3369	0.938249	4.42352	-0.0786402	-23.5539	-5.64338	42.3381	25.5375	1381.2	-208.313	-159.453	4976.65	-0.000298575	510.549
32.0320	-0.0816205	-12.0551	0.022518	10.2012	-0.694655	-15.5972	-12.6588	104.865	25.5375	1381.85	-207.035	-161.291	4977.42	6.59448e-006	511.782
32.0327	-0.0816205	-18.1455	-0.285228	15.392	-0.996109	-7.06089	-19.0788	166.238	25.5375	1381.2	-207.194	-164.188	4976.5	6.59448e-006	513.456
32.0333	0.228537	-22.415	0.630503	18.7774	-0.393201	1.79157	-17.5514	183.311	25.5247	1379.85	-208.473	-167.539	4974.67	-0.000298575	514.99
32.0340	-0.391778	-21.8499	0.938249	16.9267	0.222814	7.58783	-12.3481	161.046	25.5129	1378.77	-209.512	-171.363	4973.3	-0.000298575	516.362
32.0347	-0.685612	-17.5804	0.938249	12.3678	0.524268	11.856	-10.2254	145.472	25.5069	1377.69	-210.151	-174.861	4972.23	-0.000298575	518.036
32.0353	-1.30593	-13.562	0.938249	8.98245	-0.0786402	14.596	-9.00869	114.324	25.5069	1377.26	-210.151	-177.757	4971.92	-0.000298575	519.245
32.0360	-1.30593	-7.15773	0.630503	3.83672	0.524268	12.7781	-6.86007	55.7778	25.501	1378.02	-209.032	-179.287	4972.53	-0.000298575	520.175
32.0367	-1.30593	1.38132	0.938249	-4.10755	1.44174	9.7219	-5.33273	-2.24957	25.4941	1378.18	-207.993	-180.816	4973.45	-0.000145967	521.245
32.0373	-2.53023	8.09953	2.16173	-9.93034	0.825722	6.37588	-4.42668	-42.2227	25.4882	1378.5	-207.514	-182.801	4973.6	6.59448e-006	522.919
32.0380	-3.44438	11.7412	2.76971	-12.0518	0.222814	4.53162	-3.8054	-76.37	25.4823	1379.1	-206.795	-184.786	4973.45	-0.000145967	524.291
32.0387	-3.73822	12.3691	2.46197	-13.2706	0.222814	5.45375	-2.89935	-111.786	25.4764	1378.77	-206.635	-187.227	4973.3	-0.000145967	524.756
32.0393	-2.82407	11.1133	2.46197	-11.7359	0.222814	4.53162	-0.750724	-118.477	25.4764	1378.94	-206.156	-188.903	4973.45	0.000159203	526.128
32.0400	-2.22008	7.47166	2.16173	-7.4929	0.524268	2.39754	1.06137	-103.25	25.4705	1379.37	-205.996	-190.888	4973.6	-0.000145967	527.639
32.0407	-2.22008	-0.125574	2.16173	0.135414	-0.393201	2.08138	1.9933	-93.7898	25.4576	1377.86	-207.674	-194.858	4972.23	-0.000145967	528.569
32.0413	-1.59976	-9.29249	1.85398	10.5171	-0.996109	0.579626	2.30395	-31.8401	25.4458	1376.51	-209.192	-198.665	4970.86	0.000159203	530.243
32.0420	-0.99577	-17.2664	0.630503	18.7774	-0.393201	-2.79274	0.465967	110.69	25.4399	1376.78	-209.991	-201.269	4970.4	6.59448e-006	531.778
32.0427	-0.99577	-22.7289	0.022518	24.2842	0.222814	-2.18677	0.155322	216.305	25.4271	1377.59	-209.991	-202.782	4971.31	-0.000145967	532.685
32.0433	-0.685612	-26.9984	0.938249	28.2112	-0.0786402	1.1856	1.9933	193.405	25.4152	1379.37	-208.313	-202.326	4973.91	0.000311811	533.452
32.0440	-0.685612	-28.8193	1.54623	29.4299	0.222814	2.08138	0.465967	146.684	25.4034	1381.53	-206.875	-202.782	4974.98	0.000311811	534.824
32.0447	-0.685612	-23.6707	2.16173	25.7738	0.825722	0.579626	-1.68266	222.073	25.3847	1382.93	-206.315	-204.62	4974.82	-0.000298575	536.033
32.0453	-0.391778	-17.2664	2.46197	20.8989	0.825722	-1.26464	0.776611	280.043	25.3788	1383.2	-206.635	-206.15	4975.43	6.59448e-006	537.265
32.0460	0.228537	-15.6968	1.24599	19.9961	1.14028	-0.342506	1.06137	166.526	25.3659	1382.77	-207.514	-208.59	4975.43	0.000464373	539.102
32.0467	1.14269	-12.0551	0.330264	17.2427	1.14028	1.47541	-3.20999	76.8315	25.3541	1382.12	-208.713	-211.796	4974.82	0.000311811	540.474
32.0473	0.832529	-4.14395	0.022518	10.2012	1.44174	2.39754	-6.86007	-37.3198	25.3423	1382.01	-209.671	-214.383	4974.37	0.000159203	541.683
32.0480	-1.30593	3.83001	0.630503	3.52076	1.14028	2.08138	-8.69805	-231.417	25.3235	1382.12	-210.231	-216.823	4974.06	-0.000145967	543.055
32.0487	-3.73822	12.3691	0.938249	-5.05545	0.222814	-4.92682	-9.29345	-160.585	25.3058	1382.93	-211.03	-219.118	4974.37	-0.000451137	544.589
32.0493	-4.96252	24.2358	0.938249	-16.9267	0.825722	-18.0474	-9.29345	36.2239	25.2989	1383.04	-211.349	-220.793	4974.98	-0.000451137	545.798
32.0500	-4.35853	37.3583	0.938249	-28.5272	1.44174	-33.0123	-9.91474	71.0057	25.2811	1382.93	-211.909	-222.778	4974.67	-0.000451137	546.565
32.0507	-3.73822	48.0949	1.24599	-38.0061	0.825722	-45.527	-9.60409	73.7744	25.2683	1384.28	-211.509	-224.763	4974.98	-0.000451137	547.03
32.0513	-2.82407	51.1087	1.54623	-41.6623	0.524268	-49.4789	-7.17071	75.6202	25.2565	1385.36	-210.87	-225.837	4976.5	-0.000451137	547.495
32.0520	-2.53023	45.3323	1.24599	-36.1555	0.825722	-46.4227	-1.37201	49.0291	25.2506	1385.36	-211.03	-227.204	4977.11	6.59448e-006	549.007
32.0527	-2.53023	37.9862	0.938249	-29.1591	0.524268	-42.1546	5.64338	1.15363	25.2318	1385.04	-211.909	-229.645	4976.2	6.59448e-006	551.006
32.0533	-2.22008	32.2098	1.54623	-25.187	0.524268	-36.0422	14.1861	-72.7361	25.2141	1383.96	-213.747	-233.306	4974.06	-0.000145967	552.518
32.0540	-2.53023	24.5497	1.85398	-19.6801	0.825722	-29.9561	23.6608	-53.4706	25.1953	1383.04	-215.265	-236.365	4973.14	6.59448e-006	554.355
32.0547	-2.22008	16.3246	1.85398	-13.9025	1.14028	-24.1598	27.3108	47.8178	25.1835	1382.28	-216.863	-238.952	4972.69	6.59448e-006	555.889
32.0553	-1.30593	6.84379	1.24599	-8.07969	1.44174	-15.5972	23.0395	101.519	25.1648	1382.12	-217.902	-241.246	4972.38	-0.000451137	556.796
32.0560	-0.391778	-4.39509	0.022518	0.767345	0.524268	-4.00469	17.8621	23.707	25.147	1383.2	-218.221	-243.068	4973.14	-0.000603745	558.005
32.0567	0.832529	-14.1899	0.022518	9.61438	0.524268	8.50996	15.4287	-195.078	25.1342	1383.96	-218.541	-244.744	4973.45	-0.000298575	559.237
32.0573	1.74668	-21.536	0.630503	15.1212	0.524268	20.1025	12.374	-319.901	25.1224	1384.6	-218.621	-246.583	4973.3	0.000159203	560.446
32.0580	0.522371	-29.1332	0.630503	20.5829	-0.0786402	33.8291	8.69805	-272.89	25.1036	1384.71	-218.94	-248.714	4973.75	0.000311811	561.818
32.0587	-0.391778	-37.6722	0.938249	27.3084	-0.694655	50.928	6.26466	-217.055	25.0859	1384.44	-219.899	-251.464	4973.6	-0.000298575	562.748
32.0593	-2.22008	-41.6278	1.24599	30.9646	-0.996109	64.3384	3.20999	-97.4237	25.0731	1384.87	-220.459	-253.449	4973.91	-0.000298575	563.655
32.0600	-3.73822	-40.4349	0.938249	30.3778	-0.996109	68.9228	-0.155322	130.533	25.0553	1384.87	-221.577	-256.198	4973.6	0.000159203	565.027
32.0607	-4.04838	-36.7932	1.24599	29.4299	-0.694655	68.6329	-1.96742	270.583	25.0425	1383.79	-223.575	-260.006	4971.77	-0.000145967	566.399
32.0613	-2.53023	-32.2098	1.24599	27.9404	-0.694655	62.2044	-2.5887	305.999	25.0247	1382.93	-225.253	-263.374	4970.7	0.000159203	567.468
32.0620	-0.685612	-25.4916	1.24599	24.2842	-0.0786402	48.7939	-3.49475	376.197	25.0119	1382.12	-226.931	-266.726	4970.25	0.000311811	568.398
32.0627	-0.0816205	-14.8177	1.54623	16.9267	0.222814	33.2231	-4.73733	350.529	25.0001	1383.2	-226.611	-269.02	4970.4	0.000159203	570.072
32.0633	-0.99577	1.06738	1.24599	3.52076	-0.996109	18.5744	-5.64338	143.05	24.9813	1385.79	-224.614	-269.768	4972.23	-0.000145967	570.677
32.0640	-0.685612	16.3246	1.24599	-9.29841	-1.31067	6.05972	-6.23878	-7.0948	24.9636	1387.19	-223.575	-270.387	4974.82	-0.000145967	570.677
32.0647	0.228537	25.1776	1.24599	-16.3399	-0.0786402	-4.32085	-5.33273	-63.8532	24.9449	1388.38	-222.776	-271.46	4976.2	0.000769543	572.351
32.0653	0.228537	28.5053	1.85398	-19.3642	-0.393201	-13.1733	-2.5887	-146.28	24.9389	1389.3	-222.296	-273.738	4975.89	0.000616981	574.188
32.0660	-0.99577	31.5819	1.85398	-23.0203	-0.996109	-20.1815	1.37201	-179.85	24.9271	1388.54	-222.936	-276.944	4974.98	-0.000145967	574.792
32.0667	-0.685612	37.1072	1.24599	-27.3084	-0.393201	-25.0556	4.73733	-207.595	24.9084	1387.79	-223.655	-280.003	4973.91	6.59448e-006	575.56
32.0673	0.228537	40.1209	0.630503	-31.2806	-0.0786402	-30.5621	6.26466	-263.777	24.8965	1387.95	-224.294	-282.752	4973.3	6.59448e-006	577.234
32.0680	-0.391778	39.807	0.330264	-32.4993	-0.393201	-34.8302	5.33273	-290.598	24.8837	1389.14	-224.134	-283.973	4974.21	-0.000145967	578.908
32.0687	-0.685612	35.2235	0.330264	-28.5272	0.524268	-35.4362	5.95402	-310.787	24.866	1389.62	-224.134	-285.486	4974.82	-0.000298575	580.303
32.0693	-0.391778	24.5497	0.630503	-20.5829	0.825722	-30.2459	7.17071	-250.337	24.8541	1389.14	-225.652	-289	4973.91	-0.000603745	581.349
32.0700	-0.0816205	11.7412	1.24599	-11.465	0.222814	-18.6534	7.792	-91.944	24.8413	1389.46	-226.771	-291.294	4973.45	-0.000145967	582.117
32.0707	-0.391778	-0.125574	1.54623	-2.30203	0.524268	-3.71487	7.17071	15.8047	24.8236	1390.7	-225.812	-291.896	4975.13	0.000159203	582.744
32.0713	-0.685612	-9.29249	1.24599	4.42352	0.825722	11.856	6.86007	30.7441	24.8107	1392.65	-224.773	-292.97	4977.11	0.000159203	584.116
32.0720	-0.99577	-13.8759	0.938249	8.39565	1.14028	25.8987	7.17071	22.2073	24.793	1393.46	-225.253	-295.264	4977.57	0.000159203	585.023
32.0727	-0.99577	-15.1317	1.85398	9.61438	2.35921	32.9069	6.26466	21.5728	24.7743	1392.21	-227.171	-298.763	4976.04	-0.000145967	585.93
32.0733	-0.99577	-16.3246	3.68544	10.8331	2.35921	33.2231	4.11604	8.76756	24.7555	1391.14	-229.008	-302.131	4973.91	-0.000603745	587.929
32.0740	-1.30593	-18.4594	4.29343	12.9546	1.14028	32.301	2.89935	-24.5146	24.7319	1390.54	-230.447	-305.173	4972.23	-0.00106152	588.999
32.0747	-1.30593	-20.9081	3.3777	15.392	0.524268	32.301	1.68266	-24.803	24.7131	1389.95	-231.805	-307.777	4971.92	-0.000756307	589.906
32.0753	-0.391778	-23.3568	1.85398	19.3642	0.825722	34.1452	0.776611	26.4757	24.6954	1389.95	-232.205	-309.143	4972.38	-0.000145967	591.742
32.0760	-1.30593	-26.9984	1.54623	25.5029	0.524268	41.4696	-0.155322	70.7173	24.6826	1390.38	-232.684	-310.055	4972.69	-0.000451137	592.51
32.0767	-1.59976	-32.8376	3.3777	31.2806	-0.393201	50.928	-0.750724	122.573	24.6579	1390.97	-233.004	-310.982	4972.84	-0.000451137	593.114
32.0773	-0.391778	-36.4793	5.82465	35.2527	0.222814	58.2524	-1.37201	169.583	24.6402	1391.73	-233.483	-311.73	4973.3	6.59448e-006	594.021
32.0780	0.228537	-35.5375	4.29343	35.5687	0.825722	60.6763	-3.49475	189.137	24.6214	1392.54	-234.522	-311.893	4973.45	-0.000145967	595.556
32.0787	0.228537	-33.7167	-1.80894	35.5687	2.35921	54.88	-4.42668	246.818	24.5977	1392.81	-235.481	-312.04	4973.6	-0.000298575	596.927
32.0793	1.14269	-32.8376	-4.24839	35.8395	4.4956	44.2096	-2.89935	225.13	24.5731	1392.65	-236.999	-312.804	4973.3	-0.000451137	597.532
32.0800	1.74668	-27.6263	-1.20096	31.9125	5.09851	31.695	-1.37201	41.1268	24.5544	1392.21	-238.837	-313.423	4972.84	-0.000451137	598.764
32.0807	1.74668	-11.7412	-0.585468	17.2427	3.57813	15.2283	0.155322	-69.0445	24.5366	1391.62	-240.914	-314.025	4971.92	-0.000145967	600.438
32.0813	0.832529	9.92036	-1.80894	-3.52076	1.74319	0.263466	2.89935	-90.0982	24.512	1390.97	-243.232	-314.936	4970.55	6.59448e-006	601.81
32.0820	0.832529	28.2542	-1.20096	-19.3642	1.44174	-9.80094	3.52064	-219.823	24.4814	1390.87	-244.75	-314.936	4970.25	6.59448e-006	603.182
32.0827	0.832529	41.0627	-0.893213	-30.3778	1.44174	-20.7875	3.20999	-324.803	24.4626	1392.38	-245.229	-313.569	4971.62	6.59448e-006	604.089
32.0833	0.228537	48.66	-0.893213	-36.7874	1.74319	-29.9561	3.52064	-291.233	24.439	1394.48	-245.389	-311.73	4973.75	0.000311811	604.391
32.0840	-1.30593	49.6018	-0.285228	-38.277	2.05775	-36.0422	3.20999	-230.783	24.4202	1395.88	-245.549	-309.599	4975.43	0.000464373	605.321
32.0847	-2.82407	50.7947	0.330264	-41.9783	2.35921	-45.2108	2.5887	-177.716	24.4015	1396.64	-246.108	-307.777	4976.04	0.000311811	605.926
32.0853	-2.82407	56.0061	0.630503	-47.1691	3.27667	-55.5914	2.89935	-127.014	24.3719	1397.56	-247.786	-306.556	4976.04	6.59448e-006	607.158
32.0860	-1.59976	54.4992	0.330264	-45.0025	3.57813	-57.1195	3.20999	-105.384	24.3473	1397.23	-250.663	-307.158	4975.43	-0.000298575	608.669
32.0867	-0.99577	40.1209	0.330264	-33.718	3.27667	-46.1329	2.89935	-82.7727	24.3226	1396.15	-253.619	-307.614	4974.67	-0.000145967	609.134
32.0873	-0.99577	20.9081	0.630503	-18.7774	3.87958	-29.6399	1.68266	-12.2861	24.2921	1396.15	-255.777	-307.305	4974.06	6.59448e-006	610.343
32.0880	-0.685612	4.39509	1.24599	-5.64224	4.79705	-16.5193	0.465967	111.613	24.2615	1397.07	-257.135	-306.849	4974.21	-0.000145967	612.18
32.0887	-0.391778	-8.7274	1.24599	3.52076	3.87958	-9.51113	-1.37201	221.785	24.2437	1397.72	-258.493	-306.394	4974.67	-0.000145967	613.413
32.0893	0.228537	-17.8315	1.24599	9.61438	4.19414	-6.13876	-2.27806	218.728	24.225	1397.56	-260.651	-306.703	4974.21	0.000159203	614.157
32.0900	0.832529	-21.8499	1.24599	14.1733	6.01597	-0.0526932	-1.37201	147.606	24.2003	1398.64	-261.37	-306.084	4974.67	6.59448e-006	615.691
32.0907	0.832529	-26.1194	0.022518	17.2427	6.31743	14.9122	-0.155322	87.5025	24.1757	1400.47	-260.172	-304.864	4976.35	-0.000451137	616.761
32.0913	1.74668	-31.8958	-1.20096	20.5829	5.41307	35.6733	-1.37201	6.63335	24.1461	1401.23	-259.852	-304.571	4977.42	-0.000451137	617.226
32.0920	2.66083	-35.8514	-1.5012	24.2842	5.41307	54.88	-3.49475	-95.6356	24.1215	1401.23	-260.811	-305.173	4976.96	-0.000298575	617.668
32.0927	2.36699	-37.6722	-1.20096	26.7217	5.09851	64.3384	-1.06137	-165.488	24.1027	1400.31	-262.489	-306.849	4975.13	-0.000298575	618.598
32.0933	1.43652	-36.4793	-1.20096	27.3084	3.27667	62.8103	3.83128	-196.289	24.085	1399.07	-264.007	-308.688	4973.45	-0.000298575	620.109
32.0940	1.14269	-33.4027	-0.285228	26.9925	1.44174	57.6464	6.86007	-189.31	24.0603	1398.48	-264.566	-309.745	4972.69	-0.000145967	621.806
32.0947	0.832529	-30.3889	0.630503	26.0897	0.825722	51.2178	8.10264	-163.065	24.0297	1398.31	-265.525	-310.673	4972.38	-0.000145967	623.178
32.0953	-0.0816205	-27.3124	0.630503	25.7738	0.524268	43.2875	8.10264	-157.239	24.0051	1398.8	-265.365	-310.673	4972.38	-0.000298575	624.387
32.0960	-0.685612	-23.9847	0.938249	23.3363	0.825722	37.4912	4.73733	-128.283	23.9873	1399.56	-264.726	-310.055	4973.14	6.59448e-006	625.457
32.0967	-0.0816205	-18.7733	0.630503	17.5587	0.825722	30.483	1.9933	-18.6887	23.9627	1399.83	-264.726	-309.745	4973.6	-0.000145967	625.922
32.0973	0.522371	-8.97855	0.330264	9.93034	0.825722	17.6522	1.37201	79.5425	23.9499	1400.47	-264.886	-309.745	4973.6	-0.000298575	626.828
32.0980	1.43652	4.70903	0.938249	-0.767345	0.222814	2.39754	1.68266	50.8749	23.9262	1401.07	-265.046	-309.745	4973.45	6.59448e-006	627.735
32.0987	1.74668	18.1455	1.24599	-13.5865	-1.61212	-11.329	1.37201	20.0731	23.9015	1401.66	-264.886	-309.745	4973.75	-0.000145967	628.805
32.0993	0.832529	27.9402	0.630503	-23.6523	-3.74852	-25.688	-0.155322	110.69	23.8769	1401.82	-264.886	-309.745	4974.21	-0.000298575	629.572
32.1000	0.832529	33.0888	0.330264	-29.1591	-4.04997	-39.0984	-3.49475	201.654	23.8591	1400.74	-266.244	-310.364	4973.14	-0.000145967	629.874
32.1007	1.74668	32.2098	-0.285228	-28.8431	-4.04997	-47.661	-8.3874	207.134	23.8345	1399.56	-268.082	-312.349	4971.31	0.000311811	631.107
32.1013	2.97098	26.3706	-0.893213	-23.9682	-4.66598	-50.0849	-11.7527	205.576	23.8158	1399.56	-268.242	-313.26	4970.7	0.000464373	632.944
32.1020	2.97098	20.2802	-0.893213	-18.4614	-5.26889	-52.219	-12.9694	237.359	23.7921	1399.83	-267.523	-312.804	4971.01	0.000311811	633.688
32.1027	2.05684	15.1317	-0.585468	-13.2706	-4.96744	-54.3531	-12.0375	225.765	23.7674	1400.74	-266.564	-312.202	4972.08	0.000464373	634.455
32.1033	1.74668	9.92036	-0.585468	-7.4929	-4.35142	-47.661	-6.54942	165.603	23.7487	1402.9	-264.566	-310.982	4973.75	0.000464373	635.059
32.1040	1.43652	2.57427	0.330264	-0.135414	-4.66598	-31.774	-0.155322	144.261	23.7181	1404.41	-262.888	-309.908	4974.82	0.000159203	635.827
32.1047	1.43652	-5.65084	0.938249	6.86097	-6.80238	-14.0691	2.89935	169.871	23.6945	1405.33	-262.329	-308.834	4975.89	0.000464373	636.757
32.1053	2.05684	-10.2343	0.630503	10.5171	-7.10383	-2.79274	4.11604	201.942	23.6757	1406.41	-261.37	-308.525	4976.04	0.000464373	637.966
32.1060	2.05684	-10.5482	0.630503	10.5171	-4.96744	2.39754	5.04797	223.919	23.6511	1406.73	-260.651	-309.143	4975.43	0.000159203	639.5
32.1067	1.74668	-9.60642	0.330264	9.93034	-1.61212	6.05972	4.73733	238.858	23.6264	1406.09	-261.37	-309.745	4974.67	-0.000145967	640.268
32.1073	2.97098	-11.1133	-0.585468	10.2012	0.524268	10.3279	1.68266	233.667	23.6028	1405.82	-262.329	-310.364	4973.75	-0.000451137	640.872
32.1080	3.88513	-11.4272	-1.20096	9.61438	1.44174	15.2283	-1.37201	146.684	23.5781	1406.09	-261.85	-310.217	4974.06	-0.000145967	641.779
32.1087	3.88513	-7.7856	-1.80894	7.17693	0.825722	17.3624	-2.5887	-4.96059	23.5534	1406.09	-261.69	-309.745	4974.37	0.000311811	642.709
32.1093	4.79928	-4.39509	-2.11669	4.73948	-0.996109	14.3062	-2.5887	-97.4237	23.5357	1405.82	-261.69	-310.055	4973.75	6.59448e-006	643.453
32.1100	5.10944	-3.83001	-1.5012	4.73948	-2.83105	8.79977	-2.89935	-139.243	23.5051	1406.84	-260.012	-308.997	4974.52	6.59448e-006	644.523
32.1107	4.48913	-4.70903	-1.20096	6.27417	-5.58345	4.24181	-2.27806	-198.481	23.4746	1408.84	-257.694	-306.849	4976.35	6.59448e-006	645.453
32.1113	3.88513	-4.70903	-0.585468	7.4929	-8.62421	0.263466	-0.750724	-219.823	23.4558	1409.92	-257.135	-305.629	4977.42	-0.000145967	645.894
32.1120	3.28114	-3.83001	0.022518	7.17693	-10.4591	-6.13876	-1.68266	-202.404	23.4253	1410.24	-257.135	-305.482	4977.26	6.59448e-006	646.522
32.1127	2.66083	-3.20214	0.022518	8.07969	-10.7606	-17.1253	-4.11604	-165.199	23.4006	1409.92	-257.854	-305.629	4975.74	-0.000298575	648.034
32.1133	2.66083	-2.88821	-0.285228	8.71162	-9.85624	-28.7178	-6.54942	-45.8566	23.3828	1408.41	-260.012	-306.703	4973.75	-0.000603745	649.103
32.1140	2.66083	-3.51608	-0.585468	8.39565	-8.62421	-35.4362	-7.48136	108.845	23.3582	1407.49	-261.69	-308.379	4972.53	-0.000451137	650.033
32.1147	3.28114	-5.3369	-0.285228	9.93034	-8.93877	-36.0422	-6.54942	184.869	23.3335	1407.33	-262.728	-309.29	4972.08	-0.000298575	651.544
32.1153	2.97098	-7.15773	0.022518	11.1491	-9.24022	-31.774	-5.95402	156.143	23.2971	1407.33	-263.208	-309.143	4972.38	-0.000298575	652.475
32.1160	1.74668	-5.65084	-0.285228	7.76372	-8.32275	-27.2161	-5.64338	63.3918	23.2724	1407.92	-263.048	-308.688	4972.99	0.000159203	652.777
32.1167	2.05684	0.43951	-0.285228	1.6701	-7.10383	-28.1118	-5.33273	-28.783	23.2547	1408.84	-262.728	-308.834	4973.45	-0.000145967	653.219
32.1173	2.05684	10.5482	0.022518	-6.27417	-6.18636	-36.0422	-5.64338	-138.954	23.2241	1408.84	-262.329	-308.997	4973.3	-0.000451137	653.544
32.1180	1.74668	22.415	0.022518	-15.708	-5.88491	-47.661	-6.23878	-337.32	23.1935	1408.84	-262.169	-309.29	4973.14	0.000159203	654.451
32.1187	1.14269	30.954	0.022518	-22.1176	-7.40528	-56.4871	-5.95402	-486.253	23.1689	1409.76	-261.53	-309.143	4973.3	0.000159203	655.823
32.1193	0.832529	36.1654	0.022518	-25.7738	-8.93877	-57.1195	-4.73733	-405.673	23.1383	1410.35	-260.172	-309.143	4973.6	-0.000145967	657.055
32.1200	0.832529	37.6722	0.022518	-25.5029	-9.54168	-54.6692	-3.8054	-234.186	23.1146	1409.76	-259.692	-309.745	4972.99	6.59448e-006	657.799
32.1207	0.832529	34.9724	0.022518	-23.3363	-9.24022	-53.1411	-3.20999	-151.471	23.0959	1408.52	-260.491	-311.438	4971.31	6.59448e-006	658.566
32.1213	0.228537	33.7167	0.330264	-23.6523	-8.0213	-52.219	-2.5887	-140.8	23.0653	1407.33	-261.05	-312.804	4970.09	-0.000298575	659.171
32.1220	-0.0816205	37.1072	0.938249	-27.3084	-7.71984	-53.7471	-2.5887	-114.555	23.0407	1407.76	-260.651	-312.658	4969.79	6.59448e-006	660.24
32.1227	-0.391778	37.9862	0.938249	-30.9646	-7.40528	-52.825	-2.5887	-64.1993	23.016	1409.76	-259.372	-311.128	4971.47	0.000769543	662.077
32.1233	0.228537	29.4471	0.630503	-26.0897	-6.18636	-40.6265	-1.06137	-20.823	22.9923	1412.35	-257.295	-308.834	4974.06	0.000616981	662.542
32.1240	0.832529	15.6968	1.24599	-14.8052	-4.35142	-23.5539	-0.750724	38.6465	22.9618	1414.02	-255.457	-307.614	4974.82	0.000159203	662.542
32.1247	0.522371	3.51608	0.938249	-5.64224	-2.52959	-11.935	-1.37201	86.2912	22.9371	1414.78	-254.658	-307.012	4974.98	6.59448e-006	663.147
32.1253	0.228537	-5.02297	-0.285228	-0.135414	-1.31067	-4.32085	-1.06137	178.12	22.9066	1415.26	-254.658	-306.247	4976.2	-0.000145967	663.914
32.1260	1.14269	-11.7412	-1.5012	3.83672	-0.0786402	8.50996	-1.37201	291.06	22.8819	1414.78	-255.137	-306.849	4975.43	6.59448e-006	664.519
32.1267	1.74668	-17.2664	-1.5012	7.4929	1.74319	28.9549	-1.37201	211.402	22.8582	1413.86	-255.617	-307.923	4974.06	0.000159203	665.123
32.1273	1.43652	-18.7733	-0.585468	11.1491	3.27667	48.4778	0.155322	16.0931	22.8336	1413.86	-255.777	-308.688	4973.91	6.59448e-006	666.053
32.1280	1.74668	-19.7151	-0.585468	14.4893	4.19414	57.6464	0.776611	-106.883	22.8089	1414.51	-255.777	-308.997	4973.6	-0.000298575	666.821
32.1287	1.74668	-19.9663	-0.585468	15.392	3.87958	54.5902	0.465967	-221.958	22.7843	1415.26	-255.617	-308.688	4973.91	-0.000451137	667.565
32.1293	1.74668	-17.2664	-0.285228	12.6838	3.27667	48.188	-0.155322	-292.733	22.7606	1415.69	-255.137	-308.688	4974.67	-0.000451137	668.634
32.1300	1.74668	-15.3828	-0.285228	11.465	2.35921	42.3654	-0.750724	-162.431	22.736	1416.02	-255.297	-308.834	4974.67	-0.000603745	668.495
32.1307	1.74668	-15.3828	-0.285228	11.465	0.825722	34.7512	-0.155322	99.731	22.7054	1416.77	-255.137	-308.232	4975.43	-0.000603745	668.495
32.1313	1.14269	-15.6968	-0.285228	10.8331	-0.996109	31.695	0.776611	269.66	22.6807	1418.02	-254.338	-307.777	4976.5	-0.000451137	669.704
32.1320	0.832529	-16.9525	-0.585468	10.8331	-1.91358	33.2231	0.155322	288.291	22.6561	1418.61	-254.658	-308.069	4976.65	-0.000145967	670.471
32.1327	0.228537	-14.1899	-1.20096	7.17693	-1.61212	29.8771	-0.155322	278.831	22.6324	1418.18	-256.656	-308.834	4975.43	-0.000145967	671.541
32.1333	-0.685612	-6.27871	-1.20096	-1.08331	-1.31067	25.2928	-0.465967	226.976	22.6078	1416.94	-258.973	-310.364	4973.45	-0.000451137	673.075
32.1340	-1.90992	2.57427	-0.893213	-7.76372	-1.91358	22.2365	0.465967	153.721	22.5831	1416.02	-260.491	-311.275	4972.84	-0.000298575	674.145
32.1347	-2.22008	9.29249	-0.585468	-11.7359	-1.31067	19.7863	1.06137	179.331	22.5525	1415.69	-261.85	-311.584	4972.53	6.59448e-006	674.889
32.1353	-1.90992	12.683	-0.585468	-12.3678	0.222814	21.0246	0.776611	215.382	22.5279	1416.18	-262.329	-311.275	4972.23	-0.000145967	675.516
32.1360	-1.59976	12.9969	-1.20096	-8.39565	0.825722	24.0545	0.776611	155.855	22.5101	1417.26	-261.69	-310.364	4972.99	-0.000145967	676.423
32.1367	-1.59976	8.97855	-0.585468	-3.83672	0.524268	23.7646	1.37201	46.8949	22.4855	1417.69	-261.85	-309.452	4973.6	-0.000298575	677.028
32.1373	-1.30593	3.51608	-0.285228	-3.20479	0.825722	20.1025	1.37201	-47.7024	22.4549	1418.18	-262.728	-309.29	4973.14	-0.000603745	676.888
32.1380	-1.30593	-0.43951	-0.585468	-4.42352	1.74319	14.9122	1.06137	-81.5614	22.4243	1418.18	-263.208	-308.997	4973.3	-0.000298575	677.33
32.1387	-1.30593	-5.02297	-1.20096	-4.10755	0.825722	8.1938	1.06137	-51.048	22.3997	1418.61	-263.687	-308.069	4973.3	0.000159203	678.702
32.1393	-1.90992	-8.97855	-1.5012	-1.08331	0.222814	3.00351	1.68266	-24.5146	22.376	1419.04	-264.566	-307.777	4973.6	0.000311811	679.632
32.1400	-1.90992	-10.2343	-0.893213	5.05545	2.05775	1.1856	4.11604	-29.0714	22.3455	1418.61	-266.085	-308.525	4973.14	0.000311811	680.074
32.1407	-1.90992	-10.8622	-0.893213	9.61438	3.87958	-1.26464	5.33273	-40.6653	22.3149	1417.85	-268.082	-309.908	4971.47	0.000159203	681.143
32.1413	-2.53023	-12.0551	-1.20096	8.71162	4.19414	-7.06089	4.42668	-54.3935	22.2961	1416.77	-270.399	-311.275	4970.09	-0.000603745	681.469
32.1420	-2.82407	-11.7412	-1.80894	7.4929	3.87958	-10.4069	4.42668	-55.9509	22.2656	1416.34	-271.438	-311.438	4970.09	-0.000451137	681.608
32.1427	-2.22008	-11.4272	-1.5012	7.4929	2.66066	-8.27284	5.95402	-11.0748	22.235	1418.29	-270.24	-310.673	4971.92	0.000616981	682.678
32.1433	-2.22008	-10.8622	-0.893213	6.86097	1.74319	-3.08255	6.26466	72.5631	22.2044	1421.2	-267.922	-308.688	4973.91	0.000616981	683.747
32.1440	-2.82407	-8.09953	-0.893213	4.42352	1.44174	2.7137	5.95402	151.298	22.1808	1423.2	-266.724	-307.467	4974.82	6.59448e-006	684.212
32.1447	-3.73822	-4.70903	-0.893213	1.98607	0.825722	11.5662	6.26466	163.18	22.1561	1423.63	-266.564	-307.614	4974.82	-0.000145967	684.212
32.1453	-3.73822	-2.57427	-0.585468	1.08331	0.825722	23.1587	6.26466	93.2707	22.1255	1423.04	-266.244	-307.923	4975.28	6.59448e-006	684.05
32.1460	-2.53023	-2.26033	-0.285228	1.35414	1.44174	30.1669	4.42668	10.6134	22.095	1422.87	-266.244	-308.688	4974.37	6.59448e-006	684.956
32.1467	-2.22008	-2.00919	0.330264	1.6701	1.74319	28.0328	2.89935	-78.5043	22.0644	1423.2	-265.925	-308.834	4973.91	6.59448e-006	685.886
32.1473	-2.53023	-0.43951	0.022518	2.30203	2.66066	21.0246	2.30395	-181.696	22.0398	1422.87	-266.404	-308.997	4973.91	6.59448e-006	686.189
32.1480	-2.53023	2.00919	-1.20096	1.98607	4.19414	11.5662	0.465967	-223.457	22.022	1423.2	-266.724	-309.452	4973.3	-0.000451137	686.956
32.1487	-3.44438	4.70903	-1.80894	-0.135414	3.87958	0.579626	0.155322	-216.132	21.9914	1423.79	-266.244	-308.688	4973.91	-0.000145967	688.026
32.1493	-3.73822	6.52986	-1.20096	-2.88883	3.27667	-7.66687	3.52064	-216.766	21.9549	1424.28	-266.085	-308.069	4974.98	0.000464373	689.095
32.1500	-3.13423	6.27871	-0.893213	-3.20479	3.57813	-12.5673	6.57531	-148.126	21.9303	1425.3	-265.365	-307.923	4975.28	-0.000298575	689.235
32.1507	-2.82407	4.14395	-0.285228	-1.08331	3.87958	-14.7014	8.69805	8.47915	21.9056	1426.22	-264.167	-307.012	4976.35	-0.000298575	689.235
32.1513	-3.13423	1.06738	0.022518	0.767345	3.87958	-16.2295	9.31934	116.17	21.8751	1427.78	-263.368	-306.247	4977.57	6.59448e-006	690.165
32.1520	-3.44438	-0.125574	-1.20096	2.30203	4.4956	-20.1815	9.00869	100.596	21.8445	1428.38	-263.687	-306.394	4977.11	6.59448e-006	690.909
32.1527	-4.35853	-1.06738	-1.20096	5.95821	4.4956	-24.4497	8.3874	3.86465	21.8199	1427.3	-264.886	-307.777	4975.59	-0.000145967	691.676
32.1533	-4.04838	-4.70903	-1.20096	10.5171	4.19414	-26.5837	8.10264	-73.3129	21.7893	1426.22	-266.085	-309.452	4973.91	-0.000298575	692.606
32.1540	-3.44438	-9.60642	-1.80894	15.1212	4.4956	-24.7658	6.86007	-49.2022	21.7528	1425.19	-267.523	-310.673	4972.84	-0.000451137	693.048
32.1547	-3.44438	-13.562	-1.80894	19.3642	3.87958	-19.5755	5.95402	27.687	21.735	1424.38	-268.402	-312.04	4972.23	-0.000451137	693.35
32.1553	-2.53023	-16.6386	-1.20096	22.7495	3.27667	-12.8571	5.33273	74.6973	21.7045	1424.71	-268.402	-312.658	4971.92	-0.000145967	693.978
32.1560	-2.82407	-17.8315	-0.893213	23.6523	3.27667	-7.66687	4.73733	112.536	21.6739	1425.63	-268.242	-312.202	4972.53	-0.000145967	694.722
32.1567	-4.35853	-15.6968	-0.893213	20.3121	2.96211	-7.06089	5.33273	156.489	21.6433	1426.54	-267.523	-311.438	4973.75	-0.000298575	695.187
32.1573	-4.35853	-8.97855	-0.585468	13.2706	2.96211	-10.7231	5.64338	192.771	21.6187	1426.87	-267.363	-311.275	4973.6	-0.000145967	695.187
32.1580	-3.73822	2.26033	-0.285228	4.10755	3.57813	-17.7313	3.83128	132.379	21.5881	1426.54	-268.082	-311.893	4972.99	0.000159203	695.35
32.1587	-3.44438	16.6386	-1.20096	-8.07969	3.87958	-25.0556	0.465967	-156.316	21.5575	1427.46	-267.763	-311.584	4973.6	0.000159203	696.559
32.1593	-1.59976	28.8193	-2.11669	-18.7774	3.87958	-32.0902	-4.11604	-450.837	21.527	1428.05	-267.763	-310.819	4973.75	0.000159203	697.326
32.1600	-0.99577	37.1072	-2.72468	-25.187	4.19414	-38.8086	-9.29345	-463.066	21.4964	1427.14	-269.281	-311.73	4972.69	6.59448e-006	697.931
32.1607	-1.59976	42.2557	-2.72468	-29.4299	3.27667	-42.4707	-10.536	-313.498	21.4658	1426.54	-270.559	-312.495	4971.47	6.59448e-006	699
32.1613	-1.90992	41.9418	-2.11669	-29.1591	2.35921	-42.1546	-7.48136	-163.353	21.4422	1425.95	-271.758	-312.658	4970.4	6.59448e-006	699.163
32.1620	-2.53023	37.3583	-1.5012	-25.5029	1.44174	-42.4707	-5.02209	-111.498	21.4175	1426.11	-272.237	-312.495	4970.55	-0.000145967	699.465
32.1627	-4.35853	32.5237	-1.20096	-21.8016	0.825722	-46.1329	-4.11604	-198.135	21.381	1427.78	-271.278	-310.51	4972.38	0.000311811	700.232
32.1633	-5.58284	28.2542	-0.893213	-19.0933	0.222814	-49.1891	-3.8054	-215.267	21.3564	1430.21	-269.441	-307.614	4974.98	0.000769543	700.674
32.1640	-5.87667	23.3568	0.022518	-14.8052	0.222814	-51.007	-2.5887	-50.1251	21.3317	1431.89	-268.402	-306.394	4975.59	0.000464373	700.674
32.1647	-6.49699	16.0107	0.330264	-8.71162	-0.0786402	-47.661	-1.68266	161.969	21.3012	1431.89	-269.441	-306.394	4975.43	0.000311811	699.93
32.1653	-6.79082	5.65084	-0.285228	-0.451379	0.222814	-36.0422	-1.06137	288.291	21.2706	1431.56	-270.719	-306.394	4975.43	0.000616981	700.232
32.1660	-5.87667	-5.02297	-0.585468	8.07969	1.14028	-22.3156	-1.06137	313.036	21.24	1432.05	-271.119	-306.703	4974.98	0.000159203	701.744
32.1667	-4.65237	-13.2481	-0.585468	14.4893	0.524268	-7.66687	-1.37201	306.288	21.2163	1432.21	-271.598	-307.305	4974.52	-0.000145967	702.674
32.1673	-4.35853	-18.4594	-0.893213	18.4614	-0.0786402	8.50996	-1.68266	293.482	21.1858	1432.05	-272.397	-307.614	4974.52	6.59448e-006	703.116
32.1680	-4.04838	-21.8499	-0.585468	20.3121	0.825722	24.3706	-0.465967	262.969	21.1611	1432.64	-272.237	-307.777	4974.67	6.59448e-006	703.883
32.1687	-2.53023	-21.536	0.022518	18.4614	2.05775	38.0972	1.37201	211.69	21.1306	1433.24	-271.438	-307.305	4974.52	-0.000298575	704.348
32.1693	-2.53023	-16.6386	0.022518	12.3678	2.05775	46.0275	2.89935	149.452	21.1059	1433.13	-271.918	-307.158	4974.21	-0.000451137	704.65
32.1700	-3.73822	-11.4272	-0.285228	7.17693	2.35921	49.6897	3.20999	113.459	21.0812	1433.4	-272.237	-307.467	4974.82	-0.000451137	703.883
32.1707	-2.82407	-7.7856	0.022518	3.20479	2.96211	50.6119	2.5887	91.771	21.0576	1434.8	-271.119	-306.556	4975.59	-0.000603745	703.743
32.1713	-2.82407	-3.51608	-0.285228	-0.767345	3.57813	48.7939	0.776611	28.2638	21.0329	1436.31	-269.92	-306.247	4976.04	-0.000145967	705.417
32.1720	-4.35853	0.753445	0.630503	-4.42352	3.57813	43.6036	0.776611	-64.4877	21.0083	1436.64	-269.281	-306.247	4975.59	-0.000451137	705.72
32.1727	-5.58284	5.02297	0.630503	-7.76372	4.19414	35.9631	3.52064	-114.843	20.9836	1435.56	-270.08	-306.247	4974.67	-0.000603745	705.417
32.1733	-5.27268	8.7274	-0.285228	-10.2012	4.19414	26.2149	5.33273	-83.1188	20.96	1433.72	-271.758	-307.614	4973.45	0.000311811	706.324
32.1740	-4.35853	8.7274	0.330264	-9.61438	3.87958	17.9684	6.86007	-53.1822	20.9235	1433.13	-272.557	-309.143	4972.38	6.59448e-006	707.557
32.1747	-3.73822	6.52986	0.630503	-7.76372	4.19414	11.856	9.00869	-65.699	20.9047	1433.24	-272.077	-308.688	4972.69	-0.000451137	707.998
32.1753	-3.44438	3.20214	0.330264	-4.73948	4.19414	7.27167	9.91474	-29.9943	20.8801	1433.13	-271.758	-308.525	4972.84	-0.000145967	708.324
32.1760	-4.35853	-2.57427	0.022518	0.451379	3.57813	4.53162	9.31934	6.34494	20.8554	1434.32	-271.278	-308.232	4972.84	-0.000145967	708.626
32.1767	-4.96252	-7.15773	-0.585468	5.05545	3.57813	1.1856	7.48136	-45.8566	20.8318	1435.23	-270.959	-307.467	4973.75	-0.000298575	708.626
32.1773	-4.35853	-8.97855	-0.285228	7.17693	3.57813	0.869438	5.33273	-85.253	20.8071	1435.07	-271.438	-307.614	4973.91	-0.000298575	708.161
32.1780	-3.13423	-12.3691	-0.285228	9.29841	2.96211	9.11593	4.11604	-80.0617	20.7884	1435.4	-271.598	-308.069	4973.14	-0.000603745	708.626
32.1787	-1.90992	-16.9525	-0.893213	10.5171	2.05775	18.8905	3.83128	-83.6956	20.7647	1435.83	-271.918	-308.379	4972.99	-0.000145967	709.37
32.1793	-2.53023	-16.3246	-1.20096	9.61438	0.825722	22.8425	1.9933	-54.3935	20.7341	1436.31	-272.637	-309.452	4972.84	0.000464373	710.44
32.1800	-3.13423	-12.3691	-0.893213	8.07969	0.222814	23.7646	-1.37201	9.05597	20.7095	1436.15	-273.596	-310.819	4971.47	6.59448e-006	711.509
32.1807	-2.82407	-9.60642	-0.585468	5.64224	-0.393201	24.6868	-2.5887	27.9754	20.6907	1435.07	-274.315	-312.04	4970.25	-0.000603745	711.672
32.1813	-2.53023	-6.59264	0.022518	3.20479	-0.0786402	22.5527	-3.49475	-5.88349	20.6602	1434.48	-274.954	-312.951	4969.94	-0.000298575	711.068
32.1820	-3.44438	-3.20214	-0.285228	2.57286	0.222814	15.8343	-6.23878	-63.8532	20.6365	1434.32	-275.114	-313.26	4970.7	0.000311811	711.207
32.1827	-3.73822	-2.57427	-0.285228	3.52076	0.222814	9.7219	-9.29345	-113.286	20.6119	1437.07	-273.116	-311.584	4972.69	0.000311811	712.579
32.1833	-2.82407	-2.57427	0.022518	5.05545	0.825722	6.05972	-11.4421	-104.749	20.5872	1439.5	-270.879	-309.908	4974.67	0.000159203	712.579
32.1840	-2.22008	-1.38132	-0.285228	4.42352	1.14028	0.869438	-13.8755	-59.2964	20.5695	1439.66	-270.559	-309.908	4974.67	6.59448e-006	711.974
32.1847	-3.44438	0.753445	0.022518	3.20479	1.14028	-4.32085	-13.2801	-37.9543	20.5448	1440.58	-270.24	-309.29	4974.82	-0.000145967	712.277
32.1853	-3.73822	2.00919	0.630503	2.88883	0.222814	-7.37705	-9.91474	-25.7259	20.5142	1441.17	-269.92	-308.834	4975.43	0.000159203	712.439
32.1860	-3.13423	3.20214	0.022518	0.451379	-0.996109	-10.7231	-7.48136	79.8886	20.4955	1440.58	-270.719	-309.452	4974.98	0.000311811	712.881
32.1867	-3.13423	5.02297	0.022518	-2.88883	-1.31067	-12.5673	-5.33273	219.304	20.4777	1440.42	-271.918	-309.599	4974.37	0.000159203	713.044
32.1873	-2.53023	4.14395	0.938249	-2.88883	-1.31067	-12.5673	-3.8054	224.842	20.4472	1440.9	-272.237	-309.143	4974.37	0.000159203	713.509
32.1880	-3.13423	1.06738	0.630503	-0.135414	-0.393201	-11.935	-3.49475	110.402	20.4225	1441.17	-271.598	-308.688	4974.37	6.59448e-006	713.951
32.1887	-3.13423	1.06738	0.330264	0.767345	0.524268	-15.3074	-1.96742	40.2039	20.4038	1441.17	-272.077	-308.688	4974.67	0.000159203	714.253
32.1893	-2.22008	3.20214	0.022518	-0.451379	0.222814	-23.2377	-0.750724	65.526	20.3801	1441.49	-272.397	-308.525	4974.67	6.59448e-006	715.02
32.1900	-2.22008	2.57427	0.630503	1.98607	0.222814	-28.7178	-0.155322	35.301	20.3555	1443.01	-271.278	-307.614	4974.98	-0.000603745	714.881
32.1907	-1.90992	-3.51608	0.938249	8.39565	0.524268	-27.822	1.68266	-104.172	20.3436	1444.25	-270.879	-306.849	4976.04	-0.000756307	714.113
32.1913	-1.30593	-9.60642	1.24599	14.4893	0.524268	-24.7658	4.42668	-226.861	20.3249	1445	-270.24	-305.938	4977.26	-0.000451137	714.416
32.1920	-1.30593	-12.0551	0.938249	17.2427	0.524268	-22.3156	5.64338	-234.186	20.2943	1445.33	-269.76	-305.792	4977.11	6.59448e-006	715.02
32.1927	-1.30593	-12.9969	0.630503	18.4614	0.524268	-21.3935	4.42668	-164.565	20.2638	1444.09	-271.598	-307.614	4975.28	6.59448e-006	715.183
32.1933	-0.99577	-12.0551	0.022518	18.1454	0.524268	-21.1036	2.89935	-95.2895	20.2391	1442.74	-273.436	-309.452	4973.6	-0.000298575	715.788
32.1940	-0.685612	-5.96477	-0.285228	12.0518	0.825722	-22.9216	2.89935	19.727	20.2154	1442.09	-273.915	-310.217	4972.69	-0.000145967	716.392
32.1947	-0.391778	2.57427	-0.585468	2.30203	0.825722	-27.2161	1.68266	71.0057	20.1967	1441.49	-274.634	-311.128	4971.92	-0.000298575	716.694
32.1953	1.14269	12.683	-1.80894	-7.76372	0.825722	-33.6183	0.465967	-118.189	20.178	1441.98	-274.794	-311.275	4972.23	-0.000603745	716.694
32.1960	2.05684	25.8055	-2.41693	-18.4614	1.14028	-42.7606	-0.750724	-310.152	20.1474	1443.01	-273.915	-310.364	4972.84	-0.000298575	716.857
32.1967	2.05684	35.5375	-1.80894	-25.7738	1.44174	-54.6692	-1.37201	-262.854	20.1178	1444.25	-273.116	-310.217	4972.99	-0.000451137	717.159
32.1973	2.05684	41.0627	-1.80894	-30.3778	2.35921	-65.3396	-2.27806	-98.0582	20.0932	1444.57	-272.557	-309.599	4973.3	-0.000603745	716.555
32.1980	2.05684	45.3323	-1.20096	-34.6208	2.96211	-69.9239	-3.49475	58.2004	20.0744	1444.09	-272.397	-309.29	4973.91	0.000159203	716.555
32.1987	0.522371	44.7044	-0.585468	-34.9368	2.66066	-67.4737	-4.42668	146.395	20.0567	1444.68	-271.598	-308.834	4973.75	0.000311811	717.462
32.1993	0.228537	40.7488	-0.285228	-32.1833	1.74319	-64.4438	-3.8054	95.1165	20.032	1445.49	-270.719	-308.069	4973.91	-0.000145967	717.927
32.2000	0.522371	37.6722	0.022518	-29.7459	-0.0786402	-60.7816	-2.5887	96.3278	20.0014	1444.84	-271.278	-308.834	4973.14	6.59448e-006	718.229
32.2007	-0.0816205	29.1332	0.630503	-23.3363	-1.91358	-49.7951	-1.06137	346.261	19.9827	1443.65	-272.077	-310.055	4971.62	0.000311811	718.996
32.2013	-0.391778	16.3246	0.938249	-13.9025	-1.61212	-32.6962	0.776611	601.385	19.959	1443.17	-272.237	-310.364	4970.7	0.000311811	719.136
32.2020	-0.0816205	6.84379	0.330264	-8.39565	-0.996109	-14.9912	1.68266	602.654	19.9403	1443.65	-271.598	-310.055	4970.7	0.000311811	718.833
32.2027	-0.0816205	3.83001	0.022518	-8.71162	-0.694655	-0.342506	2.89935	358.201	19.9157	1445.49	-269.441	-307.777	4973.3	0.000464373	718.996
32.2033	1.14269	4.14395	0.022518	-9.61438	-0.996109	6.98185	4.11604	71.0057	19.892	1447.92	-267.363	-305.336	4975.89	0.000464373	719.298
32.2040	2.97098	0.753445	0.022518	-5.95821	-0.393201	12.1721	5.04797	-26.6488	19.8673	1449.43	-266.085	-305.027	4975.74	-0.000298575	718.694
32.2047	2.66083	-7.15773	-0.585468	0.767345	-0.0786402	21.0246	5.33273	-37.9543	19.8486	1450.02	-265.206	-305.629	4975.43	-0.000298575	718.694
32.2053	1.43652	-13.562	-0.893213	6.27417	-0.694655	30.7728	4.73733	-87.0411	19.818	1449.75	-265.925	-306.703	4975.28	0.000464373	719.298
32.2060	2.05684	-16.9525	-0.285228	10.8331	-0.694655	38.0972	3.83128	-112.421	19.7934	1449.43	-266.404	-307.777	4974.67	0.000311811	719.601
32.2067	2.05684	-20.5942	0.330264	14.1733	-0.393201	46.6599	1.9933	-152.682	19.7756	1449.59	-265.365	-308.525	4974.37	0.000159203	719.763
32.2073	0.832529	-24.5497	0.022518	16.6108	-0.694655	57.0141	-0.465967	-184.696	19.7451	1449.59	-264.726	-308.834	4974.21	0.000159203	720.066
32.2080	0.522371	-27.3124	0.022518	17.8746	-0.694655	63.7325	-2.5887	-162.142	19.7204	1449.75	-264.406	-308.834	4974.37	6.59448e-006	720.066
32.2087	1.43652	-27.9402	0.022518	17.2427	-0.996109	65.5767	-2.5887	-140.166	19.7027	1449.75	-264.167	-308.997	4974.67	0.000464373	720.531
32.2093	2.66083	-26.1194	-1.20096	15.392	-1.61212	68.0006	-1.96742	-127.937	19.6721	1450.51	-262.569	-308.834	4974.52	0.000311811	721.438
32.2100	3.57498	-23.6707	-2.41693	13.9025	-2.83105	67.3946	-1.37201	-110.287	19.6533	1452.18	-259.692	-307.614	4975.13	-0.000451137	720.67
32.2107	4.19529	-22.415	-2.72468	13.5865	-3.1325	64.6546	0.465967	-84.6185	19.6356	1453.1	-258.174	-306.394	4976.2	-0.000451137	719.903
32.2113	2.97098	-20.9081	-2.72468	13.2706	-2.83105	64.0486	1.68266	-52.6054	19.605	1453.86	-257.535	-305.482	4976.96	-0.000298575	720.066
32.2120	1.14269	-19.4012	-2.41693	13.2706	-2.52959	59.4643	0.465967	-27.2256	19.5804	1453.86	-257.854	-305.629	4976.81	-0.000298575	720.205
32.2127	0.228537	-18.1455	-1.5012	13.5865	-1.91358	51.534	-1.37201	-15.6316	19.5557	1452.51	-259.372	-307.012	4974.98	-0.000451137	720.833
32.2133	0.228537	-15.3828	-1.20096	11.465	-1.91358	44.8156	-1.96742	-13.8435	19.5311	1451.59	-260.811	-308.069	4973.14	-0.000603745	721.74
32.2140	0.522371	-11.1133	-0.893213	7.76372	-1.91358	36.8853	-2.5887	-27.5717	19.5133	1451.59	-261.85	-308.688	4972.84	-0.000451137	722.205
32.2147	1.14269	-6.59264	-0.585468	4.42352	-1.91358	27.7166	-2.27806	-57.1622	19.4887	1451.43	-262.569	-309.452	4972.53	-0.000298575	722.344
32.2153	2.05684	-2.57427	-1.20096	1.35414	-2.52959	20.7084	-1.06137	-79.1388	19.4581	1451.59	-262.728	-309.452	4972.38	6.59448e-006	722.205
32.2160	2.66083	-0.125574	0.022518	-1.08331	-2.21503	15.8343	0.155322	-83.6956	19.4334	1452.51	-262.009	-308.997	4973.14	6.59448e-006	722.507
32.2167	2.05684	1.38132	3.99319	-1.98607	-1.61212	10.3279	1.9933	-81.273	19.4098	1453.26	-261.69	-309.143	4973.45	-0.000451137	722.507
32.2173	2.05684	0.753445	6.43264	0.767345	-1.91358	3.00351	3.20999	-75.4472	19.3792	1453.26	-261.05	-309.599	4973.75	-0.000451137	721.438
32.2180	2.97098	-1.38132	5.82465	5.32628	-2.52959	-3.39871	2.89935	-77.0045	19.3605	1452.61	-260.331	-310.364	4973.91	0.000159203	721.135
32.2187	2.97098	-2.88821	4.90892	7.4929	-2.21503	-9.19497	1.9933	-78.8503	19.3417	1453.1	-259.213	-310.673	4973.45	0.000159203	721.74
32.2193	2.66083	-3.51608	4.29343	8.07969	-1.91358	-14.3853	1.9933	-65.699	19.3122	1454.02	-257.455	-310.819	4973.45	-0.000298575	721.74
32.2200	2.36699	-4.14395	3.07746	8.39565	-1.91358	-17.7313	2.89935	-61.719	19.2816	1453.42	-256.815	-311.73	4972.69	-0.000603745	721.275
32.2207	2.05684	-3.20214	2.46197	7.76372	-1.31067	-19.8917	2.30395	-46.145	19.2569	1452.34	-257.455	-312.804	4971.16	-0.000298575	721.74
32.2213	2.05684	-1.69525	2.46197	7.76372	-0.393201	-19.2594	1.68266	25.2644	19.2323	1452.18	-257.535	-313.569	4970.4	0.000159203	721.903
32.2220	2.05684	-2.88821	2.16173	7.17693	-0.0786402	-14.7014	1.68266	60.6231	19.2076	1452.51	-256.176	-313.423	4971.16	0.000159203	721.135
32.2227	2.05684	-2.26033	1.54623	5.05545	-0.393201	-14.3853	0.776611	-12.9206	19.184	1454.34	-253.619	-311.73	4972.84	0.000159203	721.275
32.2233	2.36699	-0.125574	1.85398	4.73948	-0.694655	-18.0474	0.465967	-56.2393	19.1593	1457.04	-251.462	-309.599	4974.52	0.000464373	721.577
32.2240	2.66083	-2.00919	1.85398	6.545	-0.694655	-18.9696	-0.155322	16.6699	19.1406	1458.12	-250.103	-308.069	4975.89	0.000311811	720.368
32.2247	2.97098	-5.96477	1.24599	8.98245	-0.694655	-15.9134	-1.37201	107.633	19.1159	1458.12	-249.464	-308.379	4975.59	-0.000298575	718.996
32.2253	3.57498	-8.09953	1.54623	10.8331	-0.694655	-14.0691	-1.37201	128.687	19.0922	1458.28	-249.624	-308.997	4974.06	-0.000145967	719.298
32.2260	3.88513	-8.7274	1.24599	11.7359	-0.0786402	-15.9134	-0.155322	71.9286	19.0617	1458.44	-248.905	-308.525	4973.91	-0.000145967	719.763
32.2267	4.19529	-6.84379	0.938249	9.93034	0.524268	-18.0474	-0.155322	42.9149	19.037	1458.44	-247.786	-307.777	4974.52	-0.000298575	719.461
32.2273	4.48913	0.125574	0.630503	2.57286	0.524268	-19.2594	-1.96742	128.687	19.0124	1458.28	-247.626	-308.069	4974.21	-0.000145967	718.996
32.2280	4.48913	7.47166	0.022518	-4.42352	1.14028	-20.7875	-3.8054	195.251	18.9877	1458.28	-247.786	-308.688	4974.06	0.000464373	718.996
32.2287	3.88513	12.3691	0.330264	-8.39565	1.14028	-25.3718	-4.11604	170.506	18.97	1458.12	-248.266	-308.834	4974.21	0.000769543	718.833
32.2293	2.66083	19.9663	0.938249	-14.4893	0.825722	-33.3021	-4.11604	86.868	18.9453	1458.88	-247.467	-308.525	4974.37	0.000159203	718.694
32.2300	1.74668	30.954	1.24599	-23.9682	0.825722	-42.7606	-3.8054	-103.25	18.9088	1460.28	-246.588	-307.923	4974.98	-0.000298575	718.229
32.2307	1.74668	37.3583	1.54623	-29.1591	0.825722	-52.219	-3.49475	-288.176	18.8842	1461.47	-245.629	-306.703	4976.35	-0.000603745	717.462
32.2313	1.74668	35.2235	1.54623	-26.4057	1.14028	-55.2752	-3.49475	-348.626	18.8723	1462.55	-244.59	-305.629	4977.72	6.59448e-006	717.322
32.2320	0.832529	30.075	1.24599	-19.3642	2.35921	-52.825	-3.20999	-310.787	18.8477	1462.55	-245.069	-306.703	4976.65	0.000311811	717.764
32.2327	0.832529	26.6845	1.24599	-13.5865	2.66066	-50.0849	-4.11604	-236.897	18.8171	1461.79	-246.588	-308.379	4974.52	-0.000298575	718.089
32.2333	2.66083	20.5942	0.630503	-5.64224	1.74319	-45.527	-5.02209	-175.236	18.7925	1460.55	-248.266	-309.908	4973.6	-0.000298575	718.229
32.2340	3.28114	8.97855	0.330264	4.10755	0.825722	-40.3367	-3.8054	-46.7795	18.7747	1459.79	-248.985	-310.982	4972.84	6.59448e-006	718.392
32.2347	1.74668	-1.38132	0.330264	9.93034	1.14028	-36.9643	-3.8054	134.801	18.7501	1459.95	-248.745	-311.275	4972.23	-0.000603745	718.531
32.2353	1.14269	-7.47166	0.022518	10.2012	2.05775	-34.5404	-4.73733	315.747	18.7254	1460.71	-248.425	-311.438	4972.08	-0.000756307	718.229
32.2360	2.05684	-6.84379	0.630503	4.42352	1.74319	-32.38	-4.42668	417.094	18.7077	1461.47	-247.227	-310.673	4972.53	-0.000756307	717.322
32.2367	2.66083	2.88821	1.24599	-4.73948	1.14028	-33.3021	-2.5887	324.919	18.6771	1461.47	-246.108	-309.599	4973.6	6.59448e-006	716.392
32.2373	2.05684	10.2343	0.630503	-9.93034	0.222814	-35.4362	-1.37201	329.822	18.6465	1461.63	-245.789	-309.29	4974.37	0.000159203	715.95
32.2380	1.43652	15.6968	-0.285228	-15.392	0.524268	-36.0422	-1.06137	403.654	18.6278	1461.95	-245.229	-308.834	4974.06	-0.000451137	715.788
32.2387	1.74668	28.5053	0.022518	-26.4057	0.524268	-38.4924	-1.37201	161.681	18.6041	1462.38	-244.75	-308.688	4973.45	-0.000298575	715.788
32.2393	1.74668	39.807	0.630503	-34.6208	-0.694655	-44.2887	-1.96742	-139.877	18.5795	1463.3	-244.59	-308.688	4973.6	0.000159203	716.253
32.2400	1.74668	41.6278	0.330264	-34.6208	-1.61212	-42.7606	-1.96742	-268.045	18.5548	1462.38	-245.549	-309.452	4972.99	0.000311811	716.555
32.2407	1.14269	35.2235	0.022518	-29.1591	-2.21503	-26.2939	-1.06137	-269.256	18.5302	1461.03	-247.227	-310.819	4971.62	0.000159203	716.253
32.2413	0.522371	20.9081	0.022518	-20.5829	-1.91358	-2.79274	0.155322	-124.592	18.5065	1460.71	-247.946	-311.893	4970.7	-0.000145967	715.95
32.2420	0.832529	6.52986	-0.285228	-11.465	-0.694655	18.2582	1.06137	52.3746	18.4759	1461.79	-247.307	-311.584	4971.31	6.59448e-006	715.648
32.2427	1.43652	-5.65084	-0.585468	-2.57286	-0.996109	34.1452	1.37201	202.519	18.4513	1463.79	-245.229	-309.599	4973.91	0.000311811	715.183
32.2433	1.14269	-15.6968	-0.285228	4.73948	-0.996109	44.8156	1.68266	257.201	18.4325	1465.62	-243.391	-308.525	4975.59	0.000311811	714.578
32.2440	0.832529	-23.6707	0.022518	9.93034	0.222814	55.8021	2.30395	123.784	18.402	1466.65	-242.193	-308.834	4975.28	6.59448e-006	713.509
32.2447	0.832529	-29.4471	0.630503	13.5865	1.14028	68.0006	3.52064	-29.7059	18.3714	1467.57	-240.355	-308.379	4975.28	-0.000451137	713.346
32.2453	1.14269	-33.4027	0.630503	17.2427	1.44174	75.6411	6.26466	-48.6253	18.3408	1467.57	-239.876	-308.379	4975.59	-0.000451137	713.346
32.2460	0.522371	-37.9862	0.022518	22.4336	1.74319	79.3033	8.69805	-2.82638	18.3172	1466.97	-240.355	-308.997	4974.98	6.59448e-006	713.346
32.2467	0.228537	-38.3001	-0.285228	24.871	1.74319	77.1692	9.91474	20.3615	18.2866	1467.3	-240.195	-309.143	4974.67	6.59448e-006	713.648
32.2473	0.522371	-34.0306	-0.285228	22.7495	1.14028	69.5287	10.536	-6.1719	18.2619	1467.3	-240.355	-309.599	4974.37	-0.000145967	713.044
32.2480	0.228537	-30.7029	0.330264	20.5829	0.825722	63.1265	10.536	-70.6019	18.2314	1467.3	-240.755	-309.745	4974.06	0.000159203	712.742
32.2487	-0.685612	-26.9984	0.630503	17.2427	0.825722	56.7243	10.2254	-121.535	18.1949	1468.38	-240.355	-308.997	4974.06	6.59448e-006	713.207
32.2493	-0.391778	-20.2802	0.330264	12.6838	1.44174	46.3437	8.69805	-163.065	18.1702	1468.81	-239.876	-308.834	4974.21	-0.000451137	712.742
32.2500	0.832529	-14.5038	-0.285228	8.71162	3.27667	38.4134	6.86007	-234.186	18.1397	1468.65	-240.195	-308.379	4974.82	6.59448e-006	711.37
32.2507	1.14269	-10.8622	-0.585468	5.64224	3.87958	31.695	5.95402	-271.102	18.1091	1470.21	-238.677	-306.556	4976.35	-0.000145967	710.44
32.2513	0.832529	-6.84379	0.022518	1.6701	1.74319	21.0246	3.83128	-233.552	18.0785	1471.99	-236.999	-304.718	4977.26	-0.000908915	710.137
32.2520	0.228537	-1.06738	0.022518	-3.52076	0.222814	12.4619	1.37201	-203.038	18.0479	1471.4	-238.198	-305.173	4976.81	-0.000451137	709.835
32.2527	0.522371	3.83001	0.330264	-9.29841	-0.0786402	11.5662	0.465967	-211.287	18.0174	1469.89	-240.355	-307.158	4974.37	6.59448e-006	710.3
32.2533	1.14269	7.7856	0.938249	-12.9546	-0.996109	16.1241	-0.465967	-203.615	17.9868	1469.13	-241.074	-308.379	4972.84	-0.000298575	710.602
32.2540	0.522371	8.97855	0.022518	-12.6838	-1.31067	20.3923	-2.89935	-130.417	17.9562	1468.97	-241.394	-309.143	4972.69	-0.000298575	710.765
32.2547	0.522371	7.15773	-0.893213	-9.61438	-0.694655	20.7084	-5.33273	-8.0177	17.9267	1468.81	-241.873	-309.908	4972.38	-0.000298575	710.602
32.2553	0.832529	5.3369	-0.285228	-5.64224	-0.694655	17.0463	-6.54942	62.4689	17.8961	1469.4	-241.554	-309.599	4972.69	-0.000298575	709.835
32.2560	0.522371	3.51608	0.022518	-2.88883	-0.393201	10.3279	-7.17071	46.3181	17.8655	1470.05	-241.074	-309.29	4973.45	-0.000298575	709.231
32.2567	0.228537	-1.06738	-0.893213	-0.451379	-0.694655	3.00351	-8.3874	15.1702	17.8409	1470.64	-240.595	-310.055	4973.6	-0.000298575	709.068
32.2573	0.522371	-5.3369	-1.20096	3.20479	-1.31067	-0.0526932	-9.91474	21.2844	17.8162	1470.97	-240.355	-310.673	4973.3	-0.000756307	708.324
32.2580	0.832529	-7.7856	-0.585468	6.86097	-0.694655	2.7137	-8.69805	94.5397	17.7797	1471.56	-240.355	-310.51	4972.99	-0.000756307	707.696
32.2587	-0.0816205	-8.41347	-0.285228	8.71162	-0.694655	6.37588	-5.64338	178.466	17.7432	1472.15	-239.876	-310.055	4973.14	-0.000298575	707.394
32.2593	-0.0816205	-8.97855	-1.20096	9.29841	-0.996109	7.58783	-3.20999	173.563	17.7186	1471.72	-240.355	-309.908	4973.45	-0.000298575	706.627
32.2600	0.832529	-9.92036	-1.80894	9.29841	-1.31067	9.40574	-1.68266	151.586	17.6939	1470.48	-241.713	-311.275	4972.69	-0.000603745	706.022
32.2607	0.832529	-10.2343	-0.893213	9.29841	-0.996109	11.5662	0.465967	165.026	17.6634	1469.13	-243.072	-312.951	4971.62	-0.000145967	706.185
32.2613	-0.685612	-11.1133	-0.585468	9.93034	0.222814	11.25	2.5887	163.469	17.6397	1469.13	-243.072	-313.26	4970.7	0.000464373	706.487
32.2620	-1.30593	-11.4272	-0.893213	11.465	1.14028	8.79977	4.73733	170.218	17.6091	1470.32	-241.713	-312.202	4971.01	0.000464373	705.557
32.2627	-0.685612	-10.2343	-0.585468	12.0518	1.14028	5.45375	5.64338	168.083	17.5726	1472.32	-239.716	-310.055	4973.3	0.000769543	705.417
32.2633	-0.99577	-7.47166	0.022518	10.8331	0.524268	1.1856	5.33273	127.476	17.548	1474.58	-237.239	-307.467	4975.59	0.000616981	705.557
32.2640	-1.30593	-3.83001	0.022518	7.4929	-0.694655	-3.08255	5.04797	86.868	17.5233	1475.82	-236.04	-306.394	4975.59	6.59448e-006	704.487
32.2647	-0.99577	0.125574	0.022518	4.10755	-1.61212	-8.90516	5.64338	18.8041	17.4928	1476.42	-236.679	-306.703	4974.98	0.000311811	703.581
32.2653	-0.391778	4.14395	0.022518	1.35414	-1.61212	-16.8355	5.64338	-116.055	17.4622	1476.9	-236.839	-306.556	4975.13	0.000311811	703.278
32.2660	0.522371	8.41347	-0.285228	-2.30203	-1.91358	-23.8437	4.42668	-236.609	17.4375	1476.15	-237.399	-306.849	4974.82	-0.000298575	702.976
32.2667	1.14269	11.7412	-0.585468	-5.64224	-2.21503	-28.7178	2.5887	-178.639	17.407	1475.39	-238.837	-307.777	4974.37	6.59448e-006	702.372
32.2673	0.832529	13.562	-0.893213	-7.17693	-2.52959	-30.8782	1.06137	58.2004	17.3833	1475.39	-239.716	-308.232	4974.21	0.000311811	701.604
32.2680	1.43652	15.3828	-1.20096	-8.98245	-2.52959	-31.168	0.465967	227.899	17.3646	1475.99	-239.556	-308.232	4974.21	0.000159203	701.302
32.2687	1.74668	16.3246	-1.5012	-10.2012	-2.21503	-31.4842	-0.465967	192.771	17.334	1476.31	-239.716	-308.525	4974.37	0.000159203	701.302
32.2693	1.14269	14.1899	-1.20096	-8.07969	-1.91358	-31.168	-1.37201	30.7441	17.3093	1476.74	-240.035	-308.688	4974.98	0.000464373	701.139
32.2700	-0.0816205	9.60642	-0.585468	-2.88883	-1.31067	-29.9561	-2.5887	-77.5814	17.2788	1478.9	-238.677	-308.379	4975.59	-0.000145967	700.232
32.2707	-0.0816205	3.51608	-0.585468	2.57286	-0.996109	-29.6399	-5.33273	-77.9274	17.2551	1480.41	-236.999	-307.305	4976.96	-0.000756307	698.861
32.2713	0.522371	-1.06738	-0.285228	7.17693	-1.31067	-29.034	-6.86007	-92.8669	17.2305	1480.41	-237.159	-307.012	4977.72	-0.000298575	698.396
32.2720	-0.0816205	-4.70903	-0.285228	12.3678	-1.31067	-25.688	-6.23878	-133.128	17.1999	1480.09	-237.718	-308.069	4976.35	6.59448e-006	698.558
32.2727	-0.391778	-7.47166	-0.893213	15.708	-1.61212	-22.6317	-5.33273	-121.881	17.1811	1479.01	-238.677	-309.452	4974.37	-0.000298575	698.233
32.2733	-0.391778	-7.7856	-0.585468	14.4893	-1.61212	-24.4497	-4.73733	-72.1016	17.1575	1477.07	-240.515	-310.819	4972.99	-0.000298575	697.628
32.2740	-0.99577	-7.15773	0.022518	11.7359	-0.996109	-27.5059	-4.11604	-8.30611	17.121	1476.9	-241.713	-311.438	4971.92	-0.000298575	697.489
32.2747	-2.53023	-3.83001	0.330264	6.27417	-0.393201	-27.822	-2.89935	59.7002	17.0963	1477.5	-242.033	-311.128	4971.62	-0.000756307	697.024
32.2753	-2.82407	1.38132	0.330264	0.135414	-0.694655	-27.5059	-2.27806	70.4289	17.0717	1477.98	-241.873	-310.51	4972.38	-0.000908915	696.419
32.2760	-0.99577	3.51608	0.022518	-2.30203	-0.393201	-25.9778	-1.96742	94.5397	17.047	1478.58	-241.713	-309.29	4973.3	-0.000451137	695.35
32.2767	1.43652	5.3369	-0.585468	-3.83672	-0.0786402	-27.822	-1.96742	188.791	17.0224	1478.9	-242.273	-308.688	4973.6	0.000464373	694.582
32.2773	2.36699	8.97855	-0.585468	-6.27417	-0.0786402	-33.9081	-1.68266	248.318	16.9928	1479.49	-242.592	-308.834	4973.3	0.000311811	694.42
32.2780	2.36699	10.8622	0.022518	-6.86097	0.222814	-34.8302	-0.465967	264.815	16.9681	1479.66	-242.752	-308.525	4973.75	-0.000145967	693.676
32.2787	1.14269	11.7412	0.022518	-6.86097	0.524268	-31.4842	-0.465967	261.123	16.9435	1479.82	-243.391	-308.379	4973.45	0.000311811	693.211
32.2793	-0.391778	11.1133	0.022518	-5.64224	0.825722	-28.428	-1.68266	156.143	16.9188	1480.41	-243.391	-308.688	4972.69	0.000159203	692.908
32.2800	-1.30593	4.70903	0.330264	-0.451379	0.825722	-19.2594	-3.8054	-29.7059	16.8942	1479.17	-244.43	-309.452	4972.38	-0.000145967	692.281
32.2807	-3.73822	-2.00919	0.630503	4.10755	0.222814	-8.27284	-5.95402	-182.561	16.8646	1478.15	-245.629	-310.819	4971.01	0.000159203	692.606
32.2813	-5.87667	-2.00919	0.330264	3.83672	-0.694655	-6.45492	-5.95402	-297.001	16.84	1478.41	-245.069	-310.982	4970.4	0.000464373	692.141
32.2820	-4.35853	0.43951	-0.285228	1.35414	-0.0786402	-7.98302	-5.02209	-289.676	16.8153	1479.49	-243.871	-310.51	4971.77	0.000464373	691.374
32.2827	-2.53023	0.43951	-0.285228	-0.451379	0.222814	-5.53279	-4.42668	-130.071	16.7847	1481.65	-242.273	-309.29	4973.45	6.59448e-006	690.467
32.2833	-2.22008	3.20214	-0.285228	-3.83672	0.222814	-1.87061	-5.02209	-20.5345	16.7601	1483	-241.074	-307.923	4974.98	0.000159203	688.63
32.2840	-1.90992	10.5482	-0.585468	-9.29841	-0.0786402	-1.5808	-5.33273	44.7607	16.7364	1483.33	-240.755	-307.158	4975.89	0.000464373	687.398
32.2847	-1.59976	18.1455	-0.285228	-14.1733	-0.0786402	-6.74473	-4.42668	117.093	16.7118	1484.51	-240.195	-306.703	4976.2	0.000159203	687.863
32.2853	-1.59976	22.7289	0.938249	-17.8746	-0.0786402	-12.5673	-5.02209	4.21074	16.6812	1485	-240.355	-307.158	4975.28	6.59448e-006	687.398
32.2860	-1.90992	24.2358	0.938249	-20.3121	-0.393201	-12.2512	-5.95402	-203.327	16.6506	1483.92	-241.234	-307.614	4974.21	-0.000298575	686.026
32.2867	-2.22008	23.9847	0.938249	-21.2148	0.222814	-9.19497	-5.33273	-230.206	16.626	1483.92	-241.074	-307.158	4974.21	-0.000298575	685.886
32.2873	-2.53023	23.3568	1.24599	-21.5308	0.524268	-7.66687	-4.42668	-175.87	16.6082	1484.68	-240.355	-307.158	4974.21	0.000159203	685.886
32.2880	-1.90992	19.0873	0.630503	-18.1454	0.524268	-4.00469	-4.11604	-198.481	16.5776	1485.27	-239.716	-307.012	4974.21	0.000159203	685.119
32.2887	-1.30593	9.60642	-0.285228	-10.8331	0.222814	3.60949	-3.8054	-173.102	16.5471	1485.27	-239.716	-306.849	4974.21	-0.000145967	684.654
32.2893	-1.59976	0.753445	0.022518	-3.83672	0.222814	13.3841	-3.49475	-36.1085	16.5283	1485.59	-239.236	-306.247	4975.13	6.59448e-006	683.91
32.2900	-1.30593	-5.02297	0.630503	0.451379	1.14028	24.6868	-1.68266	78.0428	16.5037	1486.84	-238.038	-305.482	4976.2	0.000616981	683.143
32.2907	-0.99577	-9.29249	0.938249	3.52076	1.44174	32.9069	-0.155322	111.613	16.4672	1488.78	-236.679	-304.571	4977.26	0.000464373	683.143
32.2913	-1.59976	-15.6968	0.330264	9.93034	0.524268	38.7032	0.155322	98.1736	16.4425	1489.59	-236.04	-303.953	4977.88	-0.000145967	681.911
32.2920	-1.59976	-23.3568	-0.585468	18.4614	0.524268	45.4216	0.776611	58.8349	16.4248	1488.94	-237.239	-305.629	4976.35	-0.000603745	680.841
32.2927	-1.30593	-24.5497	-0.585468	19.9961	1.44174	43.6036	1.06137	-16.5545	16.3942	1487.43	-239.556	-308.232	4974.06	-0.000451137	681.004
32.2933	-0.685612	-20.5942	-0.893213	16.024	1.74319	34.435	0.776611	-118.823	16.3696	1486.19	-240.755	-309.908	4973.14	-0.000145967	680.539
32.2940	-0.99577	-18.4594	-1.20096	14.8052	1.14028	30.483	1.37201	-173.736	16.3449	1485.92	-240.914	-310.982	4972.69	-0.000145967	680.074
32.2947	-1.90992	-18.4594	-0.893213	16.024	1.14028	28.9549	1.9933	-177.082	16.3213	1485.59	-240.755	-311.893	4972.38	-0.000145967	678.865
32.2953	-2.22008	-16.6386	-0.285228	14.8052	1.14028	22.5527	1.9933	-148.126	16.2907	1486.19	-240.355	-311.893	4972.99	6.59448e-006	677.958
32.2960	-1.90992	-12.683	-0.285228	11.1491	0.222814	15.8343	2.89935	-79.4272	16.266	1487.43	-238.917	-311.275	4973.6	-0.000145967	677.795
32.2967	-2.53023	-8.7274	0.022518	8.39565	-0.694655	10.644	5.04797	-5.88349	16.2355	1488.35	-237.878	-311.275	4973.6	-0.000145967	677.33
32.2973	-2.53023	-2.88821	0.330264	3.52076	-0.694655	3.31967	7.17071	68.8715	16.2108	1488.67	-237.239	-310.819	4974.06	-0.000145967	675.958
32.2980	-2.82407	3.20214	0.022518	-1.35414	-0.694655	-5.24298	6.86007	79.2541	16.1871	1487.86	-237.239	-310.982	4974.21	0.000159203	674.447
32.2987	-2.82407	5.65084	-0.285228	-2.57286	-0.694655	-13.1733	5.04797	-44.3569	16.1566	1488.02	-237.399	-311.584	4973.45	0.000464373	674.284
32.2993	-2.22008	5.65084	-0.285228	-1.98607	0.222814	-21.1036	3.52064	-128.572	16.1319	1488.67	-237.399	-312.04	4972.38	6.59448e-006	674.447
32.3000	-0.685612	6.84379	-0.285228	-1.98607	0.524268	-30.5621	4.11604	-104.749	16.1073	1488.02	-238.198	-312.804	4971.16	0.000159203	673.982
32.3007	-0.0816205	9.29249	-0.893213	-3.83672	0.222814	-42.7606	5.64338	-106.595	16.0826	1486.84	-239.396	-313.26	4970.09	-0.000145967	673.075
32.3013	-0.391778	11.7412	-0.585468	-4.73948	-0.393201	-52.825	5.95402	-41.8766	16.0589	1486.67	-239.876	-312.658	4970.55	-0.000451137	671.541
32.3020	0.228537	8.09953	-0.285228	-0.451379	-0.393201	-52.825	6.57531	78.6196	16.0343	1488.02	-239.077	-311.438	4971.92	0.000464373	671.238
32.3027	1.14269	-0.125574	-0.893213	6.27417	-0.393201	-45.2108	7.17071	141.204	16.0156	1490.34	-237.878	-309.599	4973.6	0.000464373	670.169
32.3033	2.66083	-5.02297	-0.585468	9.29841	-0.393201	-36.0422	5.95402	227.553	15.985	1492.18	-236.839	-307.777	4974.82	0.000311811	668.797
32.3040	3.28114	-4.39509	0.330264	7.76372	0.222814	-27.822	3.52064	321.573	15.9613	1494.45	-235.561	-306.247	4975.89	0.000616981	669.564
32.3047	1.74668	-2.26033	0.630503	4.73948	0.222814	-18.6534	1.37201	391.137	15.9367	1494.88	-235.721	-306.084	4976.04	0.000464373	668.936
32.3053	0.228537	-1.06738	1.54623	1.35414	-0.0786402	-7.98302	-0.465967	494.906	15.912	1493.1	-237.558	-307.158	4974.98	-0.000145967	666.356
32.3060	0.228537	2.00919	2.46197	-3.52076	0.524268	-1.5808	-1.06137	574.563	15.8874	1492.61	-238.517	-307.467	4975.13	-0.000145967	665.123
32.3067	-0.391778	8.7274	2.46197	-8.71162	0.825722	0.579626	-0.750724	539.436	15.8696	1493.2	-238.837	-308.069	4975.13	6.59448e-006	665.123
32.3073	-0.99577	16.0107	2.76971	-12.0518	0.825722	1.79157	-0.750724	326.765	15.839	1493.37	-239.077	-308.688	4974.21	-0.000145967	664.984
32.3080	-1.30593	19.9663	2.76971	-13.9025	0.524268	4.84778	-0.750724	-93.5014	15.8144	1494.12	-238.677	-308.525	4974.06	6.59448e-006	664.681
32.3087	-1.90992	21.536	2.46197	-15.708	-0.0786402	4.24181	-0.750724	-517.344	15.7957	1494.01	-238.677	-308.834	4974.21	6.59448e-006	663.31
32.3093	-1.30593	21.536	1.54623	-16.9267	0.524268	-4.92682	-1.06137	-617.478	15.772	1494.45	-238.357	-308.834	4974.37	6.59448e-006	662.38
32.3100	-0.0816205	18.4594	0.938249	-17.2427	1.74319	-13.1733	-2.27806	-389.81	15.7532	1497.2	-236.36	-307.158	4975.59	6.59448e-006	662.38
32.3107	1.14269	13.2481	0.938249	-16.3399	1.74319	-13.7793	-5.64338	-111.498	15.7286	1498.87	-235.001	-305.938	4977.42	6.59448e-006	661.31
32.3113	1.43652	8.09953	0.630503	-12.3678	1.74319	-7.66687	-9.29345	53.2975	15.698	1497.95	-235.321	-305.792	4977.72	-0.000298575	659.031
32.3120	0.522371	1.38132	0.938249	-5.64224	2.35921	5.74356	-9.60409	76.8315	15.6803	1497.04	-235.721	-306.394	4976.2	-0.000603745	657.962
32.3127	-0.391778	-5.65084	0.938249	-1.08331	2.66066	20.1025	-6.54942	8.76756	15.6615	1495.8	-236.999	-308.379	4974.06	-0.000451137	657.66
32.3133	-0.0816205	-9.29249	0.630503	-0.135414	2.35921	29.8771	-3.8054	-44.9337	15.6369	1494.88	-237.878	-309.599	4972.69	-0.000451137	657.799
32.3140	-0.685612	-13.8759	1.24599	3.20479	1.74319	38.0972	-2.27806	-51.3364	15.6132	1494.77	-237.878	-310.055	4972.38	-0.000451137	657.497
32.3147	-1.59976	-20.2802	1.85398	10.2012	2.66066	49.3999	-1.06137	-90.7327	15.5886	1495.2	-237.718	-310.364	4972.53	-0.000603745	656.288
32.3153	-1.59976	-25.4916	1.85398	15.392	3.27667	59.7805	0.155322	-178.927	15.5639	1495.96	-236.999	-309.908	4973.14	6.59448e-006	655.52
32.3160	-0.685612	-26.6845	1.54623	16.9267	2.96211	66.1827	1.37201	-171.89	15.5462	1496.28	-236.36	-309.29	4973.45	0.000311811	654.451
32.3167	-0.0816205	-26.1194	1.54623	16.024	2.66066	68.0006	1.9933	-35.1856	15.5215	1496.71	-235.88	-309.599	4973.6	0.000311811	653.219
32.3173	-0.391778	-23.3568	1.54623	13.9025	2.66066	63.7325	1.06137	81.6767	15.4969	1497.36	-235.481	-309.908	4973.45	-0.000145967	652.312
32.3180	-0.685612	-18.7733	1.24599	10.8331	2.35921	54.88	-0.155322	108.845	15.4791	1497.2	-235.481	-310.055	4973.45	-0.000603745	651.103
32.3187	0.228537	-12.9969	0.630503	6.545	1.44174	45.1318	0.155322	119.862	15.4545	1497.2	-235.161	-310.217	4973.75	-0.000145967	650.777
32.3193	0.228537	-6.84379	0.330264	2.30203	0.825722	33.8291	1.9933	123.496	15.4298	1497.36	-235.161	-310.673	4973.3	0.000311811	650.335
32.3200	0.228537	-1.69525	0.630503	-0.451379	0.825722	21.9204	2.30395	77.7544	15.4051	1496.71	-236.52	-311.893	4972.23	0.000616981	649.405
32.3207	0.228537	1.38132	0.630503	-1.98607	0.222814	10.644	0.465967	-20.2461	15.3874	1496.12	-238.038	-313.26	4971.01	0.000311811	648.964
32.3213	0.228537	3.83001	0.630503	-3.20479	-0.694655	2.08138	-1.37201	-152.971	15.3568	1496.28	-238.517	-313.715	4970.55	-0.000145967	648.034
32.3220	0.522371	5.65084	0.330264	-5.32628	-1.61212	-3.39871	-2.89935	-197.558	15.3322	1497.2	-237.159	-312.658	4971.77	6.59448e-006	646.522
32.3227	1.43652	8.09953	0.022518	-7.76372	-2.83105	-9.51113	-4.73733	-123.669	15.3075	1498.87	-235.161	-310.982	4974.21	0.000464373	645.453
32.3233	2.05684	10.2343	-0.285228	-8.39565	-2.52959	-11.935	-5.95402	-37.6082	15.2829	1500.87	-233.323	-308.688	4976.65	0.000616981	644.825
32.3240	2.05684	7.47166	-0.285228	-6.27417	-2.52959	-7.98302	-6.23878	30.7441	15.2592	1502.38	-232.364	-307.777	4976.65	6.59448e-006	643.616
32.3247	1.74668	1.69525	0.630503	-1.08331	-2.52959	-3.08255	-5.64338	41.1268	15.2345	1502.54	-233.483	-308.525	4974.98	6.59448e-006	642.384
32.3253	1.43652	-3.51608	0.938249	4.73948	-1.91358	-0.0526932	-4.11604	-41.5882	15.2099	1501.62	-234.682	-308.688	4974.67	0.000311811	641.337
32.3260	0.832529	-6.84379	0.630503	7.76372	-1.91358	1.1856	-2.5887	-104.172	15.1793	1501.14	-235.321	-308.379	4974.37	0.000159203	640.709
32.3267	0.832529	-9.29249	0.330264	8.71162	-2.52959	3.31967	-1.96742	-50.1251	15.1616	1502.06	-235.161	-307.923	4973.75	6.59448e-006	640.268
32.3273	1.14269	-10.2343	0.630503	9.93034	-3.1325	4.84778	-1.37201	18.8041	15.1369	1502.54	-235.161	-307.158	4974.21	0.000311811	638.733
32.3280	1.74668	-9.60642	0.938249	10.2012	-2.52959	0.579626	-1.37201	42.6265	15.1123	1502.38	-235.721	-306.849	4974.52	0.000159203	637.826
32.3287	2.05684	-8.41347	0.630503	9.93034	-1.61212	-3.08255	-0.465967	80.7538	15.0945	1502.97	-236.04	-306.849	4974.21	-0.000145967	637.664
32.3293	2.36699	-5.96477	0.330264	8.39565	-1.91358	-2.79274	1.06137	62.7573	15.0699	1503.46	-236.36	-307.012	4973.91	6.59448e-006	636.292
32.3300	2.36699	-2.57427	0.630503	6.545	-1.91358	-4.00469	1.37201	-4.03769	15.0452	1504.05	-235.481	-305.938	4975.28	0.000159203	634.757
32.3307	2.05684	-1.06738	0.630503	6.86097	-1.31067	-7.66687	1.9933	24.9183	15.0146	1506.05	-233.323	-304.571	4976.96	-0.000145967	633.85
32.3313	2.36699	1.69525	0.330264	5.05545	-1.31067	-12.5673	3.20999	90.5597	14.99	1506.48	-232.844	-305.027	4976.65	-0.000145967	632.944
32.3320	2.36699	5.96477	-0.285228	-0.135414	-1.61212	-17.7313	4.11604	100.308	14.9663	1505.3	-233.643	-306.247	4975.59	-0.000145967	631.572
32.3327	2.66083	6.84379	0.022518	-1.35414	-0.0786402	-19.5755	4.73733	51.1633	14.9417	1504.05	-234.202	-308.069	4973.91	-0.000603745	630.502
32.3333	2.66083	6.52986	0.022518	-1.98607	1.14028	-19.5755	3.83128	-83.1188	14.917	1503.46	-234.042	-310.055	4972.53	-0.000298575	630.502
32.3340	2.05684	4.70903	0.022518	-1.98607	0.825722	-19.8917	3.20999	-202.75	14.8924	1503.46	-232.684	-310.673	4972.53	-0.000145967	630.177
32.3347	2.05684	2.26033	0.330264	1.08331	1.14028	-17.7313	2.89935	-165.199	14.8687	1503.89	-231.326	-310.51	4972.84	-0.000298575	629.433
32.3353	2.05684	2.26033	0.022518	0.135414	1.14028	-17.1253	0.776611	-55.9509	14.844	1504.38	-230.287	-310.673	4972.84	-0.000145967	628.503
32.3360	1.74668	5.96477	-0.285228	-4.73948	0.825722	-19.8917	-1.06137	-13.8435	14.8194	1504.97	-228.849	-311.128	4972.69	6.59448e-006	627.294
32.3367	1.74668	8.09953	0.022518	-6.86097	1.74319	-21.3935	-1.06137	-12.9206	14.7947	1506.21	-227.011	-310.217	4973.3	-0.000451137	625.619
32.3373	1.14269	8.09953	0.330264	-5.64224	1.44174	-24.4497	-1.68266	14.8818	14.7711	1506.32	-225.972	-309.452	4973.91	-0.000298575	624.387
32.3380	1.14269	9.29249	0.330264	-5.32628	0.524268	-31.168	-3.20999	121.65	14.7405	1506.05	-225.093	-309.599	4973.75	0.000159203	623.922
32.3387	1.74668	9.92036	0.330264	-5.95821	0.825722	-34.5404	-5.02209	237.935	14.7159	1506.32	-223.655	-309.452	4973.91	6.59448e-006	622.713
32.3393	1.14269	5.65084	-0.285228	-4.10755	1.14028	-30.5621	-6.23878	223.63	14.6971	1506.21	-223.815	-310.055	4973.14	0.000616981	621.481
32.3400	1.14269	-1.69525	0.022518	2.57286	1.14028	-23.5539	-7.17071	160.123	14.6734	1505.73	-224.134	-311.275	4971.31	0.000159203	621.178
32.3407	1.43652	-8.97855	0.630503	10.5171	1.44174	-16.8355	-7.17071	150.375	14.6547	1504.65	-223.974	-312.04	4971.47	-0.000298575	619.807
32.3413	0.832529	-14.5038	0.938249	17.2427	1.14028	-10.1171	-5.33273	132.667	14.6241	1503.89	-224.614	-312.804	4971.62	0.000616981	618.435
32.3420	0.522371	-17.5804	0.938249	21.2148	1.14028	-4.32085	-3.49475	82.3112	14.5995	1505.73	-223.415	-312.495	4971.16	0.000464373	617.528
32.3427	0.832529	-17.2664	0.330264	20.3121	1.14028	-1.26464	-2.89935	11.1902	14.5758	1508.16	-220.459	-310.364	4973.14	6.59448e-006	616.156
32.3433	1.14269	-10.2343	0.330264	13.9025	1.74319	-2.47658	-2.89935	-44.6453	14.5512	1509.56	-218.541	-308.379	4975.59	0.000616981	615.389
32.3440	1.74668	0.43951	0.938249	5.05545	2.05775	-6.45492	-1.96742	-11.0748	14.5265	1511.07	-217.902	-308.069	4975.89	0.000464373	614.482
32.3447	1.74668	11.1133	0.330264	-5.64224	1.74319	-11.6452	-0.750724	27.687	14.4959	1511.07	-218.061	-308.069	4975.74	-0.000298575	612.483
32.3453	1.43652	20.5942	0.022518	-15.392	1.14028	-17.4415	0.155322	-9.5751	14.4654	1510.91	-218.94	-308.997	4974.67	-0.000145967	611.878
32.3460	1.14269	26.3706	-0.285228	-21.5308	1.14028	-19.2594	1.68266	-78.5043	14.4476	1510.75	-220.299	-310.673	4973.14	0.000159203	611.273
32.3467	0.832529	26.9984	-0.285228	-23.3363	0.825722	-17.7313	3.83128	-185.042	14.423	1509.88	-221.258	-311.128	4973.14	0.000159203	609.599
32.3473	1.14269	22.7289	0.022518	-20.8989	0.222814	-17.7313	4.73733	-296.424	14.3924	1510.31	-220.778	-310.673	4973.6	6.59448e-006	608.669
32.3480	0.522371	16.0107	0.630503	-14.4893	-0.0786402	-16.8355	4.11604	-375.159	14.3678	1511.66	-219.58	-309.908	4973.6	-0.000298575	608.367
32.3487	-0.0816205	10.2343	1.24599	-8.98245	0.524268	-14.3853	3.52064	-360.22	14.349	1512.47	-219.1	-308.834	4974.37	-0.000145967	607.6
32.3493	-0.0816205	5.65084	0.630503	-5.32628	1.74319	-9.80094	3.20999	-181.062	14.3253	1512.74	-219.58	-308.525	4974.82	-0.000145967	605.926
32.3500	-0.0816205	0.753445	0.022518	-1.35414	2.05775	-4.32085	1.68266	79.8886	14.2948	1513.82	-218.541	-307.614	4975.43	-0.000756307	604.089
32.3507	0.228537	-3.20214	0.022518	2.30203	1.74319	-5.24298	1.06137	306.288	14.2701	1515.33	-216.703	-305.336	4977.26	-0.000603745	602.717
32.3513	0.522371	-7.47166	0.022518	5.95821	1.74319	-8.589	1.06137	403.019	14.2455	1515.66	-216.703	-304.571	4977.72	-0.000298575	601.81
32.3520	-0.0816205	-11.7412	-0.285228	9.93034	1.14028	-6.74473	2.89935	321.862	14.2218	1514.74	-217.742	-305.792	4975.74	-0.000145967	601.043
32.3527	-0.685612	-13.562	-0.585468	11.1491	1.14028	-1.26464	5.33273	220.227	14.2031	1513.66	-218.781	-307.158	4973.91	-0.000298575	600.438
32.3533	-0.0816205	-12.683	-1.20096	10.5171	1.44174	2.08138	7.48136	177.543	14.1784	1512.74	-219.58	-307.614	4973.3	-0.000603745	599.508
32.3540	-0.0816205	-11.4272	-0.585468	11.7359	0.825722	2.39754	9.31934	99.3849	14.1538	1511.83	-220.219	-307.923	4972.69	-0.000908915	597.997
32.3547	-0.391778	-11.7412	0.630503	13.5865	0.222814	0.263466	10.536	110.402	14.1301	1511.39	-221.258	-308.379	4972.23	-0.000451137	596.323
32.3553	-0.99577	-9.29249	0.938249	11.7359	-0.996109	-7.37705	10.8467	194.328	14.1114	1512.15	-221.977	-308.997	4972.38	0.000311811	595.393
32.3560	-0.685612	0.43951	0.330264	3.83672	-1.91358	-16.2295	9.31934	58.4888	14.0936	1513.39	-221.258	-309.452	4972.69	0.000159203	594.788
32.3567	0.522371	9.29249	-0.285228	-5.32628	-1.91358	-18.9696	6.26466	-223.457	14.0749	1514.31	-220.219	-308.688	4973.3	-0.000451137	593.417
32.3573	0.522371	11.4272	-0.285228	-9.29841	-0.996109	-16.5193	3.52064	-427.015	14.0502	1513.99	-219.899	-308.688	4973.6	6.59448e-006	592.184
32.3580	0.522371	12.9969	-0.285228	-10.8331	0.524268	-12.8571	1.06137	-547.857	14.0197	1514.42	-218.94	-309.29	4973.45	0.000159203	591.58
32.3587	0.832529	16.3246	-0.893213	-13.5865	1.44174	-11.329	-1.06137	-588.753	13.996	1515.5	-217.582	-308.997	4973.91	-0.000603745	590.51
32.3593	0.228537	19.9663	-1.20096	-17.8746	1.44174	-13.1733	-1.37201	-441.666	13.9772	1514.74	-217.582	-310.055	4973.14	-0.000298575	588.999
32.3600	0.228537	23.9847	-1.20096	-21.5308	1.14028	-17.4415	-1.37201	-136.82	13.9526	1513.5	-218.781	-312.04	4971.01	0.000311811	588.371
32.3607	0.832529	26.9984	-0.585468	-24.2391	0.825722	-28.428	-1.06137	29.8212	13.9348	1513.23	-218.621	-312.658	4970.25	0.000159203	587.767
32.3613	1.43652	29.1332	-0.285228	-25.187	-0.0786402	-43.9988	0.155322	121.361	13.9102	1513.23	-217.902	-312.202	4971.16	6.59448e-006	586.395
32.3620	1.14269	26.1194	0.022518	-20.8989	-1.61212	-49.1891	0.776611	320.65	13.8915	1514.42	-216.703	-310.982	4972.08	0.000159203	585.186
32.3627	0.832529	16.6386	0.330264	-12.6838	-2.83105	-40.6265	0.155322	330.399	13.8678	1516.58	-214.865	-309.143	4973.45	0.000311811	583.651
32.3633	0.832529	10.2343	-0.285228	-7.76372	-2.83105	-30.5621	0.776611	126.841	13.8491	1517.82	-213.507	-307.467	4974.98	0.000159203	581.675
32.3640	0.832529	8.7274	-0.285228	-7.17693	-3.1325	-19.2594	1.9933	119.862	13.8244	1518.68	-212.868	-306.556	4975.43	-0.000145967	580.303
32.3647	0.522371	5.65084	0.330264	-5.32628	-3.44706	-5.84895	2.30395	338.07	13.7938	1519.76	-212.708	-306.556	4974.67	-0.000298575	579.536
32.3653	-0.0816205	-1.06738	0.022518	-0.767345	-3.44706	10.0381	2.30395	448.241	13.7702	1520.25	-213.027	-306.247	4974.52	-0.000145967	579.071
32.3660	0.228537	-8.7274	-0.285228	3.20479	-3.1325	27.4268	1.9933	341.416	13.7514	1519.92	-213.587	-306.084	4974.98	6.59448e-006	578.303
32.3667	1.43652	-13.8759	0.330264	6.545	-2.83105	39.6253	1.68266	231.533	13.7268	1519.17	-215.025	-307.305	4973.91	-0.000145967	577.094
32.3673	1.74668	-17.8315	0.330264	10.5171	-2.52959	47.2658	1.37201	200.096	13.7021	1519.01	-215.265	-307.923	4973.45	-0.000145967	575.862
32.3680	0.832529	-22.7289	-0.585468	16.3399	-2.21503	52.7459	1.06137	94.5397	13.6844	1519.6	-214.705	-307.614	4974.37	0.000159203	574.351
32.3687	0.832529	-26.6845	0.022518	20.8989	-1.61212	54.5902	-0.465967	-91.6556	13.6597	1520.08	-214.865	-307.923	4974.37	0.000311811	573.421
32.3693	0.522371	-28.5053	0.630503	22.1176	-1.31067	52.7459	-1.96742	-194.79	13.6291	1521	-214.066	-307.923	4974.98	-0.000298575	572.351
32.3700	-0.685612	-29.4471	0.630503	22.4336	-0.996109	53.9842	-1.96742	-153.259	13.6045	1522.68	-212.069	-307.305	4976.65	-0.000298575	570.677
32.3707	-1.30593	-31.268	0.022518	23.9682	-1.31067	57.3302	-2.5887	-50.7596	13.5808	1524.03	-211.03	-307.305	4977.11	6.59448e-006	569.305
32.3713	-1.30593	-32.5237	-0.585468	25.187	-2.21503	57.6464	-2.89935	13.036	13.5562	1524.83	-210.391	-307.158	4977.42	-0.000451137	568.84
32.3720	-0.391778	-28.2542	-0.285228	22.7495	-1.91358	53.6681	-1.96742	-23.3032	13.5315	1524.03	-210.87	-307.923	4976.65	-0.00106152	567.933
32.3727	0.228537	-19.4012	0.022518	16.6108	-0.0786402	46.9497	-1.37201	-72.1016	13.5069	1521.76	-213.027	-310.819	4974.06	-0.000298575	566.399
32.3733	0.228537	-12.0551	0.330264	11.465	0.222814	39.9415	-1.68266	-70.8903	13.4832	1520.68	-214.705	-312.495	4972.38	0.000311811	565.19
32.3740	0.228537	-8.7274	-0.585468	8.07969	-0.0786402	31.089	-1.68266	-141.088	13.4585	1520.68	-215.025	-312.495	4972.38	-0.000298575	564.26
32.3747	0.228537	-4.70903	-1.5012	5.05545	0.222814	17.6522	-2.89935	-256.451	13.428	1520.84	-214.865	-312.202	4972.53	-0.000298575	563.051
32.3753	0.522371	-0.43951	-0.893213	3.20479	0.524268	4.24181	-2.5887	-313.786	13.4033	1521.6	-213.906	-311.584	4972.99	0.000159203	561.516
32.3760	0.522371	-0.753445	-0.285228	5.95821	-0.0786402	-7.06089	-1.37201	-311.364	13.3728	1522.68	-213.347	-310.673	4973.45	6.59448e-006	560.446
32.3767	-0.391778	-4.14395	-0.585468	10.2012	-0.694655	-19.2594	-1.06137	-240.243	13.3481	1523.59	-212.548	-309.599	4973.91	-0.000298575	559.702
32.3773	-0.99577	-6.84379	0.022518	12.6838	-0.0786402	-25.0556	-1.37201	-88.8869	13.3244	1523.59	-212.548	-309.29	4974.37	-0.000298575	558.168
32.3780	-0.99577	-8.97855	0.330264	13.9025	0.524268	-19.8917	-2.27806	92.9823	13.3057	1523.43	-213.347	-309.452	4973.75	-0.000145967	556.494
32.3787	-0.99577	-5.3369	0.022518	8.39565	0.524268	-14.3853	-2.5887	247.107	13.2751	1523.92	-213.587	-309.143	4973.45	-0.000298575	554.959
32.3793	-0.99577	4.14395	-0.585468	-3.83672	0.222814	-13.7793	-2.27806	276.986	13.2446	1523	-214.226	-309.599	4973.14	6.59448e-006	553.587
32.3800	-0.391778	12.9969	-1.5012	-12.6838	-0.393201	-12.8571	-3.8054	22.7841	13.2199	1521.43	-215.744	-310.982	4971.62	0.000311811	552.68
32.3807	-0.0816205	19.4012	-1.80894	-18.4614	-0.996109	-10.4069	-4.11604	-289.387	13.1962	1521.33	-217.262	-312.202	4970.55	6.59448e-006	552.215
32.3813	-0.0816205	23.3568	-0.893213	-22.7495	-1.31067	-11.6452	-1.37201	-368.122	13.1657	1522.51	-217.742	-311.893	4970.4	-0.000145967	551.146
32.3820	0.228537	25.4916	-0.285228	-25.5029	-0.694655	-19.8917	0.155322	-299.77	13.1351	1523.27	-216.943	-310.51	4972.23	0.000159203	548.867
32.3827	0.228537	31.5819	-0.893213	-30.3778	0.524268	-32.6962	-0.155322	-98.0582	13.1104	1525.27	-216.064	-309.599	4974.21	0.000616981	547.937
32.3833	-0.685612	40.4349	-0.893213	-36.4714	0.825722	-40.9426	-0.750724	40.7807	13.0858	1527.7	-214.705	-308.834	4974.82	-0.000145967	547.03
32.3840	-1.59976	39.807	-0.585468	-34.35	0.524268	-37.5703	-0.750724	-56.5277	13.0552	1528.18	-214.066	-307.923	4975.74	-0.000756307	544.729
32.3847	-2.53023	28.5053	0.022518	-24.2391	0.524268	-27.2161	-0.465967	-147.203	13.0247	1527.86	-215.025	-308.069	4976.04	0.000311811	543.52
32.3853	-3.44438	20.2802	1.24599	-16.6108	0.222814	-23.8437	-1.06137	-100.769	13.001	1527.86	-215.584	-308.834	4974.98	0.000464373	542.752
32.3860	-3.44438	15.3828	1.54623	-13.9025	-0.393201	-24.1598	-2.5887	-8.9406	12.9763	1528.02	-215.904	-309.29	4974.37	6.59448e-006	541.845
32.3867	-2.82407	7.7856	0.938249	-10.8331	-1.61212	-15.5972	-3.20999	42.9149	12.9458	1528.34	-215.904	-309.29	4974.06	-0.000145967	540.474
32.3873	-1.90992	0.125574	0.630503	-5.95821	-2.52959	0.263466	-3.20999	91.4826	12.9152	1528.34	-216.224	-309.143	4974.06	-0.000145967	539.241
32.3880	-0.99577	-7.47166	0.630503	0.767345	-1.91358	17.0463	-3.8054	166.814	12.8905	1528.34	-217.103	-309.452	4973.6	0.000159203	538.776
32.3887	-0.391778	-16.3246	-0.285228	8.39565	-0.393201	31.695	-2.89935	225.13	12.86	1528.61	-217.422	-309.29	4973.3	-0.000145967	536.963
32.3893	-0.685612	-24.8637	-0.893213	16.024	0.524268	41.1534	-0.155322	249.241	12.8294	1529.85	-216.224	-307.614	4974.82	-0.000451137	535.126
32.3900	-0.391778	-30.954	-1.20096	21.8016	0.825722	43.8935	1.9933	221.15	12.8057	1531.85	-214.705	-305.792	4976.96	0.000159203	534.359
32.3907	0.832529	-34.6585	-1.20096	25.187	1.74319	43.2875	1.68266	140.569	12.7811	1533.04	-214.705	-305.027	4977.26	6.59448e-006	532.987
32.3913	0.228537	-36.1654	-1.20096	27.6244	2.66066	44.5258	-1.06137	27.3986	12.7505	1533.04	-215.265	-305.792	4976.35	-0.000603745	531.778
32.3920	-0.99577	-35.2235	-0.893213	27.9404	2.66066	48.7939	-3.8054	-92.8669	12.7199	1531.96	-216.703	-307.305	4975.28	-0.000603745	530.708
32.3927	-0.685612	-29.1332	-0.893213	23.9682	3.27667	50.928	-4.42668	-151.76	12.6953	1530.61	-218.781	-308.834	4973.91	-0.000451137	529.476
32.3933	-0.0816205	-21.222	-0.893213	19.0933	3.27667	49.3999	-3.8054	-84.6185	12.6706	1530.18	-220.059	-309.908	4972.84	-0.000298575	528.569
32.3940	-0.391778	-16.6386	0.022518	15.1212	2.96211	45.7377	-2.27806	63.1034	12.647	1529.69	-220.618	-310.673	4972.38	-0.000298575	527.337
32.3947	-0.99577	-13.562	0.330264	11.7359	3.57813	39.3355	0.155322	131.456	12.6164	1529.85	-220.459	-310.673	4972.53	6.59448e-006	526.128
32.3953	-0.685612	-9.92036	0.022518	8.98245	4.4956	29.2447	1.68266	137.224	12.5918	1531.04	-220.059	-310.055	4973.3	-0.000145967	524.756
32.3960	-0.685612	-3.20214	-0.285228	2.57286	4.79705	16.4403	1.68266	144.261	12.5612	1531.69	-219.42	-310.364	4973.6	-0.000451137	522.756
32.3967	-0.99577	8.09953	0.330264	-6.545	3.57813	2.7137	2.89935	-32.763	12.5306	1531.96	-219.26	-310.364	4973.75	6.59448e-006	521.245
32.3973	-0.99577	19.0873	0.022518	-15.392	2.35921	-11.935	5.04797	-288.81	12.506	1531.96	-219.739	-310.673	4973.45	0.000464373	520.78
32.3980	-1.59976	25.4916	-0.585468	-20.8989	2.35921	-25.9778	5.04797	-272.602	12.4823	1532.45	-219.739	-311.275	4972.84	-0.000145967	519.571
32.3987	-0.685612	26.1194	-0.585468	-19.9961	2.96211	-34.5404	3.52064	-77.0045	12.4517	1533.2	-219.42	-310.819	4973.75	-0.000298575	517.734
32.3993	0.228537	20.9081	-0.285228	-15.1212	3.27667	-35.4362	2.5887	16.3815	12.4271	1532.61	-220.938	-310.982	4973.6	0.000311811	516.804
32.4000	0.522371	14.5038	-0.585468	-9.61438	2.66066	-32.0902	3.52064	15.4586	12.4024	1531.53	-222.776	-312.202	4971.47	6.59448e-006	516.06
32.4007	0.522371	7.15773	-1.20096	-3.52076	2.35921	-27.822	4.11604	43.5494	12.3659	1531.2	-223.655	-312.495	4970.55	6.59448e-006	514.99
32.4013	1.43652	-3.20214	-1.5012	6.545	2.66066	-23.5539	2.5887	91.4826	12.3413	1531.2	-223.974	-312.04	4971.01	0.000159203	513.758
32.4020	2.05684	-12.9969	-0.893213	16.6108	2.05775	-17.7313	2.30395	163.469	12.3166	1532.88	-223.255	-310.673	4972.08	0.000159203	511.921
32.4027	0.832529	-20.9081	0.022518	23.9682	0.222814	-8.27284	4.11604	298.962	12.2861	1535.04	-221.577	-308.379	4974.52	0.000311811	510.247
32.4033	0.228537	-26.9984	0.022518	29.1591	-1.31067	-1.26464	4.42668	426.265	12.2683	1536.71	-219.58	-306.247	4976.5	0.000311811	509.178
32.4040	0.522371	-27.9402	-0.585468	28.5272	-1.61212	0.869438	4.11604	456.432	12.2437	1537.3	-218.781	-305.336	4976.65	6.59448e-006	507.364
32.4047	0.228537	-19.7151	-0.285228	19.0933	-1.91358	-0.658665	4.73733	392.06	12.2072	1537.2	-220.059	-305.792	4974.98	-0.000298575	505.992
32.4053	-0.391778	-7.7856	0.330264	8.39565	-2.83105	-6.13876	5.64338	322.785	12.1825	1537.2	-221.417	-307.305	4973.91	-0.000298575	505.062
32.4060	-0.391778	2.88821	0.938249	0.135414	-3.44706	-15.3074	6.57531	255.644	12.1648	1537.03	-221.737	-307.777	4974.06	-0.000145967	503.551
32.4067	-0.685612	14.1899	0.630503	-8.71162	-2.83105	-27.822	6.26466	44.1839	12.1342	1536.71	-221.977	-307.923	4974.37	6.59448e-006	502.481
32.4073	-1.59976	23.0429	0.022518	-15.1212	-1.91358	-37.5703	4.11604	-239.031	12.1095	1537.03	-223.095	-308.525	4974.37	-0.000145967	501.551
32.4080	-0.391778	28.5053	0.330264	-17.8746	-1.61212	-40.6265	1.37201	-405.673	12.079	1537.47	-223.415	-308.834	4974.37	6.59448e-006	500.482
32.4087	0.832529	36.1654	0.022518	-24.2391	-1.91358	-43.6827	-0.155322	-425.227	12.0484	1538.11	-222.776	-308.834	4973.91	-0.000145967	499.412
32.4093	0.228537	40.4349	-0.285228	-30.0619	-1.31067	-46.4227	-0.750724	-293.367	12.0237	1539.46	-221.417	-307.777	4975.28	-0.000298575	497.598
32.4100	0.228537	32.2098	0.022518	-23.0203	-0.0786402	-44.2887	-0.750724	-69.679	11.9932	1540.97	-220.459	-306.703	4977.11	6.59448e-006	496.064
32.4107	1.14269	16.0107	0.022518	-10.5171	0.222814	-37.2805	-0.465967	164.103	11.9695	1541.46	-220.459	-307.305	4976.96	6.59448e-006	494.529
32.4113	0.832529	4.39509	-0.585468	-5.32628	-0.0786402	-29.3501	-1.37201	294.405	11.9449	1541.3	-220.618	-307.777	4976.2	-0.000145967	493.018
32.4120	0.832529	-0.125574	-0.285228	-4.10755	-0.0786402	-19.5755	-0.465967	209.845	11.9202	1540.7	-220.778	-308.232	4975.28	-0.000298575	492.251
32.4127	1.14269	-2.57427	0.330264	-1.6701	-0.694655	-7.98302	1.9933	35.5894	11.8956	1539.46	-221.977	-309.452	4973.91	-0.000298575	491.344
32.4133	0.832529	-4.39509	0.022518	0.767345	-1.91358	-1.26464	2.30395	-19.6116	11.8719	1538.38	-223.415	-310.51	4972.69	-0.000298575	489.949
32.4140	0.832529	-7.7856	-0.285228	3.52076	-1.91358	0.869438	1.06137	28.6099	11.8472	1538.38	-223.974	-310.51	4972.23	-0.000298575	489.205
32.4147	0.228537	-11.1133	0.022518	7.4929	-0.996109	3.31967	1.37201	32.2439	11.8167	1538.98	-223.415	-309.745	4972.69	-0.000145967	488.275
32.4153	-0.391778	-12.683	0.330264	9.93034	-0.694655	1.1856	2.30395	-23.3032	11.792	1539.79	-223.095	-309.143	4973.3	0.000159203	486.461
32.4160	-0.685612	-13.2481	0.330264	10.2012	-0.393201	0.263466	2.89935	-78.2159	11.7614	1540.22	-222.936	-308.525	4973.6	0.000159203	484.624
32.4167	-0.99577	-13.8759	0.938249	10.2012	0.222814	4.24181	2.89935	-132.84	11.7368	1540.7	-222.776	-308.069	4974.06	0.000159203	483.392
32.4173	-0.391778	-14.1899	0.938249	10.2012	0.524268	9.7219	1.37201	-196.289	11.7062	1541.46	-223.095	-308.379	4973.75	0.000159203	482.485
32.4180	0.522371	-13.562	0.330264	9.93034	0.524268	19.7863	0.155322	-275.659	11.6885	1541.73	-223.655	-308.834	4973.3	-0.000603745	480.648
32.4187	0.228537	-11.7412	0.630503	9.29841	0.524268	31.089	0.155322	-348.28	11.6638	1541.3	-224.134	-309.143	4973.45	-0.000451137	478.509
32.4193	-0.0816205	-8.97855	0.022518	7.17693	-0.393201	34.435	-0.750724	-459.374	11.6332	1540.7	-225.253	-310.217	4972.84	0.000311811	478.207
32.4200	0.228537	-5.3369	-0.585468	4.10755	-0.694655	29.2447	-1.96742	-587.542	11.6086	1540.22	-226.451	-311.73	4971.47	0.000159203	477.742
32.4207	0.832529	-2.26033	0.330264	2.57286	-0.694655	21.0246	-2.5887	-494.156	11.578	1539.79	-226.931	-312.658	4970.7	6.59448e-006	476.231
32.4213	0.832529	-0.125574	0.330264	2.88883	-0.0786402	14.3062	-3.8054	-277.793	11.5544	1540.06	-226.132	-312.804	4971.16	0.000464373	474.696
32.4220	0.522371	4.70903	0.022518	0.451379	0.222814	7.27167	-6.23878	-199.981	11.5297	1541.62	-224.933	-311.893	4972.69	6.59448e-006	473.022
32.4227	-0.0816205	13.2481	0.022518	-8.71162	-0.393201	0.263466	-8.07676	-81.273	11.505	1543.56	-223.255	-310.217	4974.21	6.59448e-006	471.185
32.4233	0.228537	19.0873	0.022518	-16.024	-2.21503	-5.24298	-8.3874	94.5397	11.4804	1545.56	-221.098	-308.688	4975.59	0.000464373	470.278
32.4240	0.522371	19.4012	0.022518	-16.3399	-2.83105	-11.329	-7.48136	78.6196	11.4567	1546.8	-219.58	-307.614	4976.2	0.000159203	469.511
32.4247	0.522371	16.0107	0.330264	-10.8331	-1.61212	-18.3636	-6.54942	42.9149	11.4262	1546.32	-220.618	-307.923	4975.59	6.59448e-006	467.372
32.4253	0.228537	9.29249	0.330264	-3.52076	-0.996109	-20.1815	-5.64338	132.379	11.3956	1545.4	-222.456	-308.834	4974.52	0.000311811	466
32.4260	0.228537	1.69525	0.330264	2.88883	-1.31067	-14.9912	-5.33273	87.7909	11.3709	1546.05	-222.456	-308.069	4974.21	0.000159203	465.093
32.4267	0.228537	-5.65084	-0.285228	10.5171	-0.694655	-7.98302	-5.33273	-38.2427	11.3463	1546.32	-222.456	-307.305	4974.67	0.000159203	463.256
32.4273	-0.0816205	-14.8177	-0.585468	20.5829	-0.0786402	-1.5808	-5.33273	106.999	11.3157	1546.64	-222.776	-307.305	4974.67	0.000311811	462.35
32.4280	0.228537	-20.5942	0.022518	26.0897	-0.996109	-2.47658	-5.95402	459.489	11.292	1546.8	-223.575	-307.305	4974.06	0.000311811	461.42
32.4287	-0.0816205	-15.1317	0.022518	19.9961	-1.91358	-14.0691	-6.23878	688.715	11.2674	1546.64	-223.815	-306.849	4974.37	-0.000298575	459.281
32.4293	-0.0816205	-0.43951	-0.285228	3.83672	-1.31067	-28.1118	-5.33273	566.603	11.2309	1547.99	-222.456	-305.629	4976.2	-0.000908915	457.606
32.4300	-0.0816205	16.9525	0.022518	-13.9025	-0.996109	-39.7043	-5.02209	205.288	11.2063	1549.83	-221.098	-304.409	4976.81	6.59448e-006	456.537
32.4307	-0.0816205	30.6401	0.022518	-25.187	-0.0786402	-47.9508	-4.42668	-76.37	11.1816	1550.15	-220.618	-304.262	4977.57	0.000311811	454.561
32.4313	0.228537	36.1654	0.330264	-30.0619	1.14028	-50.4011	-3.8054	-365.988	11.1569	1549.99	-220.778	-304.718	4977.88	-0.000603745	452.584
32.4320	1.14269	35.5375	0.630503	-30.9646	1.74319	-51.007	-3.49475	-595.502	11.1333	1549.07	-222.137	-306.849	4975.59	-0.000756307	452.119
32.4327	1.43652	33.7167	0.330264	-28.2112	2.05775	-49.7951	-2.89935	-458.797	11.1086	1547.83	-223.415	-309.143	4973.45	-0.000145967	451.515
32.4333	1.14269	31.5819	0.022518	-24.555	2.35921	-49.1891	-2.5887	-112.709	11.0781	1547.07	-224.134	-310.51	4972.84	-0.000145967	450.143
32.4340	1.14269	28.5053	0.022518	-22.1176	2.05775	-48.873	-2.5887	248.318	11.0475	1546.64	-224.294	-311.893	4971.92	-0.000451137	448.91
32.4347	1.14269	23.0429	0.330264	-18.7774	2.05775	-38.8086	-2.27806	453.087	11.0169	1547.23	-223.415	-311.584	4972.69	-0.000603745	447.236
32.4353	1.14269	12.9969	0.630503	-11.7359	1.44174	-19.8917	-1.37201	473.217	10.9992	1547.99	-222.616	-310.819	4973.91	-0.000451137	445.26
32.4360	1.43652	0.43951	0.330264	-1.6701	1.14028	-2.47658	-1.06137	413.402	10.9686	1548.75	-221.977	-310.673	4973.91	6.59448e-006	444.19
32.4367	1.14269	-7.7856	0.022518	3.52076	1.44174	9.7219	-0.155322	184.869	10.9439	1549.39	-221.258	-310.217	4973.75	0.000159203	443.423
32.4373	1.14269	-9.60642	0.330264	3.20479	1.14028	21.6306	0.465967	-29.9943	10.9193	1549.83	-220.778	-309.908	4973.6	6.59448e-006	442.354
32.4380	1.14269	-9.92036	0.630503	1.98607	0.825722	32.301	-1.37201	-3.11479	10.8887	1550.42	-220.059	-309.29	4973.75	-0.000451137	440.215
32.4387	0.832529	-14.5038	0.330264	7.17693	1.44174	39.9415	-3.49475	99.3849	10.8641	1549.83	-220.059	-309.143	4973.91	-0.000145967	438.378
32.4393	1.43652	-22.415	0.022518	17.8746	1.74319	48.4778	-4.11604	122.919	10.8404	1548.91	-221.258	-310.217	4972.08	0.000311811	437.936
32.4400	2.05684	-31.5819	0.022518	27.6244	1.74319	56.7243	-4.11604	115.247	10.8029	1548.64	-222.137	-311.275	4969.94	-0.000145967	436.866
32.4407	2.05684	-41.3767	0.330264	34.35	1.14028	60.3864	-4.11604	80.7538	10.7793	1548.64	-222.456	-311.128	4969.79	-0.000145967	435.797
32.4413	1.74668	-46.5252	0.330264	38.0061	0.524268	61.3086	-3.49475	-41.8766	10.7546	1548.75	-222.616	-310.055	4971.01	-0.000451137	433.96
32.4420	1.74668	-47.1531	0.630503	38.0061	0.825722	56.7243	-1.96742	-201.481	10.724	1549.99	-222.137	-308.525	4972.38	-0.000451137	431.519
32.4427	1.74668	-45.6462	0.630503	35.8395	1.14028	45.1318	-1.37201	-258.585	10.6935	1552.42	-221.258	-306.703	4974.37	0.000464373	430.751
32.4433	1.14269	-41.0627	0.330264	33.4021	0.524268	31.695	-1.06137	-215.267	10.6747	1554.85	-220.618	-305.792	4975.89	0.000464373	430.286
32.4440	0.832529	-34.9724	0.330264	29.4299	0.222814	24.3706	0.776611	-230.783	10.6452	1555.01	-220.618	-305.938	4975.74	-0.000298575	428.008
32.4447	0.522371	-29.7611	0.022518	24.871	0.825722	27.1107	2.30395	-259.508	10.6146	1554.09	-221.577	-307.305	4974.98	-0.000145967	425.729
32.4453	-0.0816205	-21.222	0.938249	17.2427	0.825722	31.3788	3.20999	-133.475	10.584	1553.33	-222.296	-308.997	4973.91	0.000311811	424.66
32.4460	-0.391778	-1.38132	1.54623	0.135414	-0.393201	22.8425	4.42668	92.0594	10.5594	1553.82	-222.296	-309.745	4973.75	6.59448e-006	423.729
32.4467	0.228537	23.3568	1.24599	-21.2148	-0.694655	3.31967	6.26466	310.268	10.5347	1554.41	-221.258	-309.745	4974.37	0.000159203	422.52
32.4473	0.228537	39.2419	1.24599	-35.2527	0.524268	-15.5972	7.792	332.533	10.5041	1554.58	-219.58	-309.908	4974.82	0.000159203	421.149
32.4480	0.522371	44.3905	1.24599	-40.1276	0.825722	-28.1118	9.31934	89.0023	10.4795	1554.85	-218.781	-310.364	4974.37	6.59448e-006	420.381
32.4487	0.522371	42.2557	0.630503	-37.6902	1.14028	-33.3021	12.9694	-55.3164	10.4558	1555.49	-218.221	-310.364	4973.91	6.59448e-006	419.312
32.4493	-0.0816205	36.1654	0.330264	-31.5966	2.05775	-32.0902	14.4967	-2.53798	10.4252	1556.84	-215.744	-308.997	4975.59	6.59448e-006	417.475
32.4500	0.522371	28.5053	-0.285228	-23.3363	2.35921	-26.2939	12.6588	-101.115	10.4006	1558.35	-212.868	-307.158	4977.42	-0.000298575	415.336
32.4507	1.43652	19.9663	-0.285228	-14.8052	2.05775	-22.9216	10.2254	-244.223	10.3819	1558.68	-211.829	-306.849	4976.65	-0.000603745	413.359
32.4513	1.14269	12.0551	-0.285228	-7.76372	1.44174	-24.7658	8.10264	-100.769	10.3513	1558.08	-212.388	-307.923	4975.89	-0.000603745	411.988
32.4520	1.14269	5.02297	-0.585468	-1.35414	-0.0786402	-23.2377	5.95402	76.8315	10.3207	1556.57	-213.587	-308.834	4975.13	-0.000145967	410.616
32.4527	1.74668	-5.3369	-0.285228	8.07969	-0.996109	-18.9696	5.04797	-7.44089	10.2971	1555.76	-214.386	-309.745	4973.45	-0.000145967	410.151
32.4533	1.74668	-18.1455	0.022518	20.5829	-0.0786402	-15.5972	3.20999	-176.159	10.2724	1555.76	-214.546	-310.51	4972.53	-0.000451137	409.709
32.4540	1.14269	-28.2542	-0.585468	29.4299	0.222814	-6.74473	-0.155322	-175.87	10.2477	1555.93	-215.185	-310.217	4972.99	-0.000145967	408.314
32.4547	0.832529	-30.954	-0.585468	29.4299	-0.694655	4.24181	-1.96742	-217.689	10.2231	1556.57	-214.865	-309.599	4973.14	0.000311811	406.942
32.4553	0.228537	-23.0429	0.330264	21.5308	-0.393201	2.39754	-2.89935	-375.448	10.1925	1557	-213.587	-309.452	4973.3	6.59448e-006	405.57
32.4560	-0.0816205	-11.7412	0.630503	11.7359	-0.694655	-7.06089	-4.42668	-286.965	10.1629	1557.6	-213.507	-309.143	4973.6	6.59448e-006	404.198
32.4567	0.228537	-0.43951	0.630503	-0.135414	-1.61212	-11.329	-5.95402	-131.917	10.1383	1558.08	-213.747	-308.688	4973.91	6.59448e-006	402.827
32.4573	-0.0816205	13.2481	0.630503	-15.708	-1.91358	-10.1171	-5.95402	-114.555	10.1136	1557.92	-213.906	-309.143	4974.06	-0.000145967	400.85
32.4580	0.832529	24.2358	0.330264	-27.9404	-2.21503	-5.24298	-5.33273	-76.0816	10.089	1558.68	-214.546	-310.364	4973.45	0.000159203	399.478
32.4587	1.43652	29.4471	0.330264	-33.1312	-2.52959	1.1856	-4.73733	-33.0514	10.0653	1559.43	-214.705	-310.819	4973.45	-0.000145967	398.107
32.4593	1.43652	33.0888	0.630503	-36.1555	-2.52959	0.579626	-3.8054	75.9086	10.0347	1557.92	-215.425	-311.73	4973.14	6.59448e-006	396.27
32.4600	0.832529	35.5375	0.330264	-36.7874	-1.91358	-10.7231	-2.89935	288.58	10.0101	1557	-217.262	-313.715	4971.01	0.000311811	395.968
32.4607	0.522371	33.4027	0.022518	-31.5966	-0.694655	-24.1598	-1.68266	429.899	9.98544	1557.33	-217.742	-314.936	4969.33	-0.000451137	395.2
32.4613	0.522371	22.7289	0.330264	-19.3642	0.222814	-26.8999	-0.750724	429.264	9.95487	1557.33	-217.103	-314.171	4970.4	-0.000603745	392.922
32.4620	0.228537	5.96477	0.330264	-3.52076	0.825722	-17.4415	-1.96742	414.959	9.9243	1559	-216.064	-312.04	4972.99	0.000311811	391.224
32.4627	-0.685612	-7.15773	0.330264	7.76372	1.74319	-3.39871	-3.8054	414.671	9.89965	1561.27	-214.066	-309.908	4974.67	0.000616981	390.015
32.4633	-1.59976	-13.8759	0.330264	12.0518	1.74319	6.05972	-4.73733	388.08	9.8819	1562.78	-212.708	-308.379	4975.89	0.000464373	388.481
32.4640	-1.90992	-16.6386	0.938249	12.9546	2.05775	10.9338	-5.64338	304.788	9.85133	1563.7	-212.548	-307.467	4976.2	0.000616981	387.109
32.4647	-0.99577	-15.1317	0.938249	11.465	2.05775	18.2582	-6.23878	120.439	9.82076	1564.02	-213.027	-307.158	4975.74	6.59448e-006	385.9
32.4653	-0.0816205	-12.9969	0.630503	9.93034	1.44174	28.0328	-6.54942	-45.8566	9.7961	1563.43	-213.507	-307.614	4975.13	-0.000145967	384.667
32.4660	0.228537	-12.9969	0.630503	10.8331	1.14028	35.041	-6.23878	-173.102	9.77145	1562.51	-214.386	-307.923	4974.52	6.59448e-006	382.528
32.4667	0.832529	-13.562	0.022518	11.7359	1.14028	34.7512	-7.48136	-269.256	9.74778	1561.92	-215.584	-308.232	4973.91	0.000159203	380.552
32.4673	0.832529	-13.8759	-0.893213	10.8331	1.74319	30.1669	-10.536	-196.289	9.71721	1562.35	-216.064	-308.232	4973.6	0.000464373	379.948
32.4680	1.14269	-13.2481	-1.20096	10.2012	2.05775	24.3706	-13.2801	-80.0617	9.69256	1562.94	-215.744	-308.232	4973.14	6.59448e-006	379.18
32.4687	2.05684	-13.8759	-1.20096	10.8331	2.05775	21.0246	-13.2801	-85.253	9.66199	1563.86	-215.025	-307.777	4973.6	-0.000603745	377.808
32.4693	2.36699	-16.9525	-0.893213	12.6838	1.74319	24.0545	-9.91474	-114.209	9.63734	1565.42	-214.226	-306.849	4975.13	-0.000603745	376.274
32.4700	1.43652	-19.9663	0.022518	14.8052	0.825722	30.1669	-5.95402	-70.8903	9.61367	1566.94	-213.747	-306.084	4975.89	-0.000603745	374.762
32.4707	0.832529	-21.222	-0.285228	16.6108	0.524268	33.5392	-2.89935	59.7002	9.58902	1568.02	-213.507	-305.336	4976.96	0.000159203	373.832
32.4713	0.228537	-23.0429	-1.20096	19.3642	-0.0786402	35.3572	-0.465967	176.274	9.55845	1568.12	-213.587	-305.482	4977.26	0.000769543	373.391
32.4720	0.228537	-22.415	-0.585468	21.2148	-0.393201	35.6733	1.9933	166.526	9.5338	1566.61	-215.185	-307.614	4975.28	-0.000298575	371.693
32.4727	0.522371	-17.2664	0.630503	19.0933	-0.694655	29.2447	3.52064	143.973	9.50323	1565.1	-216.224	-309.908	4973.6	-0.000908915	370.019
32.4733	-0.685612	-11.4272	0.630503	13.9025	-1.61212	17.3624	4.11604	192.483	9.47266	1564.78	-216.383	-310.819	4973.14	-0.000756307	369.112
32.4740	-0.99577	-2.88821	0.630503	5.05545	-1.91358	6.98185	5.95402	173.563	9.448	1564.51	-216.703	-311.584	4972.53	-0.000451137	368.043
32.4747	0.228537	9.29249	0.330264	-6.27417	-1.61212	-1.26464	7.792	-133.475	9.42434	1565.26	-216.703	-311.438	4972.84	-0.000145967	367.136
32.4753	0.522371	16.9525	0.330264	-14.8052	-1.31067	-6.13876	9.91474	-544.223	9.39377	1566.02	-215.584	-310.364	4973.45	-0.000298575	365.602
32.4760	0.832529	19.0873	0.330264	-18.4614	-1.31067	-11.0392	12.6588	-524.669	9.36911	1566.77	-214.226	-309.745	4973.6	-0.000298575	363.927
32.4767	0.522371	19.4012	-0.285228	-18.7774	-1.61212	-20.7875	13.9013	-112.421	9.34446	1567.37	-213.587	-309.143	4974.21	-0.000145967	362.556
32.4773	-0.685612	17.8315	0.022518	-16.6108	-1.61212	-34.8302	12.9694	254.721	9.31389	1566.77	-214.226	-309.143	4974.37	0.000159203	360.417
32.4780	-0.391778	16.6386	0.022518	-14.1733	-0.996109	-46.7389	12.6588	398.174	9.28924	1566.45	-214.386	-309.29	4973.75	0.000311811	359.184
32.4787	0.522371	15.6968	-0.285228	-11.7359	0.524268	-49.7951	12.9694	293.771	9.26557	1567.21	-213.747	-309.452	4973.14	0.000159203	358.58
32.4793	0.228537	13.8759	-0.285228	-8.39565	1.44174	-41.8648	12.0634	50.5865	9.235	1566.94	-214.705	-309.908	4972.38	0.000159203	357.673
32.4800	0.522371	11.4272	-0.893213	-6.545	0.524268	-32.38	9.91474	-72.39	9.21035	1566.02	-216.383	-310.819	4971.16	0.000311811	356.441
32.4807	0.522371	9.60642	-1.5012	-5.95821	-0.0786402	-31.774	7.48136	-48.9137	9.1857	1565.86	-216.943	-311.438	4970.4	0.000464373	355.534
32.4813	0.522371	8.41347	-0.893213	-5.95821	-0.0786402	-34.2243	5.64338	-84.9069	9.14921	1566.94	-216.383	-310.982	4971.47	0.000311811	354.464
32.4820	0.832529	8.41347	-0.285228	-7.4929	-0.393201	-26.5837	5.04797	-267.122	9.12456	1568.77	-214.865	-309.29	4973.6	6.59448e-006	352.325
32.4827	0.832529	8.97855	-0.585468	-8.39565	0.222814	-15.3074	4.73733	-300.404	9.10089	1569.96	-213.507	-307.923	4975.28	0.000464373	350.186
32.4833	0.832529	9.60642	-0.585468	-6.545	1.74319	-13.4631	5.04797	11.1902	9.08215	1571.52	-212.069	-307.467	4976.04	0.000616981	349.116
32.4840	0.832529	8.97855	-0.585468	-4.73948	2.35921	-15.3074	5.04797	140.915	9.0575	1572.12	-211.669	-307.305	4975.43	0.000159203	347.745
32.4847	1.14269	5.3369	-0.893213	-0.451379	2.05775	-10.1171	3.83128	-106.883	9.02102	1571.52	-211.909	-307.614	4974.98	-0.000298575	345.768
32.4853	0.832529	-2.88821	-0.585468	7.4929	2.35921	-2.18677	2.89935	-290.598	8.99636	1570.88	-212.228	-308.997	4974.98	-0.000145967	344.699
32.4860	0.228537	-8.41347	-0.285228	12.0518	1.74319	-1.5808	2.89935	-291.81	8.96579	1571.2	-213.027	-309.908	4974.21	0.000922151	344.396
32.4867	-0.0816205	-6.59264	0.022518	8.98245	0.222814	-8.589	2.30395	-284.83	8.93522	1571.96	-213.027	-310.217	4973.6	0.000769543	343.327
32.4873	-0.0816205	-2.57427	0.330264	4.10755	0.222814	-15.9134	1.37201	-256.451	8.91156	1572.12	-212.388	-309.745	4974.67	0.000311811	341.653
32.4880	-0.0816205	-2.00919	-0.285228	3.52076	-0.393201	-18.9696	-0.465967	-140.166	8.8869	1572.28	-212.388	-309.143	4974.98	0.000311811	340.723
32.4887	-0.391778	-3.51608	-0.893213	4.10755	-0.393201	-18.9696	-2.5887	-130.994	8.85633	1573.04	-212.228	-309.143	4974.21	6.59448e-006	340.118
32.4893	0.228537	-2.00919	-0.285228	1.35414	0.825722	-17.1253	-1.06137	-185.042	8.83168	1574.55	-211.03	-307.777	4975.43	6.59448e-006	338.444
32.4900	0.522371	1.69525	-0.585468	-2.57286	1.14028	-11.329	0.776611	-37.3198	8.80703	1575.46	-210.151	-306.394	4976.5	-0.000145967	336.003
32.4907	0.522371	-0.43951	-0.585468	-3.52076	1.74319	3.00351	1.06137	162.892	8.77744	1575.79	-210.231	-306.247	4976.65	-0.000145967	334.166
32.4913	0.228537	-5.96477	-0.285228	1.08331	2.35921	21.3144	1.06137	184.523	8.74687	1575.63	-210.87	-306.394	4976.35	0.000159203	333.259
32.4920	-0.0816205	-13.8759	-0.585468	10.5171	2.05775	34.435	1.37201	125.053	8.72222	1574.71	-212.069	-307.305	4974.52	-0.000298575	332.631
32.4927	-0.391778	-23.3568	-0.285228	19.6801	1.74319	41.7594	1.06137	141.204	8.69757	1573.63	-213.906	-308.688	4972.53	-0.000145967	331.887
32.4933	-0.391778	-27.3124	0.330264	23.3363	1.44174	40.8636	0.776611	208.979	8.667	1573.63	-215.025	-309.745	4971.77	-0.000145967	330.957
32.4940	0.228537	-25.4916	0.630503	22.7495	0.825722	33.5392	1.68266	254.432	8.64235	1573.63	-214.705	-309.452	4972.53	-0.000756307	329.585
32.4947	-0.0816205	-23.0429	0.022518	19.0933	0.524268	25.2928	2.5887	298.385	8.61178	1573.79	-214.705	-308.688	4973.45	-0.000451137	328.074
32.4953	-0.99577	-18.1455	-0.585468	12.3678	0.524268	15.8343	2.5887	374.063	8.58811	1574.71	-215.185	-308.834	4973.3	0.000159203	327.005
32.4960	-0.99577	-8.09953	0.022518	3.83672	1.14028	2.7137	1.06137	427.765	8.55754	1575.46	-215.584	-308.997	4973.14	6.59448e-006	325.935
32.4967	-0.391778	6.84379	0.022518	-7.17693	1.44174	-12.8571	-1.96742	282.177	8.52697	1575.63	-216.543	-309.452	4973.3	-0.000603745	324.238
32.4973	-0.391778	23.6707	-0.285228	-21.2148	1.14028	-25.688	-4.73733	-85.253	8.50232	1575.46	-217.262	-310.364	4972.99	-0.000298575	322.564
32.4980	-0.391778	34.0306	-0.285228	-30.3778	1.14028	-32.6962	-6.23878	-370.891	8.47766	1576.38	-216.543	-310.217	4973.45	6.59448e-006	321.657
32.4987	-0.391778	33.4027	-0.585468	-29.4299	-0.0786402	-32.6962	-7.17071	-386.119	8.44709	1576.54	-216.224	-310.217	4973.75	-0.000298575	320.587
32.4993	-0.391778	26.6845	-1.20096	-23.3363	-1.61212	-27.822	-9.00869	-226.514	8.41652	1575.3	-217.582	-312.202	4972.23	6.59448e-006	319.355
32.5000	-0.391778	21.536	-2.41693	-17.5587	-1.91358	-24.1598	-9.29345	-160.296	8.39286	1574.71	-218.541	-313.26	4970.55	0.000311811	318.611
32.5007	-0.391778	16.3246	-3.33266	-12.0518	-1.61212	-25.688	-8.3874	-282.696	8.3682	1575.03	-218.541	-313.113	4970.7	-0.000145967	317.379
32.5013	-0.0816205	7.15773	-3.64041	-3.83672	-1.61212	-23.2377	-9.60409	-311.364	8.33763	1575.46	-218.221	-312.349	4971.77	6.59448e-006	315.704
32.5020	0.228537	-5.65084	-3.64041	7.76372	-1.31067	-8.589	-9.60409	-167.622	8.30707	1576.71	-217.262	-310.819	4973.14	0.000311811	314.333
32.5027	0.228537	-18.1455	-3.64041	17.5587	-0.694655	6.98185	-7.76611	-43.7224	8.28241	1579.13	-215.265	-308.688	4974.82	0.000159203	313.263
32.5033	-0.0816205	-22.7289	-3.94815	20.5829	-0.996109	11.5662	-6.54942	17.9389	8.25184	1581.4	-214.066	-307.012	4976.2	0.000311811	312.496
32.5040	0.522371	-18.1455	-4.55614	16.9267	-1.91358	13.0679	-5.64338	102.442	8.22719	1581.4	-214.865	-306.247	4976.2	-0.000145967	310.519
32.5047	2.05684	-13.8759	-5.16412	14.4893	-2.52959	18.5744	-3.8054	152.221	8.20352	1580.65	-216.064	-306.556	4975.43	-0.000756307	308.38
32.5053	2.36699	-11.7412	-4.55614	13.5865	-2.21503	22.8425	-1.68266	181.177	8.17295	1580.81	-217.103	-306.703	4974.98	-0.000145967	307.613
32.5060	1.14269	-7.7856	-3.33266	9.61438	-1.61212	19.1803	-0.465967	293.194	8.14238	1580.65	-218.221	-306.703	4974.52	0.000311811	306.846
32.5067	-0.0816205	-1.69525	-1.80894	3.52076	-1.61212	7.27167	-0.155322	332.244	8.11181	1581.13	-218.621	-306.703	4974.37	6.59448e-006	305.637
32.5073	-1.59976	4.70903	1.24599	-0.767345	-2.83105	-5.24298	1.9933	271.506	8.08124	1581.4	-218.94	-307.158	4974.21	-0.000145967	304.404
32.5080	-2.22008	6.52986	5.20916	-0.767345	-2.83105	-11.6452	3.52064	134.801	8.06251	1581.4	-219.42	-307.777	4974.21	-0.000145967	303.498
32.5087	-2.22008	4.70903	6.12489	0.135414	-1.61212	-14.7014	4.11604	-100.769	8.03884	1582.32	-219.26	-307.923	4974.37	-0.000145967	302.428
32.5093	-2.22008	2.00919	5.20916	2.30203	-1.61212	-14.9912	5.04797	-150.837	8.00827	1583.88	-217.742	-307.012	4975.43	-0.000298575	300.893
32.5100	-1.90992	-1.06738	4.29343	5.05545	-2.21503	-13.7793	6.57531	59.4117	7.9777	1584.8	-216.383	-306.394	4976.96	6.59448e-006	298.778
32.5107	-1.90992	-1.38132	3.3777	3.83672	-1.31067	-16.2295	7.48136	263.257	7.95305	1584.91	-216.703	-306.849	4977.42	0.000464373	297.08
32.5113	-2.22008	2.00919	2.46197	0.135414	-0.694655	-23.5539	8.10264	340.781	7.9284	1584.64	-216.943	-307.923	4976.35	6.59448e-006	296.941
32.5120	-1.90992	8.09953	1.24599	-5.05545	0.222814	-31.168	7.48136	211.114	7.89783	1584.15	-217.262	-308.997	4973.91	-0.00106152	296.011
32.5127	-1.30593	14.1899	0.630503	-12.9546	1.74319	-31.774	4.42668	-46.145	7.86726	1582.48	-218.621	-310.51	4972.38	-0.00106152	293.895
32.5133	-0.685612	18.7733	0.938249	-18.1454	2.05775	-28.428	1.06137	-156.951	7.83669	1580.97	-220.219	-311.73	4972.08	-0.000145967	292.5
32.5140	-0.391778	20.5942	0.938249	-19.6801	0.222814	-23.8437	0.155322	-160.931	7.81894	1581.29	-220.459	-311.893	4971.62	6.59448e-006	292.058
32.5147	0.228537	17.2664	0.330264	-18.1454	-0.393201	-14.7014	0.465967	-178.927	7.79428	1582.81	-218.621	-310.364	4972.53	-0.000451137	291.128
32.5153	-0.0816205	11.7412	0.330264	-14.4893	-0.393201	-3.39871	0.465967	-142.588	7.76371	1583.56	-217.422	-308.688	4974.06	-0.000145967	289.919
32.5160	-0.391778	5.65084	0.330264	-9.29841	-0.393201	4.84778	-0.750724	-25.4375	7.73314	1584.15	-216.863	-307.923	4973.75	0.000159203	288.849
32.5167	0.228537	-1.69525	-0.285228	-3.52076	0.524268	14.3062	-1.37201	84.7338	7.70849	1584.91	-216.543	-307.614	4973.75	6.59448e-006	287.478
32.5173	0.228537	-7.47166	0.022518	0.135414	0.524268	28.9549	-1.37201	85.3683	7.67792	1584.64	-216.943	-307.614	4973.75	-0.000145967	285.943
32.5180	-0.0816205	-12.0551	0.330264	2.30203	0.524268	41.7594	-0.750724	-12.2861	7.65425	1584.91	-217.582	-307.923	4972.69	0.000159203	285.338
32.5187	0.228537	-16.0107	0.938249	5.95821	0.825722	49.0837	-0.155322	-99.2695	7.62368	1585.07	-217.422	-307.923	4972.38	0.000464373	284.571
32.5193	0.522371	-19.9663	0.938249	11.7359	0.825722	51.534	0.465967	-127.649	7.59311	1583.99	-217.742	-308.525	4971.77	0.000159203	283.06
32.5200	0.832529	-27.3124	0.630503	19.9961	0.222814	53.9842	0.465967	-147.491	7.56846	1583.24	-219.739	-309.908	4970.86	-0.000145967	281.99
32.5207	1.14269	-36.1654	0.022518	29.1591	0.524268	60.6763	-0.155322	-96.8469	7.53789	1583.4	-221.098	-310.364	4970.7	0.000311811	280.921
32.5213	0.228537	-39.807	-0.285228	33.1312	0.524268	60.6763	-0.750724	74.6973	7.50732	1584.48	-220.059	-309.908	4971.62	0.000311811	279.386
32.5220	0.228537	-36.4793	0.330264	30.3778	0.524268	44.8156	-0.750724	261.123	7.47675	1586.31	-218.381	-309.29	4973.45	6.59448e-006	278.177
32.5227	0.522371	-31.268	0.330264	26.7217	0.524268	24.3706	0.465967	389.003	7.44618	1588.15	-216.863	-308.688	4974.98	0.000311811	277.108
32.5233	0.522371	-25.4916	0.938249	22.7495	0.524268	7.27167	1.68266	425.919	7.42153	1589.66	-215.185	-307.923	4975.43	0.000311811	275.573
32.5240	1.14269	-10.5482	1.24599	9.29841	1.44174	-9.51113	1.68266	380.177	7.40378	1589.82	-214.865	-308.688	4975.43	-0.000145967	273.736
32.5247	1.43652	12.0551	0.630503	-10.2012	1.44174	-23.8437	1.37201	80.4654	7.37321	1589.07	-214.865	-310.217	4975.13	-0.000451137	272.364
32.5253	1.14269	29.7611	0.022518	-24.2391	1.14028	-33.6183	1.37201	-556.452	7.33672	1589.07	-213.906	-310.364	4974.82	0.000311811	271.76
32.5260	1.14269	39.2419	0.022518	-32.1833	0.825722	-43.0767	0.465967	-1021.54	7.31799	1589.34	-212.868	-310.364	4974.82	0.000464373	271.155
32.5267	0.832529	47.467	0.630503	-38.277	1.44174	-57.4093	0.465967	-945.224	7.30024	1589.5	-212.708	-310.819	4974.21	-0.000145967	270.527
32.5273	0.832529	55.0643	0.630503	-43.4678	2.05775	-73.9023	0.776611	-507.884	7.26375	1589.98	-212.069	-310.51	4974.37	-0.000298575	269.318
32.5280	1.43652	58.1408	0.022518	-45.3185	2.35921	-83.6505	1.37201	20.996	7.2391	1589.82	-211.829	-310.055	4974.52	-0.000298575	267.342
32.5287	1.74668	56.0061	0.022518	-42.5651	2.05775	-87.0229	0.776611	359.124	7.21445	1590.58	-211.03	-309.452	4974.37	-0.000298575	266.575
32.5293	2.36699	48.346	0.022518	-34.35	1.44174	-85.7846	-0.465967	318.805	7.17796	1592.25	-209.831	-308.069	4975.74	-0.000145967	265.645
32.5300	2.97098	34.6585	-0.585468	-22.4336	1.44174	-75.4304	-0.155322	162.258	7.14739	1593.49	-209.032	-307.012	4976.5	-0.000451137	264.133
32.5307	2.36699	17.8315	-0.285228	-9.93034	2.05775	-55.8812	0.465967	173.563	7.12274	1594.09	-208.872	-306.247	4976.5	-0.000603745	262.901
32.5313	2.05684	4.39509	0.630503	-2.57286	1.74319	-38.4924	0.155322	207.134	7.09808	1593.49	-209.512	-305.938	4976.2	-0.000298575	261.994
32.5320	1.74668	-2.88821	0.330264	-0.135414	0.825722	-23.8437	-0.750724	163.18	7.07442	1592.25	-211.03	-307.614	4974.67	-0.000145967	261.529
32.5327	1.74668	-11.7412	0.330264	6.27417	0.524268	-6.13876	-2.27806	98.1736	7.04976	1591.17	-212.708	-309.143	4973.14	-0.000298575	260.622
32.5333	1.74668	-18.7733	0.022518	12.9546	0.825722	5.45375	-5.02209	12.7476	7.02511	1590.9	-213.747	-309.599	4972.08	-0.000451137	259.251
32.5340	2.05684	-21.536	-0.285228	16.3399	1.74319	13.0679	-5.64338	-41.0114	6.99454	1590.58	-214.386	-310.51	4971.77	-0.000603745	258.018
32.5347	2.36699	-28.5053	-0.285228	22.4336	2.35921	28.349	-4.73733	-45.8566	6.96989	1590.9	-214.386	-310.673	4972.53	-0.000298575	256.809
32.5353	2.36699	-38.3001	0.022518	30.0619	2.96211	44.2096	-4.11604	-84.6185	6.9403	1591.66	-213.906	-310.055	4973.3	6.59448e-006	255.879
32.5360	1.14269	-43.5114	0.022518	34.6208	2.66066	50.6119	-2.89935	-135.609	6.90973	1592.84	-213.027	-309.599	4973.75	0.000159203	254.67
32.5367	0.228537	-43.1975	-0.285228	34.35	1.74319	50.6119	-0.750724	-124.015	6.88508	1593.65	-212.548	-309.452	4973.75	6.59448e-006	253.763
32.5373	0.522371	-39.807	0.022518	31.9125	0.825722	55.5123	1.9933	-52.6054	6.86043	1593.33	-212.868	-309.599	4973.91	-0.000145967	252.392
32.5380	0.832529	-33.7167	0.022518	25.7738	-0.393201	64.0486	4.73733	43.8378	6.82986	1592.84	-213.027	-309.599	4974.21	0.000311811	250.392
32.5387	0.832529	-23.9847	-0.585468	14.8052	-0.996109	63.4427	5.64338	136.013	6.80521	1592.84	-213.906	-310.364	4973.14	0.000922151	249.787
32.5393	0.832529	-13.2481	-0.585468	6.86097	-0.996109	55.8021	5.64338	210.191	6.78154	1592.84	-215.425	-312.04	4971.31	0.000159203	249.485
32.5400	0.522371	0.125574	-0.285228	-0.451379	-0.694655	42.0755	5.64338	170.794	6.75689	1591.93	-216.224	-312.495	4970.7	-0.000298575	248.253
32.5407	0.832529	17.5176	-0.285228	-12.6838	-0.996109	19.4965	4.73733	-40.6653	6.73223	1592.09	-215.744	-311.893	4971.16	0.000311811	247.648
32.5413	1.43652	30.954	-0.585468	-23.0203	-0.996109	-2.47658	-0.465967	-241.8	6.70166	1593.33	-214.705	-310.982	4972.08	0.000311811	246.579
32.5420	2.05684	33.0888	-0.893213	-25.5029	-0.393201	-17.4415	-5.33273	-261.296	6.67701	1594.84	-212.708	-309.452	4973.6	6.59448e-006	244.602
32.5427	2.36699	29.4471	-0.893213	-24.555	0.524268	-26.2939	-6.54942	-160.296	6.64644	1597	-210.71	-307.467	4975.13	0.000464373	243.998
32.5433	1.43652	24.5497	-0.585468	-22.4336	-0.393201	-28.1118	-7.48136	-115.766	6.62277	1598.67	-209.192	-306.084	4976.2	0.000769543	243.533
32.5440	0.522371	16.0107	-0.285228	-17.8746	-2.83105	-23.5539	-9.29345	-123.092	6.5922	1598.84	-208.713	-306.703	4975.59	6.59448e-006	241.696
32.5447	0.228537	8.09953	0.022518	-11.7359	-3.44706	-19.5755	-9.29345	2.36493	6.56755	1597.92	-209.352	-308.379	4974.06	-0.000298575	240.324
32.5453	-0.685612	4.14395	0.330264	-6.86097	-3.1325	-16.8355	-8.69805	198.597	6.5429	1597.59	-209.671	-308.997	4974.21	6.59448e-006	239.255
32.5460	-0.99577	-1.69525	0.630503	-1.6701	-3.74852	-5.24298	-8.07676	288.003	6.51233	1597.76	-209.512	-308.997	4974.21	6.59448e-006	238.185
32.5467	-1.30593	-12.0551	0.630503	6.27417	-4.66598	14.3062	-8.69805	276.986	6.48176	1597.76	-209.192	-309.29	4973.91	0.000159203	237.278
32.5473	-0.99577	-21.536	0.330264	13.9025	-4.66598	27.7166	-10.536	231.533	6.45809	1598.03	-208.872	-309.452	4974.67	0.000159203	236.348
32.5480	-0.0816205	-26.6845	-0.285228	18.4614	-3.74852	33.5392	-12.3481	154.009	6.43344	1598.67	-208.872	-309.745	4974.37	-0.000298575	235.441
32.5487	0.228537	-28.2542	-0.585468	21.5308	-3.1325	33.2231	-11.7527	58.4888	6.40879	1599.11	-208.553	-309.599	4974.21	-0.000298575	234.232
32.5493	-0.0816205	-29.4471	-0.585468	24.2842	-2.52959	26.2149	-8.3874	-3.11479	6.37822	1600.19	-206.795	-308.232	4976.2	0.000311811	233.465
32.5500	0.228537	-31.5819	-0.285228	28.5272	-1.61212	24.3706	-4.73733	-43.7224	6.35356	1601.86	-204.957	-307.305	4977.11	-0.000145967	231.93
32.5507	0.522371	-35.2235	-0.285228	33.4021	-1.61212	30.1669	-2.89935	-74.5242	6.32299	1602.45	-204.637	-307.305	4976.65	-0.000756307	230.256
32.5513	0.522371	-36.1654	-0.585468	33.1312	-1.31067	32.0111	-1.96742	-65.699	6.29242	1601.86	-205.676	-307.614	4976.04	-0.000145967	229.954
32.5520	0.832529	-30.7029	-0.285228	27.9404	-0.393201	26.2149	1.06137	-39.454	6.26876	1600.67	-207.035	-308.997	4974.52	6.59448e-006	229.791
32.5527	0.832529	-21.536	-0.285228	21.8016	0.524268	15.8343	2.89935	42.6265	6.23819	1599.59	-208.553	-310.364	4972.53	-0.000756307	229.187
32.5533	0.832529	-5.3369	0.330264	8.39565	0.524268	-0.342506	1.9933	127.764	6.21353	1599.27	-209.671	-310.51	4971.62	-0.000298575	227.978
32.5540	0.228537	16.6386	0.630503	-12.0518	0.222814	-24.4497	2.89935	-41.5882	6.1948	1599.27	-210.151	-310.055	4972.08	0.000159203	226.745
32.5547	-0.0816205	37.9862	0.630503	-30.3778	1.14028	-49.1891	5.33273	-152.048	6.16423	1599.75	-210.391	-309.908	4972.53	6.59448e-006	225.839
32.5553	0.228537	58.7687	0.630503	-46.8532	1.74319	-72.9801	6.26466	70.7173	6.12774	1600.78	-210.151	-308.997	4972.99	-0.000145967	224.769
32.5560	-0.0816205	71.5773	0.938249	-57.5057	1.44174	-92.8191	5.95402	198.597	6.09717	1601.59	-209.352	-308.232	4973.14	-0.000145967	223.7
32.5567	-0.391778	71.5773	0.630503	-57.5057	1.14028	-101.066	5.04797	160.758	6.07351	1601.7	-209.352	-308.525	4972.84	0.000159203	222.77
32.5573	0.228537	65.4869	0.630503	-51.4121	1.44174	-97.0873	3.52064	55.1433	6.04294	1601.86	-209.192	-308.379	4973.45	0.000464373	221.863
32.5580	0.522371	52.0505	0.330264	-38.9089	1.44174	-84.8888	2.30395	-81.5614	6.01828	1602.61	-208.473	-308.069	4973.91	0.000311811	220.956
32.5587	0.522371	30.3889	0.022518	-21.2148	0.825722	-66.5779	1.68266	-24.5146	5.99363	1602.61	-208.553	-308.834	4972.99	-0.000145967	220.189
32.5593	1.14269	8.97855	-0.285228	-5.64224	0.222814	-43.3665	1.68266	155.855	5.96306	1601.27	-209.032	-310.982	4971.62	6.59448e-006	219.724
32.5600	1.74668	-7.7856	0.022518	5.64224	0.524268	-16.8355	2.89935	259.912	5.93841	1600.35	-209.512	-312.951	4970.7	-0.000145967	218.515
32.5607	1.14269	-21.222	0.330264	15.1212	-0.0786402	10.9338	4.42668	300.808	5.90882	1600.67	-209.032	-313.569	4970.4	6.59448e-006	217.282
32.5613	0.228537	-29.7611	1.24599	22.7495	-0.694655	32.6171	5.33273	187.926	5.88417	1602.18	-206.875	-312.202	4971.62	0.000311811	216.515
32.5620	-0.391778	-31.5819	1.24599	25.7738	-0.694655	43.2875	6.57531	-153.259	5.85952	1604.02	-203.678	-310.819	4973.3	0.000311811	215.608
32.5627	0.228537	-33.7167	1.24599	28.8431	-0.694655	49.6897	6.86007	-415.132	5.82895	1605.85	-200.802	-309.599	4974.67	-0.000145967	214.236
32.5633	0.228537	-38.614	0.938249	34.6208	-0.996109	55.5123	5.64338	-383.696	5.8043	1606.45	-198.644	-308.379	4976.04	-0.000756307	212.097
32.5640	0.522371	-39.4931	0.022518	38.0061	-0.694655	55.5123	3.52064	-195.713	5.78063	1606.29	-197.606	-308.379	4975.59	-0.000451137	211.028
32.5647	1.14269	-37.3583	0.630503	36.7874	-0.694655	53.6681	1.9933	-37.6082	5.75006	1606.45	-196.966	-308.834	4974.37	0.000464373	211.028
32.5653	1.74668	-30.3889	1.24599	29.1591	-0.694655	50.928	1.9933	-54.1051	5.72541	1607.2	-196.247	-308.379	4974.21	6.59448e-006	211.028
32.5660	1.74668	-16.3246	0.630503	16.3399	-0.996109	41.4696	2.30395	-202.115	5.70075	1607.04	-195.928	-308.069	4974.52	-0.000298575	210.26
32.5667	1.43652	-6.27871	0.330264	7.17693	-0.996109	27.1107	4.42668	-244.223	5.6761	1606.29	-196.247	-308.379	4974.37	0.000464373	208.889
32.5673	1.43652	-2.88821	0.630503	4.42352	-0.0786402	13.3841	6.86007	-261.008	5.65243	1606.61	-195.768	-308.069	4973.91	0.000464373	207.68
32.5680	1.74668	4.39509	1.24599	-1.98607	0.825722	2.08138	9.31934	-484.408	5.62186	1607.53	-194.729	-307.614	4973.75	-0.000145967	207.214
32.5687	2.05684	18.4594	1.54623	-16.3399	0.825722	-8.27284	12.374	-595.502	5.59721	1608.61	-193.451	-307.012	4974.98	0.000159203	206.749
32.5693	1.43652	30.3889	1.24599	-28.5272	1.14028	-18.6534	12.374	-327.861	5.57256	1609.96	-192.252	-305.792	4976.5	0.000159203	205.54
32.5700	0.228537	36.1654	0.630503	-32.1833	1.74319	-28.428	9.62998	59.1233	5.54199	1611.2	-191.533	-304.864	4977.11	-0.000145967	204.006
32.5707	0.228537	34.3445	0.630503	-29.4299	2.05775	-34.2243	5.95402	270.583	5.51733	1612.22	-190.734	-304.864	4976.81	-0.000145967	203.401
32.5713	0.832529	23.6707	0.938249	-19.3642	2.35921	-30.5621	4.11604	282.177	5.48676	1612.11	-191.213	-306.394	4975.89	-0.000451137	203.401
32.5720	-0.0816205	11.1133	0.938249	-7.4929	2.35921	-23.5539	4.11604	196.751	5.4631	1609.79	-192.891	-308.525	4974.21	-0.000298575	202.797
32.5727	-0.685612	5.02297	0.938249	-2.88883	2.35921	-18.9696	4.11604	58.2004	5.43845	1608.12	-194.729	-310.673	4972.38	-0.000451137	201.099
32.5733	-0.0816205	4.39509	1.24599	-4.73948	2.96211	-13.7793	2.30395	-19.3232	5.41379	1608.12	-195.288	-311.73	4971.92	-0.000756307	200.193
32.5740	0.228537	3.83001	1.24599	-6.86097	4.19414	-3.71487	0.155322	6.92176	5.38914	1608.12	-195.288	-312.202	4972.23	-0.000451137	199.588
32.5747	0.522371	0.125574	0.938249	-5.05545	4.19414	11.25	-0.750724	7.84466	5.35857	1608.44	-195.129	-311.893	4972.69	-0.000298575	198.519
32.5753	-0.391778	-6.27871	1.24599	1.08331	3.57813	24.3706	-1.06137	-2.82638	5.32899	1609.96	-193.93	-310.673	4973.45	6.59448e-006	198.054
32.5760	-0.99577	-14.5038	1.24599	8.98245	4.19414	31.3788	-0.750724	70.0828	5.29842	1610.71	-193.291	-310.217	4973.91	6.59448e-006	197.147
32.5767	-0.391778	-18.4594	0.938249	13.5865	3.87958	33.5392	-0.155322	170.506	5.27376	1610.87	-193.291	-309.908	4974.06	-0.000145967	196.844
32.5773	-0.685612	-15.3828	0.630503	10.5171	2.35921	28.6388	0.155322	234.59	5.24911	1611.79	-193.291	-309.29	4974.21	-0.000145967	196.682
32.5780	-1.30593	-9.92036	0.630503	4.73948	1.74319	20.3923	0.465967	248.606	5.21854	1612.55	-193.451	-308.834	4974.06	-0.000145967	195.31
32.5787	-0.0816205	-9.60642	0.938249	4.42352	1.74319	18.2582	-0.750724	159.835	5.19389	1611.63	-194.409	-309.143	4973.6	0.000159203	194.24
32.5793	-0.391778	-15.1317	0.938249	10.2012	0.825722	19.7863	-1.96742	53.932	5.17022	1610.28	-195.608	-310.217	4972.23	0.000311811	194.24
32.5800	-0.99577	-18.4594	0.938249	15.392	-0.996109	16.4403	-2.5887	106.71	5.13965	1609.79	-196.807	-311.128	4970.7	6.59448e-006	193.334
32.5807	-0.0816205	-19.0873	0.630503	18.7774	-2.21503	13.7002	-1.06137	399.385	5.10908	1609.96	-197.446	-311.275	4970.7	6.59448e-006	191.962
32.5813	0.228537	-21.536	-0.285228	21.8016	-3.74852	12.7781	1.68266	656.356	5.09035	1611.2	-196.407	-309.745	4971.92	0.000464373	191.032
32.5820	-0.99577	-21.536	0.330264	21.8016	-4.66598	9.11593	4.42668	572.718	5.06569	1612.87	-194.889	-307.923	4973.91	0.000311811	189.823
32.5827	-0.99577	-16.9525	0.938249	17.8746	-4.04997	3.00351	5.95402	478.755	5.02921	1613.9	-193.291	-307.158	4975.13	0.000311811	188.893
32.5833	-0.391778	-7.7856	0.630503	9.61438	-2.52959	-1.26464	7.17071	343.55	4.99864	1615.62	-192.412	-306.394	4975.43	-0.000145967	188.451
32.5840	-0.0816205	4.39509	0.022518	-1.6701	-2.21503	-4.00469	9.31934	-231.417	4.98089	1616.22	-192.092	-306.703	4975.74	6.59448e-006	187.521
32.5847	0.522371	16.6386	0.330264	-12.6838	-2.52959	-10.1171	9.91474	-703.539	4.95623	1615.73	-192.252	-307.467	4975.28	0.000159203	187.079
32.5853	0.522371	27.6263	0.330264	-21.5308	-1.61212	-22.9216	8.10264	-641.243	4.91975	1615.3	-192.252	-308.069	4974.21	-0.000298575	186.777
32.5860	0.522371	35.8514	-0.585468	-28.8431	-0.393201	-37.5703	5.95402	-562.508	4.89509	1615.46	-192.092	-308.688	4973.91	-0.000298575	185.847
32.5867	0.522371	41.3767	-0.585468	-35.2527	-0.393201	-49.4789	4.73733	-611.076	4.87044	1615.89	-191.613	-308.997	4974.37	0.000159203	184.94
32.5873	0.522371	41.6278	0.022518	-34.9368	-0.694655	-52.219	2.89935	-436.474	4.85269	1615.73	-191.373	-309.452	4974.21	0.000159203	184.475
32.5880	0.228537	30.3889	-0.285228	-25.187	-0.393201	-40.0205	1.37201	-28.1485	4.82212	1616.38	-190.574	-309.745	4973.75	-0.000145967	184.173
32.5887	0.228537	11.7412	-0.285228	-9.29841	0.524268	-24.1598	0.155322	390.56	4.78563	1617.3	-189.375	-308.525	4974.67	-0.000145967	182.638
32.5893	0.522371	-0.43951	0.022518	3.52076	1.14028	-20.7875	-1.68266	627.976	4.76098	1617.89	-187.538	-307.158	4975.74	-0.000298575	180.964
32.5900	1.14269	-5.02297	0.330264	9.61438	1.14028	-26.8999	-3.8054	648.742	4.73633	1619.4	-185.22	-305.792	4976.65	-0.000603745	180.359
32.5907	0.832529	-9.92036	-0.285228	14.4893	1.44174	-30.2459	-7.76611	432.321	4.71168	1620.32	-184.341	-305.027	4976.81	-0.000298575	180.197
32.5913	0.832529	-18.4594	-0.585468	22.1176	1.74319	-26.8999	-13.2801	23.4186	4.68111	1619.56	-185.54	-305.938	4975.43	6.59448e-006	179.592
32.5920	1.43652	-27.9402	-0.285228	30.0619	1.44174	-18.6534	-16.6195	-273.813	4.65744	1618.21	-187.218	-307.158	4974.21	6.59448e-006	179.29
32.5927	0.522371	-31.8958	0.330264	32.1833	1.14028	-2.18677	-14.8074	-385.83	4.63279	1617.3	-188.017	-307.467	4973.14	-0.000451137	179.29
32.5933	-0.99577	-29.7611	0.630503	28.5272	0.222814	18.2582	-10.8208	-416.055	4.60813	1616.97	-188.417	-307.614	4972.38	-0.000451137	178.825
32.5940	-1.30593	-22.101	0.938249	20.5829	-2.21503	29.2447	-8.69805	-360.797	4.57756	1617.3	-188.736	-308.069	4972.69	-0.000145967	178.081
32.5947	-0.99577	-8.97855	0.938249	7.17693	-3.74852	26.8209	-7.76611	-255.24	4.54699	1618.32	-187.697	-307.614	4973.3	-0.000145967	177.313
32.5953	-0.99577	8.41347	0.630503	-11.1491	-3.74852	18.2582	-6.86007	-137.397	4.52333	1619.24	-187.058	-307.467	4973.91	-0.000145967	176.546
32.5960	-0.0816205	23.9847	0.330264	-26.7217	-3.44706	10.644	-6.23878	-14.1319	4.49276	1619.24	-187.378	-308.069	4974.06	-0.000145967	175.477
32.5967	-0.391778	31.5819	0.630503	-34.6208	-3.1325	4.84778	-6.54942	60.6231	4.45528	1619.56	-187.378	-308.997	4973.6	-0.000145967	175.012
32.5973	-1.59976	37.9862	0.938249	-37.3742	-2.83105	-1.87061	-6.86007	-53.8167	4.43162	1620.16	-187.058	-309.745	4973.3	6.59448e-006	174.407
32.5980	-1.59976	45.0183	0.022518	-38.5929	-1.91358	-7.06089	-4.42668	-322.669	4.40696	1620.32	-186.499	-310.51	4973.6	6.59448e-006	173.338
32.5987	-0.99577	44.0765	-0.285228	-34.35	-0.996109	-7.98302	0.465967	-481.062	4.3764	1619.89	-186.179	-311.275	4973.14	6.59448e-006	172.873
32.5993	-1.30593	31.5819	-0.585468	-23.6523	-0.393201	-6.45492	2.89935	-342.512	4.35174	1619.24	-186.739	-312.349	4971.77	-0.000145967	172.873
32.6000	-0.685612	16.3246	-0.893213	-12.0518	0.222814	-3.08255	3.52064	-15.0548	4.32709	1618.21	-186.898	-313.423	4971.16	0.000311811	172.733
32.6007	1.43652	3.51608	-1.20096	-2.88883	0.825722	-0.342506	3.83128	250.164	4.30342	1618.48	-186.019	-313.113	4971.16	0.000616981	172.128
32.6013	2.66083	-10.8622	-1.80894	6.545	-0.0786402	7.58783	3.20999	342.627	4.27285	1620.32	-184.821	-312.202	4971.92	0.000159203	170.896
32.6020	2.36699	-23.3568	-1.5012	14.4893	-0.694655	21.3144	3.52064	359.412	4.23637	1622.15	-183.383	-310.51	4973.75	6.59448e-006	169.989
32.6027	0.832529	-28.5053	-0.893213	18.4614	-0.694655	29.2447	4.42668	428.053	4.2058	1623.56	-181.705	-308.834	4975.28	0.000159203	169.059
32.6033	-1.30593	-30.7029	-0.585468	20.5829	-1.91358	30.1669	5.04797	492.771	4.18114	1624.58	-180.666	-308.069	4975.74	0.000159203	168.315
32.6040	-2.22008	-33.7167	-0.285228	23.9682	-2.52959	33.5392	5.95402	454.644	4.15057	1624.91	-180.826	-308.069	4975.59	0.000159203	167.99
32.6047	-2.53023	-37.9862	-0.285228	27.3084	-1.91358	38.7032	5.33273	303.865	4.12592	1624.48	-181.145	-308.379	4975.28	0.000159203	167.85
32.6053	-2.22008	-41.6278	-0.285228	29.7459	-1.31067	43.8935	3.52064	103.076	4.09535	1624.31	-180.985	-308.525	4975.13	6.59448e-006	167.246
32.6060	-1.30593	-41.0627	0.022518	32.4993	-0.694655	48.7939	2.89935	-82.7727	4.06478	1624.48	-181.305	-308.525	4974.52	-0.000145967	166.316
32.6067	-0.685612	-36.4793	0.022518	31.2806	-0.0786402	50.322	2.89935	-313.21	4.04111	1624.91	-181.465	-308.232	4974.06	-0.000145967	166.013
32.6073	-0.99577	-26.6845	0.022518	23.6523	-0.393201	44.2096	1.06137	-491.099	4.01055	1625.23	-180.985	-308.069	4973.91	0.000159203	165.548
32.6080	-1.30593	-9.29249	-0.285228	9.29841	0.222814	32.0111	0.465967	-392.867	3.97998	1625.5	-180.666	-308.232	4973.91	0.000159203	164.944
32.6087	-1.30593	9.29249	-0.585468	-5.64224	0.825722	13.7002	0.155322	-148.414	3.94941	1626.58	-180.346	-307.777	4974.82	-0.000298575	164.339
32.6093	-1.30593	19.9663	0.022518	-12.0518	0.222814	-11.329	0.155322	2.01885	3.92475	1627.82	-179.627	-306.849	4976.35	-0.000298575	163.572
32.6100	-1.59976	19.9663	-0.285228	-8.39565	-0.0786402	-33.3021	0.776611	45.972	3.9001	1629.01	-178.508	-306.084	4977.42	-0.000145967	162.805
32.6107	-0.99577	14.5038	-0.285228	-0.135414	1.14028	-47.661	1.68266	96.9623	3.86953	1629.76	-178.189	-305.629	4977.42	6.59448e-006	162.2
32.6113	-1.30593	12.3691	0.330264	0.767345	1.44174	-58.0153	2.89935	237.359	3.83304	1628.74	-179.467	-306.703	4976.2	-0.000145967	161.898
32.6120	-1.90992	17.5176	0.022518	-7.4929	1.74319	-62.9157	3.83128	276.986	3.80839	1626.9	-181.465	-309.143	4974.06	-0.000298575	161.293
32.6127	-1.59976	21.222	0.022518	-12.3678	3.87958	-59.8595	3.83128	85.3683	3.78472	1625.5	-182.663	-310.51	4972.53	-0.000145967	160.828
32.6133	-0.685612	23.0429	0.630503	-16.3399	4.79705	-51.007	3.83128	-19.0348	3.75415	1624.91	-183.223	-311.128	4971.77	-0.000145967	160.666
32.6140	-0.391778	29.7611	0.630503	-25.7738	3.27667	-43.0767	4.11604	40.7807	3.7295	1625.07	-183.143	-311.584	4971.31	-0.000451137	159.759
32.6147	0.228537	35.8514	0.630503	-31.2806	2.66066	-36.6745	3.83128	72.217	3.70485	1626.26	-182.344	-310.51	4972.23	-0.000603745	158.992
32.6153	0.522371	32.7749	0.330264	-29.4299	2.05775	-25.9778	1.68266	32.5899	3.6802	1627.5	-181.465	-309.143	4974.06	6.59448e-006	158.852
32.6160	0.228537	20.5942	-0.285228	-19.6801	1.14028	-11.0392	-0.155322	-82.1959	3.64371	1628.25	-180.826	-309.143	4974.37	0.000311811	158.224
32.6167	-0.391778	4.14395	-0.585468	-4.42352	1.44174	3.60949	-0.750724	-89.8098	3.61314	1628.25	-180.346	-309.143	4974.21	0.000159203	157.922
32.6173	-0.99577	-10.8622	-0.893213	10.5171	1.14028	14.9122	-1.06137	79.5425	3.58947	1628.58	-179.867	-309.143	4973.75	0.000159203	157.48
32.6180	-0.391778	-23.6707	-0.893213	21.8016	0.524268	26.8209	-0.750724	208.056	3.56482	1629.01	-179.867	-309.452	4972.99	6.59448e-006	156.55
32.6187	0.832529	-30.7029	-1.20096	24.871	0.524268	40.5474	-0.750724	190.637	3.53425	1628.42	-180.506	-310.055	4972.53	0.000311811	156.852
32.6193	1.14269	-32.5237	-1.80894	22.7495	0.222814	52.14	-1.96742	68.5831	3.5096	1627.98	-181.145	-311.128	4971.47	0.000159203	157.62
32.6200	1.14269	-32.5237	-1.20096	21.5308	-0.0786402	59.1745	-2.5887	-81.8498	3.47903	1627.82	-181.465	-312.202	4969.79	-0.000451137	156.713
32.6207	1.14269	-31.8958	0.022518	21.8016	0.222814	64.9708	-1.68266	-162.777	3.45437	1627.82	-181.465	-312.04	4970.25	-0.000145967	155.643
32.6213	-0.0816205	-29.1332	0.022518	19.0933	0.222814	69.5287	0.155322	-157.585	3.43071	1628.58	-180.506	-310.819	4972.38	0.000311811	154.876
32.6220	-0.391778	-22.101	0.330264	12.0518	0.524268	64.0486	0.465967	-109.018	3.40014	1630.09	-178.828	-309.745	4973.91	6.59448e-006	154.109
32.6227	0.228537	-10.5482	0.938249	2.88883	-0.0786402	48.188	0.465967	-64.7761	3.36365	1632.09	-177.31	-308.525	4975.28	0.000159203	153.504
32.6233	-0.391778	2.00919	0.630503	-6.545	-0.694655	30.1669	1.06137	-51.6824	3.33308	1633.76	-176.511	-307.467	4976.04	0.000311811	153.039
32.6240	-1.30593	10.2343	0.330264	-11.7359	-0.393201	14.9122	0.465967	-28.1485	3.31435	1633.76	-176.271	-307.923	4975.59	-0.000145967	152.737
32.6247	-1.30593	12.9969	-0.285228	-13.5865	-0.393201	3.60949	-0.465967	0.519132	3.27786	1632.68	-176.271	-308.834	4974.82	0.000159203	152.272
32.6253	-0.391778	14.1899	-0.285228	-14.4893	-0.694655	-4.32085	-1.06137	-9.22901	3.24729	1633	-175.792	-308.688	4975.13	0.000464373	152.272
32.6260	0.228537	14.8177	0.330264	-13.2706	-0.0786402	-8.90516	-1.96742	-30.9172	3.22264	1633.76	-175.152	-308.688	4974.52	-0.000145967	151.97
32.6267	0.228537	12.0551	-0.285228	-8.98245	0.222814	-9.51113	-2.89935	-16.5545	3.19207	1633.6	-175.312	-308.688	4974.06	-0.000298575	151.063
32.6273	0.522371	4.14395	-1.20096	-1.6701	0.825722	-7.66687	-2.5887	37.7236	3.1615	1633.6	-175.951	-308.525	4974.21	6.59448e-006	150.598
32.6280	0.522371	-5.3369	-0.893213	7.76372	2.05775	-4.92682	-2.27806	51.1633	3.13093	1633.92	-175.792	-308.525	4974.21	-0.000145967	150.598
32.6287	0.522371	-12.3691	-0.585468	13.9025	2.05775	-4.32085	-1.06137	-29.0714	3.10726	1634.84	-174.753	-307.467	4975.43	-0.000298575	150.296
32.6293	0.228537	-16.0107	-0.893213	17.2427	1.14028	-8.90516	1.06137	-104.461	3.07669	1636.19	-173.314	-305.938	4976.35	-0.000298575	149.691
32.6300	0.522371	-17.5804	-0.893213	18.7774	1.44174	-13.1733	1.06137	-116.689	3.04612	1637.27	-172.915	-304.718	4976.96	-0.000298575	148.924
32.6307	1.14269	-18.4594	-1.20096	19.3642	2.05775	-12.5673	-0.155322	-55.6048	3.01555	1637.7	-172.995	-304.571	4977.26	-0.000298575	148.459
32.6313	2.05684	-18.4594	-1.20096	19.6801	1.74319	-7.98302	-0.155322	202.865	2.98498	1636.67	-174.433	-306.247	4975.28	-0.000298575	148.017
32.6320	2.36699	-13.562	-1.80894	16.3399	1.44174	-1.5808	1.9933	524.208	2.95441	1635.11	-176.111	-308.232	4973.3	-0.000451137	148.017
32.6327	2.66083	-3.83001	-1.20096	8.98245	1.44174	3.92565	5.33273	564.815	2.92384	1634.35	-176.511	-308.997	4972.84	-0.000451137	148.622
32.6333	2.97098	2.26033	-0.585468	1.98607	1.14028	3.00351	6.26466	444.838	2.89327	1633.92	-176.99	-309.599	4972.38	-0.000451137	148.319
32.6340	2.05684	5.3369	-0.585468	-3.83672	0.825722	-7.98302	5.95402	334.379	2.8627	1634.51	-176.671	-309.908	4972.38	-0.000603745	147.715
32.6347	1.14269	12.683	0.330264	-9.93034	1.14028	-25.3718	5.64338	-75.1587	2.84397	1635.43	-175.632	-309.908	4973.14	-0.000451137	147.25
32.6353	0.228537	23.3568	0.630503	-17.2427	0.222814	-40.6265	4.11604	-755.106	2.8134	1636.35	-174.753	-310.217	4973.91	6.59448e-006	146.785
32.6360	-0.99577	33.0888	0.330264	-24.555	-1.91358	-49.1891	2.30395	-1034.63	2.77691	1637.11	-173.155	-310.217	4974.06	6.59448e-006	146.482
32.6367	-1.90992	39.2419	0.330264	-29.1591	-2.83105	-56.4871	0.465967	-614.421	2.74634	1637.11	-172.755	-310.364	4973.75	-0.000145967	146.017
32.6373	-2.22008	40.1209	0.630503	-29.1591	-3.1325	-62.9157	-1.06137	-81.273	2.71577	1636.94	-172.915	-311.128	4973.14	-0.000298575	145.413
32.6380	-1.90992	34.9724	0.330264	-24.871	-3.74852	-67.1839	-2.27806	39.9155	2.6921	1637.27	-171.956	-310.819	4972.84	-0.000451137	144.646
32.6387	-1.59976	29.4471	-0.585468	-20.3121	-3.44706	-71.7682	-3.8054	63.6802	2.66745	1636.51	-172.116	-311.438	4972.38	6.59448e-006	144.343
32.6393	-0.99577	24.5497	-0.893213	-16.3399	-2.83105	-71.7682	-4.73733	213.825	2.6428	1635.27	-173.314	-313.423	4970.7	0.000311811	144.948
32.6400	-0.0816205	13.8759	-0.585468	-7.17693	-2.52959	-61.3876	-6.23878	160.412	2.60631	1635.27	-172.915	-313.26	4970.4	6.59448e-006	145.111
32.6407	0.228537	-2.57427	-0.585468	6.545	-2.21503	-41.5486	-6.86007	79.5425	2.58166	1636.03	-172.276	-312.202	4971.01	6.59448e-006	144.646
32.6413	0.228537	-16.0107	-0.893213	16.024	-2.52959	-16.2295	-5.33273	177.197	2.55109	1637.43	-171.477	-310.819	4971.92	0.000311811	144.204
32.6420	0.832529	-21.8499	-1.5012	17.5587	-2.21503	7.90399	-4.42668	69.506	2.52052	1639.43	-169.559	-308.997	4973.75	0.000311811	143.739
32.6427	0.228537	-21.536	-2.41693	15.708	-1.91358	20.1025	-4.11604	-195.078	2.48995	1641.26	-167.402	-307.467	4975.43	0.000159203	143.576
32.6433	-0.391778	-20.2802	-2.72468	15.392	-1.91358	24.6868	-2.5887	-183.83	2.46628	1641.69	-166.443	-306.394	4976.04	0.000311811	142.367
32.6440	0.522371	-23.6707	-3.64041	19.3642	-2.21503	33.5392	-1.37201	27.0525	2.44163	1641.1	-167.402	-307.012	4974.82	0.000159203	141.6
32.6447	0.832529	-26.9984	-3.94815	22.7495	-1.61212	40.5474	-1.37201	93.2707	2.41698	1641.26	-167.561	-307.923	4973.91	0.000159203	142.204
32.6453	0.228537	-22.415	-3.33266	18.1454	4.19414	35.9631	-1.37201	26.1296	2.38641	1641.37	-167.082	-307.614	4973.91	6.59448e-006	141.762
32.6460	0.522371	-12.3691	-3.33266	7.4929	7.54946	21.6306	0.155322	-139.877	2.34992	1641.37	-167.721	-307.777	4973.91	-0.000145967	141.297
32.6467	1.14269	4.14395	-2.11669	-7.17693	2.66066	3.00351	1.68266	-398.636	2.32527	1641.69	-167.721	-308.232	4974.21	-0.000145967	142.065
32.6473	0.522371	19.6524	-0.893213	-19.9961	-4.04997	-10.1171	2.89935	-432.552	2.2947	1642.02	-167.242	-308.232	4974.52	-0.000145967	141.762
32.6480	-0.391778	23.0429	-0.285228	-21.5308	-11.6781	-14.7014	2.89935	-149.914	2.27103	1642.77	-167.242	-308.379	4974.52	-0.000145967	141.297
32.6487	-0.0816205	20.2802	0.938249	-16.3399	-16.8683	-20.7875	1.9933	88.0794	2.24046	1644.45	-166.043	-307.777	4975.28	-0.000145967	141.6
32.6493	0.228537	18.1455	0.938249	-12.9546	-18.4018	-26.5837	1.06137	167.449	2.20989	1645.53	-164.605	-306.849	4976.5	-0.000145967	140.693
32.6500	-0.0816205	11.1133	-0.893213	-6.545	-18.4018	-24.7658	-0.750724	252.586	2.17932	1645.63	-164.205	-306.703	4976.96	0.000311811	139.461
32.6507	-0.391778	-0.125574	-2.41693	3.52076	-19.0047	-20.4977	-2.89935	348.395	2.15467	1646.12	-163.246	-306.703	4976.35	-0.000145967	139.926
32.6513	-1.90992	-6.27871	-4.85638	8.71162	-23.5789	-18.6534	-4.11604	373.14	2.13002	1645.63	-163.087	-307.305	4974.98	-0.000603745	140.228
32.6520	-1.90992	-5.3369	-6.99559	7.4929	-27.5503	-18.6534	-3.8054	241.281	2.09945	1643.96	-164.605	-308.834	4973.45	-0.000145967	139.926
32.6527	-0.0816205	-1.69525	-8.21906	5.32628	-30.3027	-19.8917	-1.96742	3.28783	2.06888	1642.77	-166.043	-310.217	4972.38	-0.000298575	139.763
32.6533	1.74668	0.753445	-8.82705	3.83672	-19.0047	-20.7875	-0.465967	-136.82	2.04521	1642.61	-165.723	-310.673	4971.62	-0.000298575	139.763
32.6540	3.88513	6.84379	-8.5193	-3.83672	21.8882	-24.7658	0.465967	-103.826	2.02056	1643.37	-164.605	-310.055	4971.92	-0.000298575	139.461
32.6547	6.33375	17.2664	-8.82705	-15.392	47.5249	-31.4842	0.155322	-75.4472	1.98999	1643.96	-163.886	-309.143	4972.84	-0.000145967	138.856
32.6553	7.2479	22.101	-9.43503	-21.5308	31.3512	-30.8782	-0.465967	-95.924	1.96533	1644.61	-162.927	-308.525	4973.3	0.000159203	138.856
32.6560	6.62758	23.0429	-8.21906	-22.1176	10.5902	-24.4497	-1.06137	34.3781	1.94068	1645.8	-161.728	-308.232	4973.75	-0.000145967	139.019
32.6567	4.79928	22.101	-7.60357	-20.3121	3.57813	-11.935	-1.68266	239.147	1.91011	1646.12	-161.249	-308.232	4973.75	-0.000298575	138.856
32.6573	3.88513	17.2664	-5.77211	-14.8052	2.96211	8.1938	-0.155322	291.637	1.87954	1646.28	-161.169	-308.379	4973.75	0.000159203	138.693
32.6580	0.522371	13.2481	1.85398	-9.29841	2.35921	19.7863	3.20999	231.244	1.85588	1646.44	-160.689	-308.688	4973.91	0.000311811	138.554
32.6587	-5.27268	9.92036	9.78782	-3.83672	2.96211	15.5182	4.42668	128.975	1.82531	1645.96	-160.53	-309.908	4972.84	-0.000298575	138.251
32.6593	-4.65237	3.51608	10.3958	1.6701	6.63199	7.27167	4.11604	-9.22901	1.78882	1645.2	-160.53	-311.584	4971.47	6.59448e-006	138.693
32.6600	-1.30593	-1.69525	4.60117	3.52076	7.2349	3.60949	4.42668	13.6705	1.77008	1644.77	-161.009	-312.658	4971.01	0.000616981	138.693
32.6607	-2.53023	-2.88821	1.54623	0.451379	1.14028	5.13759	4.73733	117.093	1.74543	1645.36	-160.53	-312.658	4971.31	0.000311811	138.251
32.6613	-3.13423	-6.27871	2.16173	1.6701	-1.61212	14.3062	4.73733	36.5123	1.70894	1646.88	-157.893	-311.275	4972.53	0.000159203	137.624
32.6620	-2.22008	-16.6386	4.29343	8.98245	4.79705	35.6733	5.04797	-24.2261	1.67837	1647.79	-155.975	-310.217	4974.06	0.000922151	136.577
32.6627	-1.30593	-27.3124	6.74038	15.1212	10.9048	57.6464	5.04797	32.8783	1.66062	1648.87	-154.457	-310.055	4974.37	0.00107471	136.415
32.6633	1.14269	-32.2098	6.43264	18.7774	13.6441	64.3384	3.52064	123.207	1.63597	1650.55	-151.98	-308.997	4974.82	6.59448e-006	136.577
32.6640	3.28114	-36.7932	4.60117	25.187	16.6979	59.1745	1.37201	240.993	1.6054	1650.87	-151.101	-307.923	4975.43	-0.000145967	136.112
32.6647	4.19529	-40.1209	4.60117	31.2806	20.3678	46.3437	-1.06137	203.154	1.58667	1650.22	-151.5	-308.069	4974.67	0.000311811	136.112
32.6653	3.88513	-34.0306	4.29343	27.3084	17.6154	33.5392	-1.96742	-58.0851	1.5561	1649.95	-151.181	-308.069	4974.21	6.59448e-006	136.112
32.6660	3.28114	-22.101	3.68544	15.708	4.79705	30.7728	-1.96742	-378.793	1.52651	1650.22	-150.462	-307.305	4974.82	6.59448e-006	135.95
32.6667	3.57498	-14.8177	3.99319	7.76372	-2.52959	30.1669	-1.68266	-662.297	1.50186	1650.71	-150.941	-307.012	4974.21	0.000159203	136.252
32.6673	3.28114	-11.4272	4.29343	5.05545	0.825722	22.2365	-0.465967	-835.975	1.47129	1650.87	-151.101	-306.703	4973.75	-0.000298575	135.95
32.6680	2.36699	-5.3369	4.29343	1.35414	2.35921	9.7219	0.776611	-762.085	1.44664	1651.14	-150.621	-305.482	4974.52	-0.000451137	135.345
32.6687	2.36699	5.3369	4.60117	-6.27417	-1.61212	0.579626	3.20999	-431.629	1.42198	1652.06	-150.302	-304.864	4974.98	-0.000145967	135.043
32.6693	2.97098	14.1899	3.07746	-12.3678	-5.26889	-4.32085	5.95402	-65.4106	1.39141	1653.3	-149.663	-304.409	4976.2	-0.000145967	133.973
32.6700	2.66083	15.6968	1.85398	-11.7359	-2.83105	-8.589	8.3874	139.358	1.36775	1654.49	-148.943	-303.644	4977.57	-0.000451137	133.671
32.6707	2.36699	12.3691	1.85398	-6.545	2.35921	-12.2512	9.62998	245.549	1.33718	1654.81	-148.943	-304.116	4976.96	-0.000298575	134.88
32.6713	2.97098	9.29249	1.85398	-3.20479	3.87958	-14.9912	9.31934	358.201	1.30661	1654.05	-149.663	-306.247	4975.43	6.59448e-006	136.112
32.6720	2.97098	9.29249	1.24599	-4.10755	6.63199	-16.8355	7.17071	337.436	1.28195	1652.54	-150.621	-309.143	4973.6	-0.000298575	136.415
32.6727	2.97098	12.9969	0.938249	-7.76372	9.06983	-18.6534	5.33273	294.117	1.25138	1651.9	-151.101	-310.819	4972.23	-0.000145967	136.577
32.6733	3.57498	17.5176	1.24599	-12.3678	5.41307	-23.8437	4.11604	419.805	1.22673	1652.06	-150.621	-311.275	4972.08	-0.000145967	136.717
32.6740	4.19529	20.9081	1.54623	-16.024	0.825722	-33.0123	2.30395	204.365	1.19616	1652.22	-149.503	-312.04	4972.53	-0.000451137	136.577
32.6747	3.88513	26.1194	0.938249	-21.2148	-1.91358	-38.8086	-0.465967	-244.857	1.1725	1653.14	-147.985	-311.893	4973.3	-0.000298575	136.88
32.6753	3.88513	33.0888	1.24599	-27.3084	-5.88491	-45.527	-2.27806	-172.525	1.14784	1653.89	-146.307	-311.275	4974.06	0.000311811	137.019
32.6760	2.97098	35.2235	1.24599	-28.2112	-8.0213	-53.4573	-1.96742	82.0228	1.11136	1654.65	-145.268	-310.982	4974.06	0.000159203	136.717
32.6767	1.74668	26.1194	0.938249	-20.5829	-6.48781	-48.267	-1.06137	178.466	1.0867	1654.49	-144.629	-310.982	4973.45	6.59448e-006	136.717
32.6773	1.74668	11.4272	1.24599	-8.71162	-3.74852	-31.774	-0.750724	264.526	1.06205	1654.49	-143.43	-310.673	4973.75	0.000159203	136.717
32.6780	1.43652	-0.43951	1.24599	0.767345	-2.52959	-15.3074	-0.155322	265.738	1.03148	1654.65	-142.231	-310.51	4973.6	0.000159203	137.182
32.6787	1.14269	-9.92036	1.24599	6.545	-1.31067	3.92565	-0.465967	264.815	1.00091	1654.38	-142.231	-310.982	4972.38	0.000159203	137.624
32.6793	1.74668	-19.7151	1.85398	12.9546	-0.0786402	28.6388	-2.27806	243.761	0.98316	1653.57	-142.551	-311.893	4971.16	0.000311811	137.949
32.6800	2.66083	-28.8193	1.24599	18.4614	-0.0786402	50.6119	-4.11604	102.154	0.952591	1652.81	-142.231	-312.202	4970.7	6.59448e-006	138.251
32.6807	3.28114	-32.8376	0.630503	21.2148	-0.0786402	60.3864	-4.11604	-41.2998	0.916104	1653.3	-140.953	-311.438	4971.16	6.59448e-006	138.251
32.6813	2.97098	-32.5237	0.938249	21.5308	-0.393201	63.1265	-3.8054	-101.115	0.891451	1655.3	-139.195	-309.452	4972.53	0.000311811	138.391
32.6820	1.43652	-32.2098	0.938249	19.3642	-1.31067	72.5849	-4.73733	-121.535	0.866798	1657.56	-136.718	-307.305	4974.21	0.000159203	138.554
32.6827	0.522371	-29.4471	0.630503	16.024	-0.393201	80.5153	-5.02209	-192.944	0.842145	1659.07	-134.56	-305.938	4975.43	0.000311811	138.391
32.6833	0.832529	-23.3568	0.330264	11.7359	2.05775	75.6411	-5.02209	-281.139	0.811576	1659.72	-134.161	-305.173	4976.04	0.000464373	138.089
32.6840	0.228537	-17.2664	0.022518	8.07969	4.19414	62.8103	-5.33273	-285.407	0.775089	1659.72	-134.241	-305.629	4975.43	0.000311811	138.391
32.6847	-1.30593	-13.562	0.022518	8.98245	3.57813	50.6119	-5.33273	-239.666	0.757339	1659.56	-134.56	-306.849	4974.67	6.59448e-006	138.856
32.6853	-1.59976	-14.1899	0.022518	13.2706	1.74319	44.2096	-5.33273	-180.139	0.72677	1659.24	-134.401	-307.777	4974.67	6.59448e-006	139.158
32.6860	-0.99577	-16.0107	0.938249	17.2427	0.825722	41.7594	-5.64338	-89.1753	0.6962	1659.24	-134.161	-308.379	4974.52	0.000159203	139.623
32.6867	-0.391778	-15.3828	0.938249	17.2427	0.825722	37.2014	-5.33273	-55.6048	0.671547	1659.72	-134.161	-308.997	4974.21	6.59448e-006	139.763
32.6873	-0.391778	-14.1899	0.330264	14.4893	0.825722	27.1107	-3.49475	-96.8469	0.640977	1659.99	-134.401	-309.908	4973.6	-0.000603745	139.461
32.6880	-0.0816205	-12.683	0.330264	11.465	1.14028	17.3624	-1.96742	-73.659	0.610408	1660.15	-134.241	-309.908	4973.75	-0.000298575	139.926
32.6887	-0.0816205	-12.3691	0.330264	11.465	1.14028	12.1721	-0.465967	14.2473	0.579838	1661.23	-132.723	-308.834	4975.28	0.000311811	140.065
32.6893	-0.391778	-12.0551	0.630503	12.9546	1.74319	8.50996	1.9933	83.2341	0.555185	1662.74	-131.045	-307.777	4976.35	-0.000145967	139.623
32.6900	0.228537	-6.84379	1.24599	10.2012	2.05775	0.263466	2.89935	129.321	0.531518	1663.66	-130.485	-306.849	4977.11	-0.000451137	139.926
32.6907	1.14269	-4.39509	0.630503	8.39565	2.05775	-9.19497	0.776611	90.2136	0.500948	1663.66	-130.805	-307.158	4976.5	-0.000145967	140.53
32.6913	1.14269	-8.97855	-0.285228	12.3678	1.74319	-14.7014	-1.96742	-127.36	0.470379	1663.07	-132.163	-308.834	4974.21	-0.000603745	141.297
32.6920	1.43652	-15.6968	0.022518	19.9961	1.74319	-20.1815	-3.8054	-319.901	0.439809	1661.4	-133.522	-309.745	4972.53	-0.00106152	141.135
32.6927	1.74668	-17.2664	-0.585468	22.1176	2.05775	-28.1118	-5.33273	-286.042	0.409239	1660.15	-133.841	-309.745	4972.23	-0.000603745	140.832
32.6933	2.05684	-7.7856	-0.585468	14.4893	2.35921	-38.2026	-5.95402	-177.37	0.384586	1660.32	-133.841	-310.055	4972.23	6.59448e-006	141.902
32.6940	2.05684	6.27871	0.022518	1.98607	2.35921	-49.1891	-5.02209	-122.169	0.359933	1660.75	-134.161	-310.364	4972.23	-0.000145967	142.065
32.6947	1.43652	26.6845	0.022518	-18.7774	1.44174	-65.0498	-4.73733	-217.689	0.329364	1661.07	-133.841	-310.217	4972.38	-0.000603745	141.297
32.6953	1.14269	59.0198	0.022518	-49.2906	0.825722	-85.7846	-5.02209	-418.478	0.292877	1661.99	-132.882	-309.599	4972.99	-0.000451137	141.762
32.6960	1.43652	86.5206	0.022518	-73.3943	0.524268	-105.018	-5.64338	-364.142	0.268224	1662.74	-132.483	-309.29	4973.3	-0.000145967	142.367
32.6967	2.36699	93.8667	0.022518	-78.2692	0.222814	-114.792	-4.42668	-17.7658	0.238641	1663.34	-132.163	-309.599	4972.99	-0.000145967	142.669
32.6973	1.43652	83.444	0.330264	-66.9847	0.222814	-112.658	-2.5887	307.211	0.208071	1663.5	-131.844	-309.908	4973.14	-0.000298575	142.832
32.6980	-0.0816205	64.2312	0.330264	-48.6587	-0.0786402	-101.961	-3.20999	457.067	0.177501	1663.66	-131.684	-310.217	4973.45	-0.000145967	142.971
32.6987	-0.0816205	45.8974	0.022518	-31.9125	-0.694655	-85.7846	-4.42668	547.684	0.152848	1663.23	-132.323	-311.275	4972.23	-0.000145967	143.576
32.6993	-0.0816205	31.268	0.330264	-19.3642	-1.31067	-67.4737	-4.11604	723.785	0.122279	1661.99	-133.042	-312.951	4970.7	-0.000298575	144.204
32.7000	-0.391778	12.3691	0.630503	-4.73948	-0.996109	-45.8168	-3.8054	915.748	0.091709	1662.31	-132.563	-313.113	4970.7	-0.000145967	145.273
32.7007	-0.685612	-7.7856	0.938249	10.5171	-1.91358	-22.9216	-2.5887	883.389	0.0611394	1663.34	-131.364	-312.04	4971.16	0.000159203	145.413
32.7013	-0.685612	-20.5942	0.330264	17.8746	-2.21503	-7.98302	0.776611	566.315	0.0364864	1663.99	-130.166	-311.275	4972.23	0.000464373	144.808
32.7020	-0.391778	-26.1194	0.630503	18.7774	-1.61212	3.92565	2.30395	247.107	0.0128195	1665.66	-128.008	-310.364	4973.75	0.000311811	144.808
32.7027	-0.685612	-31.8958	1.24599	20.5829	-0.694655	25.5826	1.68266	6.34494	-0.0177501	1667.17	-125.771	-308.688	4974.82	-0.000145967	144.646
32.7033	-1.30593	-40.7488	1.24599	26.4057	0.524268	53.6681	0.465967	-162.142	-0.0483198	1667.93	-124.333	-307.467	4975.59	0.000311811	144.948
32.7040	-0.685612	-46.5252	1.24599	32.4993	1.44174	80.5153	-1.68266	-189.598	-0.0788895	1668.57	-123.454	-307.012	4975.74	0.000464373	146.017
32.7047	-0.391778	-43.8254	1.24599	31.2806	1.44174	97.2981	-3.49475	-186.253	-0.103542	1667.76	-123.454	-307.614	4975.13	0.000311811	145.878
32.7053	-0.0816205	-33.0888	0.630503	22.1176	1.14028	93.952	-4.42668	-232.629	-0.128195	1667.33	-123.613	-308.069	4974.67	0.000616981	146.343
32.7060	0.228537	-21.536	0.630503	13.9025	1.14028	79.6195	-5.02209	-329.072	-0.158765	1668.09	-122.974	-307.777	4974.21	0.000616981	147.25
32.7067	0.522371	-13.562	0.630503	8.98245	1.44174	66.4725	-5.02209	-491.099	-0.189335	1668.57	-122.255	-307.614	4974.37	0.000159203	147.552
32.7073	0.228537	-5.3369	1.24599	3.20479	1.14028	51.2178	-3.49475	-667.488	-0.213002	1668.57	-122.095	-308.069	4974.52	-0.000145967	147.854
32.7080	-0.391778	3.51608	1.24599	-2.30203	0.524268	25.5826	-0.155322	-590.022	-0.243571	1669.17	-121.296	-308.069	4974.67	-0.000298575	148.157
32.7087	-0.0816205	7.7856	0.938249	-5.64224	1.44174	0.869438	4.11604	-219.823	-0.274141	1670.52	-119.299	-307.158	4976.04	-0.000298575	148.319
32.7093	0.522371	8.41347	0.630503	-7.17693	2.96211	-10.4069	7.792	57.2775	-0.298794	1671.92	-117.461	-305.938	4977.88	-0.000145967	148.319
32.7100	0.228537	7.47166	0.938249	-5.95821	3.87958	-9.51113	9.91474	120.439	-0.323447	1672.84	-116.422	-305.482	4978.18	6.59448e-006	148.622
32.7107	0.228537	2.57427	0.330264	-1.6701	3.87958	-3.39871	9.62998	110.402	-0.3481	1672.68	-116.422	-306.849	4976.81	6.59448e-006	149.528
32.7113	0.832529	-6.84379	0.330264	6.545	3.27667	3.00351	7.48136	62.1805	-0.37867	1671.16	-117.621	-308.834	4974.98	-0.000298575	149.993
32.7120	1.74668	-17.8315	0.630503	17.5587	2.05775	7.58783	5.64338	-1.32667	-0.402336	1669.44	-118.739	-310.217	4973.3	-0.000451137	150.598
32.7127	2.05684	-25.8055	0.022518	24.871	-0.0786402	9.7219	5.64338	5.99886	-0.432906	1669.01	-118.739	-310.819	4972.23	6.59448e-006	151.667
32.7133	1.14269	-29.7611	-0.285228	26.7217	-1.61212	11.25	4.73733	71.2941	-0.457559	1668.84	-119.139	-311.275	4971.92	-0.000298575	151.667
32.7140	0.522371	-30.3889	-0.585468	26.4057	-1.31067	13.9901	4.42668	94.1936	-0.488129	1669.44	-118.899	-311.438	4972.38	-0.000298575	151.528
32.7147	1.43652	-27.3124	-0.285228	23.0203	-0.393201	17.6522	4.42668	79.2541	-0.512782	1671	-117.301	-310.217	4973.75	6.59448e-006	152.435
32.7153	1.14269	-21.222	0.022518	17.2427	-0.694655	19.1803	3.52064	83.8109	-0.537435	1671.6	-116.742	-309.599	4974.06	6.59448e-006	153.039
32.7160	0.522371	-15.1317	0.022518	12.3678	-1.31067	17.3624	1.68266	216.305	-0.567018	1671.92	-116.422	-309.29	4973.6	-0.000145967	153.039
32.7167	1.43652	-6.84379	-0.285228	5.64224	-1.31067	11.5662	-1.96742	327.341	-0.591671	1672.08	-115.783	-308.834	4973.6	6.59448e-006	153.342
32.7173	2.05684	8.7274	-0.585468	-6.86097	-0.996109	1.47541	-5.33273	93.9052	-0.616324	1672.08	-115.543	-308.997	4973.14	-0.000298575	154.272
32.7180	1.14269	27.3124	-0.893213	-19.6801	-0.996109	-8.27284	-2.5887	-317.19	-0.652811	1672.35	-115.064	-309.29	4972.84	-0.000451137	154.272
32.7187	-0.685612	36.7932	0.630503	-23.9682	-2.21503	-14.7014	1.37201	-634.552	-0.68338	1671.16	-116.102	-310.364	4972.23	0.000159203	153.969
32.7193	-0.685612	36.4793	1.24599	-24.555	-3.1325	-22.9216	3.20999	-748.703	-0.708033	1670.09	-117.461	-312.202	4970.55	0.000311811	154.713
32.7200	-0.685612	36.4793	1.85398	-27.3084	-2.52959	-34.8302	4.11604	-398.347	-0.732686	1670.36	-117.221	-312.495	4970.25	0.000159203	155.783
32.7207	-0.391778	36.1654	2.16173	-28.5272	-1.31067	-47.3449	2.5887	218.439	-0.763256	1671.27	-115.223	-311.438	4971.62	0.000159203	156.852
32.7213	0.522371	34.6585	0.938249	-26.9925	-0.0786402	-60.1493	0.776611	417.094	-0.786923	1673.11	-112.746	-309.745	4972.99	0.000159203	157.015
32.7220	0.522371	33.7167	0.022518	-26.0897	0.222814	-71.1359	-0.155322	177.831	-0.817492	1674.78	-111.388	-308.379	4974.37	0.000311811	156.55
32.7227	-0.0816205	32.2098	0.630503	-24.555	-0.393201	-74.1921	-0.750724	114.036	-0.842145	1676.35	-109.55	-307.158	4975.74	0.000464373	157.62
32.7233	-0.0816205	27.9402	0.022518	-20.3121	-0.996109	-65.6558	-2.89935	338.07	-0.866798	1677.86	-108.192	-306.394	4976.35	0.000311811	158.55
32.7240	-0.0816205	23.3568	-0.585468	-16.6108	-1.31067	-50.6909	-3.8054	389.637	-0.897368	1677.37	-108.831	-307.467	4975.13	6.59448e-006	158.387
32.7247	0.228537	17.5176	-0.285228	-13.2706	-1.31067	-36.3583	-2.5887	229.399	-0.927938	1676.35	-109.071	-308.834	4973.75	6.59448e-006	158.852
32.7253	0.228537	6.27871	-0.893213	-8.07969	-0.0786402	-18.3636	-1.68266	222.708	-0.951605	1676.35	-108.511	-308.834	4973.75	0.000159203	159.457
32.7260	0.522371	-5.65084	-3.03242	-2.30203	1.14028	6.05972	-3.20999	299.308	-0.976258	1677.26	-108.511	-308.379	4974.82	0.000159203	160.061
32.7267	1.74668	-15.1317	-4.85638	5.05545	1.14028	27.1107	-5.64338	279.466	-1.00683	1677.53	-108.352	-308.525	4975.28	6.59448e-006	160.363
32.7273	2.66083	-23.3568	-5.47187	13.5865	1.44174	36.2793	-5.33273	176.274	-1.0374	1677.37	-107.872	-308.997	4974.37	-0.000145967	160.666
32.7280	3.28114	-30.954	-4.55614	22.1176	0.825722	39.6253	-3.49475	-26.9372	-1.06205	1678.02	-106.833	-308.525	4974.52	-0.000298575	161.433
32.7287	2.66083	-39.4931	-3.64041	30.3778	-0.0786402	45.7377	-3.8054	-196.001	-1.0867	1679.37	-105.475	-307.158	4976.35	0.000159203	161.898
32.7293	1.43652	-47.467	-2.72468	36.7874	-0.694655	53.9842	-3.49475	-263.142	-1.11727	1680.77	-103.637	-305.792	4977.26	0.000159203	162.363
32.7300	-0.0816205	-51.7365	-2.11669	41.3463	-0.996109	63.7325	-3.20999	-282.984	-1.14686	1681.69	-102.199	-305.336	4976.96	-0.000603745	162.805
32.7307	-1.90992	-54.7503	-2.72468	45.6344	-1.91358	75.9573	-5.02209	-235.397	-1.17151	1681.37	-102.119	-305.629	4976.5	-0.000451137	162.967
32.7313	-3.13423	-52.6156	-1.80894	44.4157	-1.91358	82.6493	-5.95402	-146.568	-1.19616	1679.69	-103.637	-307.158	4974.98	-0.000298575	163.735
32.7320	-3.73822	-32.2098	-1.20096	23.9682	-1.91358	69.2389	-5.33273	16.6699	-1.22082	1678.61	-104.836	-308.525	4973.3	-0.000298575	164.944
32.7327	-4.65237	-1.38132	-0.285228	-5.32628	-0.996109	40.2313	-5.33273	247.107	-1.25138	1678.61	-104.996	-308.997	4972.53	-0.000145967	166.013
32.7333	-4.65237	20.5942	3.07746	-23.3363	-0.393201	13.0679	-4.11604	266.315	-1.28195	1678.29	-104.836	-309.745	4972.38	-0.000298575	166.316
32.7340	-4.35853	35.8514	6.12489	-35.8395	-0.393201	-8.27284	-2.5887	-39.7424	-1.30562	1678.61	-103.877	-309.745	4972.99	-0.000145967	166.92
32.7347	-3.44438	50.2297	5.82465	-47.1691	-1.31067	-27.5059	-2.5887	-182.273	-1.33027	1680.02	-102.838	-308.997	4973.75	-0.000145967	167.548
32.7353	-1.59976	54.1852	5.20916	-45.9504	-1.61212	-45.2108	-2.89935	-15.9777	-1.35493	1680.29	-103.158	-309.29	4973.45	-0.000298575	167.385
32.7360	-0.99577	44.3905	4.90892	-28.8431	-0.996109	-59.8595	-3.20999	-148.126	-1.37268	1680.29	-102.359	-309.29	4973.45	-0.000298575	167.99
32.7367	-1.90992	32.5237	4.29343	-13.5865	-0.393201	-69.9239	-2.89935	-460.008	-1.40325	1680.61	-101.48	-309.143	4974.06	6.59448e-006	169.059
32.7373	-1.90992	24.8637	2.76971	-10.2012	0.524268	-67.4737	-1.96742	-412.71	-1.44072	1681.04	-101.639	-309.599	4973.45	6.59448e-006	169.687
32.7380	-1.59976	15.1317	1.24599	-8.71162	1.44174	-47.9508	-1.68266	-148.991	-1.46439	1681.53	-101.48	-309.745	4972.69	6.59448e-006	170.129
32.7387	-1.90992	3.20214	0.330264	-4.10755	1.44174	-25.9778	-1.37201	106.422	-1.48904	1680.29	-101.639	-309.908	4972.53	0.000311811	170.757
32.7393	-1.30593	-1.69525	0.022518	-1.6701	0.825722	-18.9696	-0.750724	272.14	-1.51369	1679.21	-102.359	-310.673	4971.47	6.59448e-006	171.803
32.7400	-0.99577	-4.39509	0.022518	1.08331	1.14028	-18.3636	-0.155322	273.64	-1.53835	1679.37	-102.359	-310.982	4971.01	-0.000145967	172.431
32.7407	-0.685612	-11.1133	0.022518	8.07969	2.35921	-11.329	0.465967	143.973	-1.56892	1680.29	-101.48	-309.599	4971.92	0.000616981	172.873
32.7413	-0.0816205	-18.4594	0.330264	14.8052	2.96211	-1.5808	1.37201	-1.32667	-1.58667	1681.96	-99.9615	-307.467	4973.6	0.000616981	173.198
32.7420	-0.685612	-22.7289	0.938249	17.2427	3.87958	9.11593	0.776611	-129.783	-1.61132	1683.96	-98.2835	-306.084	4974.82	6.59448e-006	173.198
32.7427	-2.22008	-27.3124	1.24599	19.6801	3.87958	24.9766	1.68266	-334.263	-1.6478	1684.71	-96.7653	-304.571	4975.59	0.000159203	173.338
32.7433	-2.22008	-29.1332	0.630503	21.2148	3.27667	37.8074	3.52064	-377.293	-1.67246	1685.31	-95.9662	-303.497	4976.5	0.000159203	174.105
32.7440	-1.59976	-20.2802	0.330264	14.8052	2.35921	37.4912	4.42668	0.230725	-1.69711	1685.79	-96.6055	-304.262	4975.13	6.59448e-006	175.174
32.7447	-1.90992	-10.8622	0.630503	7.4929	1.74319	30.1669	5.64338	352.721	-1.72669	1685.31	-97.4844	-305.336	4973.45	0.000159203	175.942
32.7453	-1.90992	-10.5482	0.330264	8.98245	1.14028	25.5826	7.48136	221.496	-1.75135	1685.2	-97.3246	-305.173	4974.06	0.000159203	176.686
32.7460	-1.90992	-5.65084	0.022518	5.95821	-0.0786402	20.3923	7.48136	-55.9509	-1.776	1685.47	-97.1648	-304.864	4974.52	6.59448e-006	177.616
32.7467	-1.90992	9.29249	0.022518	-7.76372	-1.91358	12.1721	5.95402	-260.085	-1.80065	1685.79	-97.1648	-305.173	4974.21	-0.000145967	178.22
32.7473	-1.59976	20.5942	-0.893213	-19.6801	-2.21503	1.47541	5.33273	-498.136	-1.83122	1685.63	-97.3246	-305.629	4973.75	-0.000145967	178.523
32.7480	-1.30593	23.6707	-1.5012	-23.9682	-1.31067	-12.5673	6.26466	-475.236	-1.86179	1685.79	-97.1648	-305.629	4973.6	6.59448e-006	179.29
32.7487	-0.99577	23.0429	-0.585468	-22.1176	-1.31067	-26.8999	8.10264	-243.3	-1.88546	1687.63	-95.9662	-304.571	4974.82	-0.000451137	179.592
32.7493	-0.391778	17.5176	-0.285228	-15.708	-0.996109	-31.168	9.00869	-124.592	-1.91011	1690.22	-93.7289	-302.733	4977.11	-0.000908915	180.359
32.7500	0.522371	6.84379	-0.285228	-8.07969	-0.393201	-16.8355	8.10264	82.5996	-1.94068	1691.14	-92.6102	-301.968	4978.03	-0.000145967	181.731
32.7507	0.522371	0.43951	0.022518	-3.83672	0.222814	1.79157	6.57531	409.48	-1.96533	1689.73	-94.448	-303.807	4976.2	0.000464373	182.336
32.7513	0.832529	-0.125574	0.022518	-3.20479	0.222814	6.66569	4.73733	602.02	-1.98999	1688.38	-96.126	-305.629	4974.06	0.000159203	182.964
32.7520	1.43652	-5.02297	0.022518	2.30203	0.222814	5.74356	2.5887	698.751	-2.02056	1687.79	-96.9251	-307.012	4972.99	-0.000145967	184.173
32.7527	1.14269	-15.3828	-0.585468	12.0518	0.222814	7.27167	0.776611	766.527	-2.04422	1686.71	-98.4433	-308.232	4971.92	-0.000298575	184.777
32.7533	0.522371	-22.101	-1.5012	18.1454	0.222814	10.0381	-1.06137	729.265	-2.07479	1686.39	-99.0026	-308.834	4971.47	-0.000451137	185.242
32.7540	1.14269	-21.222	-2.72468	17.5587	0.524268	11.25	-1.96742	603.866	-2.10536	1687.14	-98.4433	-307.923	4972.53	-0.000145967	185.847
32.7547	2.05684	-15.1317	-3.03242	13.2706	0.524268	12.4619	-2.5887	348.107	-2.13002	1688.38	-97.804	-307.012	4973.3	6.59448e-006	186.614
32.7553	1.43652	-8.09953	-2.41693	7.17693	-0.393201	11.856	-1.68266	-126.149	-2.15467	1689.14	-97.3246	-306.849	4972.99	-0.000298575	187.521
32.7560	0.832529	-0.125574	-1.5012	-0.767345	-0.996109	6.98185	0.155322	-729.784	-2.18524	1689.14	-96.6055	-306.556	4973.45	-0.000603745	187.986
32.7567	1.14269	5.96477	-0.585468	-8.07969	-0.996109	2.7137	0.465967	-1178.37	-2.20891	1689.14	-96.6055	-306.084	4973.91	6.59448e-006	188.451
32.7573	1.43652	7.47166	-0.893213	-10.2012	-0.996109	1.79157	-0.465967	-1003.48	-2.23356	1689.73	-96.7653	-305.938	4973.6	0.000159203	189.52
32.7580	1.43652	8.41347	-0.893213	-8.71162	-0.694655	-0.0526932	-0.465967	-359.874	-2.26413	1689.73	-96.9251	-306.247	4972.99	-0.000298575	190.288
32.7587	1.14269	12.0551	-0.585468	-10.5171	-0.0786402	-6.13876	-0.750724	47.8178	-2.2947	1688.87	-98.2835	-307.305	4971.47	-0.000298575	190.729
32.7593	0.228537	19.0873	-0.585468	-16.3399	-0.393201	-15.5972	-1.68266	192.771	-2.31935	1687.79	-99.482	-308.069	4970.4	6.59448e-006	191.659
32.7600	-1.30593	20.2802	-0.285228	-15.1212	-0.0786402	-20.7875	-1.96742	317.016	-2.344	1688.06	-99.0026	-307.923	4970.55	0.000464373	193.031
32.7607	-1.90992	11.4272	-0.285228	-4.73948	1.14028	-23.2377	-2.5887	335.936	-2.36767	1689.73	-97.6442	-307.012	4971.77	0.000159203	193.938
32.7613	-1.30593	1.69525	-0.893213	3.52076	1.44174	-25.9778	-4.11604	189.425	-2.39824	1691.3	-96.6055	-305.938	4973.75	-0.000145967	193.938
32.7620	-0.685612	-1.38132	-0.585468	4.42352	1.74319	-23.8437	-4.73733	63.1034	-2.42289	1693.4	-95.4069	-305.173	4974.98	0.000311811	194.705
32.7627	0.228537	1.06738	0.330264	1.98607	2.35921	-20.4977	-5.95402	35.301	-2.44755	1694.32	-94.7676	-304.718	4975.43	0.000159203	195.473
32.7633	0.522371	2.57427	0.330264	1.08331	3.27667	-14.9912	-7.48136	-191.444	-2.4722	1694.05	-94.7676	-305.027	4975.43	-0.000145967	195.612
32.7640	0.228537	-1.06738	0.022518	2.88883	3.57813	-5.53279	-9.29345	-334.263	-2.48995	1694.16	-95.0873	-305.336	4974.98	-0.000298575	196.844
32.7647	-0.0816205	-4.14395	-0.585468	3.83672	3.87958	2.08138	-10.2254	32.2439	-2.5146	1694.32	-95.4069	-305.629	4974.06	-0.000298575	198.216
32.7653	0.832529	-4.39509	-1.20096	3.52076	4.79705	6.05972	-9.91474	298.962	-2.54517	1694.05	-95.6466	-305.938	4973.6	-0.000145967	199.286
32.7660	1.74668	-3.51608	-1.5012	1.6701	4.19414	8.50996	-9.00869	158.278	-2.56983	1694.32	-95.4868	-305.629	4973.91	-0.000145967	200.053
32.7667	1.43652	0.43951	-1.80894	-3.52076	3.57813	7.58783	-6.54942	38.9926	-2.59349	1694.48	-95.2471	-305.629	4974.06	-0.000145967	200.797
32.7673	2.36699	2.26033	-1.80894	-5.64224	4.19414	6.05972	-4.42668	81.6767	-2.61223	1694.48	-95.2471	-305.938	4974.21	6.59448e-006	201.425
32.7680	2.05684	-5.02297	-1.80894	1.6701	4.19414	13.0679	-3.8054	187.926	-2.63688	1695.08	-95.0873	-305.336	4974.52	-0.000298575	201.867
32.7687	1.43652	-13.8759	-2.11669	10.8331	2.96211	26.8209	-3.20999	99.0965	-2.66055	1696.64	-94.1284	-303.644	4975.89	-0.000451137	202.797
32.7693	3.28114	-17.8315	-1.80894	14.8052	1.74319	35.041	-1.37201	-261.931	-2.67337	1698.58	-92.4504	-302.277	4978.03	-0.000145967	204.308
32.7700	6.33375	-16.3246	-1.80894	13.5865	0.825722	34.7512	0.465967	-445.357	-2.69802	1699.39	-91.7312	-302.277	4977.72	0.000159203	204.773
32.7707	7.2479	-14.1899	-1.80894	11.7359	1.74319	33.8291	1.9933	-281.773	-2.72169	1698.15	-93.0896	-303.644	4975.59	-0.000145967	205.54
32.7713	7.2479	-15.3828	-2.11669	11.465	2.05775	33.5392	2.89935	-86.4643	-2.73451	1696.8	-94.9274	-305.027	4974.21	-0.000451137	206.61
32.7720	7.54173	-13.8759	-2.11669	9.61438	1.74319	28.349	5.95402	3.28783	-2.75226	1695.72	-96.126	-306.556	4972.84	-0.000145967	207.052
32.7727	6.93774	-9.29249	-2.41693	7.4929	0.825722	19.1803	9.31934	52.7207	-2.77691	1694.97	-96.7653	-307.614	4972.08	-0.000145967	207.982
32.7733	6.33375	-7.15773	-2.72468	6.27417	-0.393201	13.9901	9.91474	48.1062	-2.79565	1695.24	-97.0849	-307.777	4972.23	-0.000298575	208.889
32.7740	6.62758	-3.83001	-2.11669	3.20479	-0.393201	9.40574	9.00869	-83.1188	-2.81931	1695.89	-96.6055	-307.305	4972.53	0.000159203	209.656
32.7747	6.62758	0.43951	-2.11669	0.451379	-0.694655	3.31967	8.3874	-217.055	-2.83213	1696.91	-95.4868	-306.394	4973.14	6.59448e-006	211.028
32.7753	6.02359	3.51608	-1.80894	-1.98607	-1.91358	-2.18677	8.3874	-159.085	-2.84988	1697.83	-94.9274	-306.084	4973.45	-0.000145967	212.097
32.7760	5.10944	5.65084	-1.20096	-4.73948	-2.83105	-7.66687	8.3874	11.4786	-2.87454	1698.31	-94.7676	-306.084	4973.6	6.59448e-006	213.004
32.7767	4.19529	6.52986	-0.893213	-5.05545	-3.1325	-14.0691	8.3874	109.191	-2.89327	1698.31	-94.7676	-305.938	4973.75	-0.000298575	213.934
32.7773	3.57498	5.65084	-0.893213	-1.98607	-2.83105	-15.5972	7.792	164.68	-2.90511	1698.58	-94.6078	-305.938	4974.06	-0.000145967	214.701
32.7780	4.19529	0.125574	-0.893213	4.42352	-2.52959	-10.7231	6.26466	252.875	-2.92976	1699.07	-94.6078	-306.084	4973.75	0.000311811	216.073
32.7787	4.19529	-8.97855	-0.285228	11.7359	-2.83105	-2.79274	4.42668	280.966	-2.95441	1697.99	-95.6466	-307.305	4971.92	0.000159203	217.143
32.7793	3.28114	-16.9525	-0.285228	16.9267	-3.74852	4.53162	2.89935	235.224	-2.96625	1696.8	-96.2858	-308.232	4970.7	6.59448e-006	218.05
32.7800	3.28114	-18.4594	-0.285228	19.6801	-3.74852	4.53162	1.37201	227.264	-2.984	1696.48	-95.9662	-308.379	4970.55	0.000311811	218.956
32.7807	3.88513	-12.0551	-0.285228	17.8746	-3.1325	-6.13876	-0.465967	246.472	-3.00865	1697.24	-95.2471	-308.069	4971.31	0.000464373	219.259
32.7813	4.19529	-3.51608	-0.893213	10.5171	-2.83105	-19.5755	-2.27806	203.788	-3.02738	1699.39	-92.6102	-306.556	4973.3	0.000616981	219.724
32.7820	4.79928	2.88821	-0.585468	1.98607	-2.83105	-27.822	-2.5887	23.1302	-3.03922	1700.91	-89.5738	-304.571	4974.37	0.000311811	219.886
32.7827	5.10944	11.7412	-0.585468	-6.86097	-2.83105	-34.8302	-3.49475	-243.934	-3.06387	1702.09	-86.5374	-302.879	4974.98	0.000311811	220.793
32.7833	4.48913	24.2358	-1.20096	-20.3121	-2.83105	-40.3367	-4.11604	-299.481	-3.0757	1703.01	-82.5421	-301.659	4975.59	0.000616981	222.63
32.7840	5.10944	37.1072	-0.893213	-34.6208	-2.21503	-38.4924	-2.27806	-125.226	-3.09444	1702.9	-79.3459	-301.822	4974.82	0.000311811	223.7
32.7847	5.10944	44.7044	-0.585468	-39.8117	-1.31067	-34.8302	-1.06137	5.99886	-3.11219	1702.26	-76.4693	-302.131	4974.21	6.59448e-006	224.769
32.7853	4.19529	40.1209	-0.585468	-30.0619	-1.91358	-32.0902	-1.37201	243.761	-3.13093	1702.74	-72.6339	-301.659	4974.37	0.000311811	226.583
32.7860	3.57498	27.6263	-0.285228	-16.024	-2.83105	-30.8782	-1.37201	353.932	-3.14966	1703.5	-69.118	-301.512	4974.67	0.000616981	227.35
32.7867	2.66083	23.6707	-0.285228	-12.3678	-2.83105	-33.6183	-1.06137	-209.441	-3.16741	1703.17	-67.1204	-302.277	4974.06	0.000616981	227.513
32.7873	2.36699	27.9402	-0.285228	-16.9267	-1.91358	-37.5703	-1.06137	-671.468	-3.18615	1702.58	-65.9218	-302.879	4973.3	0.000159203	228.582
32.7880	4.19529	26.9984	0.330264	-17.5587	-0.694655	-40.6265	-1.37201	-374.871	-3.19798	1703.82	-63.4448	-301.822	4974.52	6.59448e-006	230.094
32.7887	4.79928	22.415	0.330264	-14.8052	-0.0786402	-46.4227	-1.37201	-53.8167	-3.21672	1705.76	-61.2074	-299.837	4976.2	6.59448e-006	230.559
32.7893	3.88513	19.0873	0.022518	-12.6838	-0.0786402	-50.6909	-0.750724	31.667	-3.24039	1707.01	-59.6892	-298.47	4977.26	-0.000145967	231.163
32.7900	3.28114	12.683	0.022518	-8.39565	-0.393201	-46.1329	-0.155322	91.4826	-3.25321	1707.76	-58.2509	-297.542	4977.57	-0.000145967	232.396
32.7907	2.97098	1.38132	0.022518	1.08331	0.524268	-34.8302	0.155322	23.1302	-3.27096	1707.76	-57.8514	-297.396	4976.35	6.59448e-006	233.767
32.7913	2.97098	-10.8622	-0.585468	11.465	1.74319	-21.3935	-0.465967	-19.0348	-3.28969	1706.25	-57.5318	-297.998	4974.21	-0.000451137	235.139
32.7920	3.88513	-16.0107	-0.893213	13.5865	1.74319	-7.98302	-2.27806	49.0291	-3.30843	1704.74	-56.0136	-298.47	4972.84	-0.000756307	236.674
32.7927	4.48913	-11.7412	-0.585468	7.4929	1.74319	3.31967	-2.5887	159.489	-3.32618	1703.93	-54.016	-298.47	4972.38	-0.000298575	237.581
32.7933	4.48913	-8.7274	-0.585468	4.42352	2.05775	12.1721	-2.5887	249.875	-3.34491	1703.66	-51.5389	-298.47	4971.92	0.000159203	238.348
32.7940	3.88513	-11.4272	-0.893213	6.86097	1.74319	22.8425	-2.89935	175.063	-3.36267	1704.74	-47.7833	-296.94	4972.53	6.59448e-006	239.255
32.7947	3.57498	-12.0551	-0.285228	8.39565	0.825722	34.1452	-1.37201	7.21016	-3.37548	1705.49	-44.7469	-295.102	4973.45	6.59448e-006	239.859
32.7953	3.57498	-8.97855	0.022518	5.05545	0.222814	41.4696	-1.06137	-137.743	-3.39915	1705.6	-43.3087	-294.5	4973.45	6.59448e-006	240.789
32.7960	3.57498	-9.29249	-0.893213	3.52076	-0.393201	48.7939	-1.68266	-253.394	-3.41789	1705.76	-42.7493	-293.881	4973.14	-0.000298575	241.859
32.7967	3.88513	-12.683	-0.585468	5.95821	-0.694655	56.4081	0.465967	-251.548	-3.44254	1706.52	-42.1101	-292.97	4973.3	-0.000298575	243.068
32.7973	3.88513	-9.29249	-0.585468	2.88883	-0.694655	56.4081	2.89935	-66.3335	-3.46029	1706.84	-42.2699	-292.352	4973.14	6.59448e-006	244.3
32.7980	4.19529	-0.125574	-0.893213	-4.73948	-0.393201	51.2178	2.89935	83.2341	-3.48494	1705.76	-44.1077	-292.661	4972.38	6.59448e-006	245.067
32.7987	4.48913	5.02297	-1.20096	-9.29841	0.222814	50.928	0.155322	-35.8201	-3.50368	1704.74	-46.6647	-293.279	4971.16	-0.000145967	245.811
32.7993	4.19529	5.65084	-0.893213	-10.5171	-0.393201	52.7459	-2.5887	-156.316	-3.52143	1704.58	-48.1829	-293.426	4970.25	0.000159203	247.183
32.8000	3.57498	1.06738	-1.5012	-5.95821	-3.1325	45.7377	-5.02209	40.2039	-3.54017	1705.17	-48.6623	-292.515	4970.4	0.000311811	248.881
32.8007	2.66083	-9.60642	-1.20096	5.32628	-3.74852	36.8853	-6.86007	316.67	-3.56383	1706.25	-48.1829	-290.676	4971.62	0.000311811	250.252
32.8013	2.97098	-19.7151	-0.285228	14.1733	-3.1325	35.3572	-6.54942	372.217	-3.58257	1707.76	-47.3039	-288.398	4973.14	0.000159203	250.555
32.8020	2.97098	-23.6707	0.022518	16.6108	-2.83105	32.9069	-6.86007	283.1	-3.60722	1709.6	-46.6647	-285.795	4974.67	0.000159203	250.996
32.8027	2.66083	-24.2358	0.022518	17.2427	-1.91358	24.0545	-7.48136	154.355	-3.63188	1711.27	-45.9455	-283.973	4976.04	0.000159203	252.694
32.8033	2.66083	-24.2358	0.330264	17.8746	-1.31067	14.596	-6.23878	13.6705	-3.65554	1712.35	-45.9455	-283.208	4976.65	-0.000145967	254.507
32.8040	2.05684	-24.2358	0.022518	17.8746	-0.694655	7.27167	-4.73733	-14.1319	-3.67428	1711.11	-48.103	-283.208	4975.89	-0.000298575	254.67
32.8047	1.74668	-24.2358	-0.285228	17.2427	-0.0786402	5.74356	-2.89935	85.3683	-3.69893	1709.92	-50.5001	-283.354	4974.82	6.59448e-006	255.135
32.8053	2.05684	-22.415	0.022518	15.1212	0.825722	11.5662	-1.37201	221.785	-3.71668	1710.51	-52.0183	-283.501	4974.52	-0.000145967	256.949
32.8060	1.43652	-14.8177	-0.285228	8.07969	1.44174	15.8343	1.06137	268.795	-3.74133	1710.95	-52.9772	-282.899	4974.21	0.000159203	258.321
32.8067	1.43652	-6.59264	0.022518	0.767345	1.44174	18.2582	2.89935	127.764	-3.76007	1710.95	-54.4954	-282.443	4973.91	0.000464373	259.251
32.8073	1.14269	-5.65084	0.330264	2.88883	2.05775	21.3144	4.11604	135.436	-3.78374	1710.84	-56.5729	-282.59	4973.75	-0.000145967	260.46
32.8080	0.832529	-4.39509	0.330264	5.95821	2.66066	16.1241	4.73733	249.529	-3.80839	1711.86	-56.7327	-281.06	4974.67	-0.000451137	261.227
32.8087	0.832529	2.57427	0.630503	0.767345	2.05775	1.1856	5.95402	-82.1959	-3.82713	1713.7	-55.8538	-278.929	4976.04	6.59448e-006	262.297
32.8093	0.228537	8.7274	0.938249	-3.20479	2.35921	-15.9134	6.86007	-494.156	-3.85079	1715.53	-54.8949	-277.399	4977.26	6.59448e-006	264.133
32.8100	-0.391778	13.8759	0.630503	-5.95821	2.35921	-30.8782	7.792	-341.589	-3.88136	1715.53	-55.5342	-276.342	4977.72	-0.000451137	264.598
32.8107	0.228537	22.101	0.938249	-12.9546	1.74319	-41.5486	7.792	139.993	-3.90602	1713.7	-57.5318	-276.797	4976.04	-0.000451137	264.901
32.8113	0.228537	23.3568	0.938249	-14.4893	1.44174	-44.2887	7.17071	439.07	-3.91785	1712.51	-59.05	-278.017	4973.75	0.000159203	267.342
32.8120	0.522371	14.8177	0.330264	-7.4929	1.44174	-40.6265	7.48136	360.912	-3.9425	1712.19	-59.9289	-278.782	4972.69	6.59448e-006	268.714
32.8127	0.228537	15.1317	0.330264	-9.61438	1.14028	-40.0205	8.3874	-19.6116	-3.96716	1711.86	-60.5682	-278.62	4972.38	-0.000451137	269.621
32.8133	0.228537	29.7611	0.630503	-22.7495	0.825722	-43.6827	8.3874	-546.646	-3.98589	1712.02	-60.2486	-278.017	4972.23	-0.000298575	271.155
32.8140	0.522371	34.6585	1.24599	-25.187	1.14028	-47.0287	7.48136	-976.025	-4.00364	1712.78	-59.6892	-277.253	4972.99	-0.000145967	272.062
32.8147	-0.391778	25.1776	0.938249	-16.024	1.74319	-48.5568	5.33273	-1005.96	-4.03421	1713.43	-59.2098	-276.342	4973.6	-0.000298575	272.969
32.8153	-0.99577	15.3828	0.022518	-7.4929	2.35921	-48.873	2.89935	-689.176	-4.05887	1713.54	-58.5706	-274.959	4973.6	-0.000298575	274.201
32.8160	-0.391778	11.7412	0.022518	-4.73948	2.35921	-54.0633	1.68266	-368.122	-4.07662	1714.18	-57.8514	-274.194	4973.91	6.59448e-006	275.41
32.8167	-0.0816205	13.562	0.938249	-7.4929	2.35921	-61.9936	0.776611	-62.3535	-4.09535	1714.78	-58.0112	-274.047	4974.06	6.59448e-006	276.177
32.8173	0.228537	14.5038	0.630503	-10.2012	2.35921	-55.5914	0.465967	265.103	-4.11409	1714.35	-58.0112	-274.047	4973.3	-0.000298575	277.108
32.8180	0.228537	8.41347	-0.285228	-7.17693	2.35921	-27.2161	-0.155322	378.332	-4.13775	1713.86	-57.8514	-274.194	4972.69	6.59448e-006	278.479
32.8187	1.14269	1.69525	-0.893213	-4.10755	2.35921	6.37588	-1.68266	208.633	-4.16241	1713.27	-58.7304	-274.666	4971.77	0.000159203	279.851
32.8193	1.74668	2.00919	-0.893213	-7.4929	2.66066	24.0545	-4.73733	41.1268	-4.18706	1712.19	-59.6892	-275.268	4970.7	0.000159203	281.223
32.8200	1.43652	2.57427	-0.585468	-10.2012	2.96211	32.0111	-7.48136	66.4489	-4.20481	1712.35	-59.05	-274.666	4970.86	0.000464373	283.06
32.8207	1.74668	-1.06738	-0.585468	-6.545	2.96211	42.9977	-9.00869	9.69046	-4.22355	1714.02	-57.2122	-272.372	4972.08	6.59448e-006	283.967
32.8213	2.36699	-3.51608	-0.893213	-2.88883	3.27667	51.8501	-9.91474	-175.236	-4.2482	1715.37	-55.3743	-270.077	4973.6	-0.000145967	283.664
32.8220	1.43652	-3.51608	-0.893213	-0.451379	3.27667	50.322	-10.2254	-131.629	-4.27187	1716.61	-54.3356	-268.548	4974.67	0.000616981	285.036
32.8227	0.832529	-6.59264	-0.893213	3.83672	1.44174	45.4216	-9.29345	123.784	-4.29652	1717.96	-52.6576	-266.416	4975.59	0.000922151	286.873
32.8233	0.522371	-13.2481	-1.20096	10.2012	-0.393201	43.2875	-6.54942	300.52	-4.31526	1718.88	-51.5389	-264.887	4976.04	6.59448e-006	287.478
32.8240	-0.391778	-19.9663	-0.893213	16.9267	-0.996109	38.7032	-4.73733	278.255	-4.34583	1718.29	-52.3379	-265.05	4974.67	6.59448e-006	288.547
32.8247	-0.685612	-22.415	0.022518	21.5308	-1.31067	30.483	-4.11604	216.882	-4.36949	1717.85	-53.2169	-265.343	4973.75	0.000311811	289.919
32.8253	-0.391778	-20.5942	0.330264	20.3121	-2.52959	24.6868	-3.49475	324.919	-4.38823	1718.12	-52.4978	-264.431	4973.75	-0.000145967	290.988
32.8260	-1.30593	-19.7151	0.330264	17.8746	-3.44706	23.7646	-3.8054	435.09	-4.41288	1718.29	-51.2992	-263.065	4974.21	-0.000298575	292.36
32.8267	-1.90992	-19.7151	0.330264	16.024	-3.74852	26.8209	-5.02209	314.536	-4.43753	1718.61	-51.5389	-262.756	4974.52	6.59448e-006	294.034
32.8273	-1.59976	-17.2664	0.630503	11.7359	-2.83105	29.8771	-5.33273	121.65	-4.45528	1718.61	-51.459	-262.446	4974.21	6.59448e-006	295.569
32.8280	-1.30593	-13.8759	0.330264	8.07969	-1.61212	32.301	-4.42668	-30.9172	-4.47994	1719.2	-49.4614	-260.933	4974.98	0.000311811	296.173
32.8287	-1.90992	-11.7412	0.330264	6.27417	-1.61212	32.301	-3.20999	-144.434	-4.51051	1720.88	-47.4637	-259.095	4976.5	0.000464373	297.383
32.8293	-1.59976	-10.8622	0.330264	6.27417	-2.21503	27.4268	-1.68266	-68.1216	-4.52234	1722.39	-46.1053	-257.419	4977.11	0.000159203	299.219
32.8300	-1.30593	-13.2481	0.630503	12.0518	-2.83105	20.3923	-1.68266	82.9457	-4.55291	1722.28	-45.3063	-256.508	4976.96	-0.000298575	299.219
32.8307	-1.59976	-20.5942	0.330264	20.8989	-3.1325	19.1803	-3.8054	24.3415	-4.57756	1720.72	-46.1053	-257.11	4976.04	-0.000451137	299.824
32.8313	-1.90992	-27.6263	0.022518	27.3084	-3.1325	21.0246	-5.64338	-131.917	-4.5894	1719.37	-47.7833	-258.184	4974.21	-0.000298575	302.265
32.8320	-1.90992	-29.1332	0.330264	30.3778	-1.91358	16.7301	-8.07676	-163.065	-4.61405	1718.88	-48.5025	-258.948	4972.84	6.59448e-006	304.404
32.8327	-2.82407	-24.8637	0.630503	28.8431	-1.91358	7.27167	-9.60409	-120.323	-4.63279	1718.61	-47.7833	-258.786	4972.38	-0.000298575	305.637
32.8333	-3.73822	-16.6386	0.938249	21.5308	-1.61212	-6.45492	-9.29345	-38.5311	-4.65645	1719.04	-46.6647	-257.874	4972.99	-0.000298575	306.706
32.8340	-3.73822	-0.43951	1.54623	4.73948	-0.694655	-31.168	-8.3874	-33.0514	-4.68111	1719.96	-45.7857	-257.11	4973.3	0.000464373	308.218
32.8347	-3.44438	26.9984	1.54623	-23.3363	-0.0786402	-60.4655	-7.17071	-278.428	-4.70576	1720.28	-44.2675	-255.743	4973.6	0.000311811	309.287
32.8353	-3.44438	51.1087	1.24599	-45.0025	0.524268	-77.5644	-4.42668	-585.696	-4.72351	1720.61	-42.7493	-254.523	4974.06	0.000159203	310.054
32.8360	-3.44438	59.3338	1.54623	-48.9747	1.14028	-82.4386	-1.96742	-589.099	-4.74816	1720.72	-41.7905	-253.904	4973.45	0.000159203	311.287
32.8367	-2.82407	59.0198	1.85398	-48.0719	0.825722	-85.4948	-0.465967	-445.011	-4.77282	1721.04	-39.9526	-252.83	4973.75	-0.000298575	312.496
32.8373	-2.82407	58.1408	1.54623	-47.1691	0.524268	-89.157	0.776611	-378.793	-4.79155	1721.47	-37.5555	-251.317	4974.82	6.59448e-006	313.728
32.8380	-2.82407	50.2297	0.938249	-35.8395	-0.0786402	-84.5726	1.06137	75.2741	-4.8093	1720.72	-37.7153	-251.773	4973.3	0.000311811	315.1
32.8387	-1.59976	33.7167	0.330264	-17.2427	-0.694655	-65.6558	1.68266	649.318	-4.83395	1719.2	-38.4344	-252.83	4970.4	0.000311811	316.472
32.8393	-0.99577	18.4594	0.630503	-5.32628	-0.996109	-45.527	4.11604	759.49	-4.8517	1718.77	-37.5555	-252.082	4970.09	0.000159203	317.844
32.8400	-0.99577	8.41347	0.938249	-0.451379	-0.694655	-34.8302	7.17071	683.523	-4.87044	1719.69	-36.277	-250.699	4970.86	0.000159203	319.053
32.8407	-0.99577	-0.753445	0.022518	5.32628	0.222814	-25.3718	10.2254	505.865	-4.88918	1721.04	-34.7588	-248.421	4972.08	6.59448e-006	320.285
32.8413	-0.685612	-12.683	-0.285228	12.9546	0.825722	-8.27284	12.9694	294.405	-4.90693	1723.2	-32.5214	-245.509	4974.21	0.000159203	321.192
32.8420	-0.391778	-23.9847	-0.285228	19.3642	0.825722	10.644	13.5907	222.708	-4.92566	1724.22	-30.8434	-243.377	4975.13	0.000616981	322.122
32.8427	-1.30593	-28.8193	-0.585468	21.2148	1.14028	29.2447	12.0634	90.8481	-4.94933	1724.71	-30.5238	-241.848	4975.59	0.000464373	323.191
32.8433	-1.90992	-31.268	-0.285228	21.8016	0.825722	54.274	9.31934	-240.877	-4.96807	1725.47	-30.364	-240.627	4975.74	-0.000298575	324.865
32.8440	-1.30593	-28.8193	0.022518	17.8746	0.222814	74.719	6.57531	-338.82	-4.9868	1725.9	-29.7248	-240.025	4975.28	-0.000145967	327.005
32.8447	-1.30593	-16.3246	0.022518	5.64224	-0.996109	74.4292	5.33273	17.3044	-5.00455	1724.87	-30.0444	-240.025	4974.67	0.000159203	327.911
32.8453	-1.90992	-3.83001	-0.285228	-5.95821	-1.91358	64.6546	3.83128	113.113	-5.02329	1724.39	-30.6836	-239.407	4974.21	0.000159203	328.818
32.8460	-2.22008	3.20214	-0.285228	-12.9546	-0.393201	60.3864	2.5887	-140.8	-5.04104	1725.14	-30.0444	-237.731	4974.06	0.000159203	330.05
32.8467	-2.22008	7.15773	-0.285228	-15.1212	2.05775	52.4561	1.9933	-228.649	-5.06569	1725.14	-29.8846	-237.129	4973.91	-0.000145967	330.957
32.8473	-1.59976	2.88821	0.022518	-6.545	3.27667	34.7512	1.68266	-354.106	-5.07753	1725.14	-29.5649	-236.511	4974.06	-0.000451137	332.19
32.8480	-0.99577	-8.09953	0.630503	7.17693	2.66066	20.7084	0.465967	-529.284	-5.09035	1725.3	-29.1654	-234.379	4974.98	-0.000298575	332.957
32.8487	-1.30593	-18.4594	0.330264	18.1454	2.35921	17.6522	-1.06137	-393.79	-5.115	1726.81	-28.3664	-232.704	4975.59	6.59448e-006	334.468
32.8493	-1.30593	-21.536	0.022518	21.2148	1.74319	12.7781	-1.68266	-85.253	-5.13275	1728.97	-26.8482	-230.409	4976.65	-0.000145967	336.468
32.8500	-0.685612	-16.9525	-0.585468	16.6108	2.05775	0.869438	-2.89935	122.284	-5.1574	1729.57	-26.5285	-228.115	4977.57	-0.000145967	337.514
32.8507	-0.685612	-7.47166	-0.285228	7.4929	1.74319	-11.6452	-3.20999	141.204	-5.16923	1728.54	-28.3664	-228.424	4976.04	-0.000298575	338.584
32.8513	-1.90992	10.5482	0.938249	-8.07969	0.524268	-25.688	-1.68266	74.0628	-5.18205	1726.06	-31.163	-230.556	4973.14	-0.000298575	339.514
32.8520	-2.82407	26.3706	1.24599	-19.3642	-0.0786402	-38.2026	-1.37201	94.8281	-5.20572	1723.95	-33.4004	-231.174	4972.08	0.000311811	340.421
32.8527	-3.44438	23.6707	1.24599	-12.6838	-0.0786402	-37.5703	-1.68266	50.8749	-5.22446	1724.12	-33.72	-230.556	4971.77	0.000159203	342.397
32.8533	-4.04838	10.8622	2.16173	-1.35414	-0.0786402	-25.3718	0.465967	33.8012	-5.24319	1725.3	-32.921	-229.189	4971.92	-0.000298575	344.396
32.8540	-4.96252	0.753445	2.16173	3.20479	-0.393201	-10.7231	1.9933	221.785	-5.26094	1725.79	-32.042	-227.351	4972.84	-0.000145967	345.605
32.8547	-5.58284	-6.84379	1.24599	7.4929	0.222814	0.579626	1.37201	309.691	-5.27376	1726.22	-31.243	-225.984	4973.45	-0.000145967	346.838
32.8553	-5.27268	-13.562	1.24599	12.6838	0.222814	8.79977	-0.155322	232.167	-5.29151	1727.3	-30.364	-224.91	4973.75	6.59448e-006	347.907
32.8560	-5.27268	-16.0107	1.24599	12.6838	-1.61212	15.5182	-1.96742	130.533	-5.31617	1727.73	-29.485	-223.852	4973.75	-0.000145967	349.116
32.8567	-5.27268	-11.7412	1.85398	7.76372	-3.74852	20.3923	-2.5887	-42.2227	-5.328	1727.3	-29.1654	-222.469	4973.91	-0.000145967	350.349
32.8573	-4.65237	-2.88821	1.54623	-0.767345	-2.83105	22.8425	-1.96742	-225.938	-5.34674	1727.3	-29.1654	-221.558	4974.06	6.59448e-006	351.558
32.8580	-3.44438	7.47166	0.630503	-10.2012	-0.996109	23.1587	-2.27806	-197.558	-5.36449	1726.54	-29.5649	-221.867	4972.84	-0.000145967	352.627
32.8587	-2.82407	16.0107	0.630503	-17.8746	-0.694655	19.7863	-3.20999	-28.4946	-5.38914	1725.14	-30.5238	-222.323	4971.01	-0.000451137	353.999
32.8593	-2.53023	21.536	0.938249	-20.3121	-0.694655	9.7219	-2.27806	-0.115363	-5.39506	1724.71	-30.8434	-221.867	4970.4	-0.000145967	355.673
32.8600	-2.53023	21.8499	0.938249	-16.3399	0.222814	-2.47658	-0.465967	-120.323	-5.40788	1724.98	-31.0032	-220.484	4971.16	0.000769543	356.743
32.8607	-2.82407	17.8315	1.24599	-10.2012	-0.0786402	-9.80094	0.155322	-257.662	-5.43154	1726.38	-29.8846	-218.662	4971.77	0.000922151	358.115
32.8613	-3.13423	8.97855	1.24599	-1.35414	-0.0786402	-10.1171	-0.465967	-217.401	-5.44436	1728.54	-27.1678	-215.603	4973.75	-0.000145967	358.882
32.8620	-3.13423	-3.83001	0.630503	10.2012	0.222814	-5.84895	-1.37201	38.6465	-5.46211	1730.05	-25.33	-212.853	4975.28	-0.000603745	359.486
32.8627	-2.53023	-14.8177	0.630503	17.2427	-0.996109	-0.948478	-1.96742	276.986	-5.48085	1730.48	-24.6907	-211.942	4974.67	0.000159203	361.184
32.8633	-1.90992	-20.2802	0.938249	18.7774	-1.61212	6.05972	-2.5887	360.624	-5.49958	1730.65	-24.1314	-211.177	4974.21	0.000464373	363.462
32.8640	-2.22008	-21.536	0.630503	17.8746	-0.996109	15.5182	-3.20999	245.549	-5.51142	1730.65	-23.3323	-209.648	4974.52	-0.000145967	364.532
32.8647	-2.82407	-21.536	0.022518	18.1454	-0.393201	27.7166	-4.11604	58.2004	-5.52917	1729.89	-23.652	-208.428	4974.67	6.59448e-006	364.997
32.8653	-3.13423	-21.8499	0.022518	18.4614	-0.393201	34.7512	-5.64338	3.28783	-5.54199	1729.73	-23.8118	-207.972	4973.75	6.59448e-006	366.508
32.8660	-3.44438	-18.1455	0.022518	15.1212	-1.31067	28.349	-5.95402	-32.763	-5.55382	1729.89	-23.0127	-206.605	4974.06	0.000159203	368.206
32.8667	-4.04838	-14.1899	0.630503	12.0518	-2.52959	20.3923	-4.73733	-176.793	-5.57256	1730.48	-22.2936	-204.62	4975.43	0.000769543	370.322
32.8673	-4.65237	-17.5804	1.54623	15.392	-3.1325	24.9766	-4.42668	-308.941	-5.59031	1731.13	-21.8141	-203.709	4974.82	0.000159203	371.554
32.8680	-5.27268	-20.5942	2.16173	20.3121	-1.91358	29.2447	-4.42668	-264.353	-5.60313	1731.13	-21.8141	-202.635	4974.82	-0.000603745	371.693
32.8687	-5.58284	-17.2664	2.16173	20.5829	-0.694655	21.9204	-4.11604	58.8349	-5.61496	1732.16	-20.2959	-200.504	4976.81	-0.000145967	372.321
32.8693	-4.96252	-12.683	2.16173	17.2427	0.222814	10.3279	-2.89935	396.617	-5.6337	1733.56	-18.7777	-198.519	4977.57	0.000464373	373.832
32.8700	-4.35853	-4.14395	2.16173	7.17693	2.05775	-3.08255	-2.27806	506.5	-5.65145	1733.99	-19.2572	-197.445	4977.11	-0.000145967	375.669
32.8707	-5.27268	8.97855	1.54623	-7.17693	3.87958	-19.8917	-2.89935	442.416	-5.66427	1732.81	-20.6156	-197.608	4975.74	-0.000603745	377.204
32.8713	-4.96252	19.6524	1.24599	-16.9267	4.4956	-33.9081	-2.27806	18.2273	-5.68202	1731.13	-21.8141	-198.665	4973.75	-0.000145967	379.18
32.8720	-3.44438	31.5819	0.938249	-26.4057	5.09851	-41.8648	-0.750724	-705.039	-5.69484	1730.65	-22.4534	-198.828	4972.53	6.59448e-006	381.157
32.8727	-3.13423	44.3905	0.022518	-36.7874	5.09851	-47.3449	1.06137	-1063.93	-5.70667	1730.05	-22.4534	-197.754	4972.84	-0.000603745	382.087
32.8733	-3.44438	46.5252	0.022518	-38.0061	4.4956	-51.9292	4.42668	-696.79	-5.7185	1729.89	-21.4945	-196.225	4973.75	-0.000145967	382.993
32.8740	-2.53023	38.3001	0.022518	-30.3778	4.79705	-53.4573	6.57531	-106.595	-5.73132	1731.13	-20.4557	-195.004	4973.45	6.59448e-006	384.667
32.8747	-1.90992	30.075	0.022518	-22.4336	4.79705	-50.4011	8.10264	194.905	-5.74907	1731.56	-19.9763	-194.402	4972.53	-0.000756307	385.9
32.8753	-2.53023	21.536	0.330264	-14.1733	4.19414	-41.8648	13.2801	370.083	-5.75499	1731.13	-19.9763	-193.019	4973.3	-0.000756307	386.667
32.8760	-2.53023	12.3691	0.630503	-4.42352	3.87958	-32.0902	17.8621	468.949	-5.77373	1731.13	-20.4557	-191.49	4973.75	6.59448e-006	388.039
32.8767	-2.53023	3.83001	0.022518	3.52076	2.66066	-22.6317	17.8621	362.469	-5.78556	1731.89	-20.1361	-190.27	4973.3	6.59448e-006	389.411
32.8773	-3.13423	-5.3369	-0.285228	9.61438	1.14028	-12.5673	14.8074	209.556	-5.8043	1731.89	-19.8165	-189.212	4973.45	0.000159203	390.48
32.8780	-2.82407	-11.7412	0.330264	12.3678	0.222814	-7.66687	11.1314	125.976	-5.82303	1730.97	-20.7754	-189.049	4972.53	6.59448e-006	392.154
32.8787	-2.82407	-9.60642	0.630503	8.98245	-0.694655	-8.589	8.3874	123.784	-5.83487	1730.05	-21.8141	-189.049	4971.47	-0.000756307	393.666
32.8793	-2.82407	-4.14395	0.022518	2.57286	-0.694655	-11.935	5.64338	13.9589	-5.84078	1729.3	-22.4534	-188.756	4970.55	-0.000451137	395.2
32.8800	-2.22008	-4.70903	-0.893213	0.767345	0.222814	-11.935	1.68266	-369.045	-5.8536	1729.89	-22.4534	-187.536	4970.7	0.000311811	397.037
32.8807	-1.59976	-4.39509	-0.585468	-1.08331	0.222814	-4.61066	-4.11604	-549.991	-5.86543	1731.73	-20.7754	-184.933	4972.84	6.59448e-006	397.944
32.8813	-1.30593	2.57427	-0.585468	-6.545	-0.996109	3.00351	-9.60409	-383.984	-5.87727	1732.81	-19.2572	-182.183	4974.67	-0.000145967	398.246
32.8820	-1.59976	9.29249	-0.285228	-10.8331	-1.91358	4.84778	-10.8208	-220.112	-5.896	1732.91	-18.9375	-180.507	4975.43	0.000464373	398.548
32.8827	-1.90992	12.3691	0.330264	-14.1733	-2.52959	3.60949	-8.69805	107.922	-5.90192	1734.32	-18.2983	-178.831	4976.04	0.000464373	400.548
32.8833	-1.59976	10.5482	0.022518	-13.5865	-2.83105	6.05972	-7.76611	500.385	-5.91375	1735.67	-17.5792	-177.155	4975.43	6.59448e-006	403.431
32.8840	-1.59976	6.52986	0.022518	-8.39565	-3.74852	14.3062	-7.76611	619.728	-5.93249	1735.23	-17.5792	-176.7	4974.21	6.59448e-006	404.966
32.8847	-1.90992	5.96477	0.330264	-5.64224	-5.88491	24.0545	-5.64338	552.875	-5.94432	1733.83	-18.7777	-176.082	4974.06	0.000464373	405.733
32.8853	-1.90992	9.29249	0.330264	-8.71162	-5.88491	30.483	-2.5887	235.224	-5.95714	1733.08	-20.4557	-175.317	4973.91	0.000616981	406.803
32.8860	-1.30593	9.60642	0.630503	-10.5171	-3.44706	33.2231	-1.37201	-261.296	-5.97489	1733.56	-21.095	-174.097	4973.3	0.000464373	408.477
32.8867	-1.30593	1.38132	0.330264	-5.64224	-2.21503	34.435	-1.96742	-495.713	-5.98081	1734.16	-21.095	-172.876	4973.14	0.000159203	410.151
32.8873	-1.59976	-9.29249	0.022518	2.88883	-1.31067	37.8074	-2.27806	-471.602	-5.99363	1734.32	-21.095	-171.509	4973.75	-0.000298575	411.22
32.8880	-0.99577	-16.6386	0.022518	9.93034	-0.393201	43.6036	-1.37201	-409.941	-6.01138	1735.4	-20.1361	-168.76	4975.28	-0.000451137	412.592
32.8887	-0.99577	-22.7289	-0.285228	15.392	-1.31067	50.0059	0.155322	-289.387	-6.0242	1736.91	-19.2572	-165.864	4977.11	-0.000145967	413.824
32.8893	-0.99577	-29.1332	0.022518	21.5308	-1.31067	54.5902	0.776611	-89.5214	-6.03603	1737.83	-19.6567	-164.79	4977.26	6.59448e-006	415.034
32.8900	0.228537	-34.9724	-0.285228	27.9404	-0.996109	53.6681	0.465967	168.66	-6.04885	1737.99	-20.4557	-164.188	4976.04	-0.000145967	416.708
32.8907	0.522371	-35.8514	-0.893213	28.8431	-1.91358	43.8935	-0.155322	340.204	-6.06069	1736.58	-21.6543	-163.879	4974.82	-0.000298575	417.94
32.8913	-0.391778	-30.3889	-0.893213	25.187	-3.1325	31.089	1.9933	352.375	-6.07942	1734.64	-23.652	-164.334	4973.45	-0.000298575	419.614
32.8920	-0.685612	-23.0429	-0.285228	19.6801	-3.1325	22.5527	4.73733	354.509	-6.08534	1733.4	-25.1702	-164.334	4972.08	-0.000145967	421.288
32.8927	-0.0816205	-12.3691	-0.285228	9.93034	-2.21503	13.3841	5.64338	342.627	-6.09717	1733.08	-25.9692	-163.879	4971.92	-0.000298575	422.66
32.8933	-0.0816205	-0.753445	-0.285228	0.767345	-0.996109	-0.948478	5.95402	186.657	-6.11591	1733.56	-25.9692	-162.512	4972.69	-0.000298575	424.497
32.8940	-0.391778	5.96477	0.630503	-2.88883	0.524268	-12.8571	6.26466	-59.9309	-6.12774	1734.48	-25.4898	-160.982	4973.6	-0.000298575	425.566
32.8947	-0.391778	10.5482	1.24599	-5.95821	1.44174	-19.8917	6.57531	-233.552	-6.13958	1734.91	-25.6496	-159.762	4973.91	6.59448e-006	426.171
32.8953	-1.30593	7.47166	0.330264	-2.57286	1.74319	-21.7096	5.64338	-207.018	-6.1524	1735.07	-25.8094	-158.851	4973.75	6.59448e-006	427.543
32.8960	-0.685612	-6.27871	-0.285228	10.8331	1.44174	-14.7014	3.20999	-9.5751	-6.17015	1735.4	-25.9692	-157.321	4973.75	-0.000145967	429.24
32.8967	0.228537	-15.6968	0.022518	19.6801	1.14028	-2.47658	1.68266	206.211	-6.17705	1735.56	-26.3687	-155.792	4973.91	-0.000298575	430.612
32.8973	-0.391778	-13.8759	0.330264	16.6108	1.14028	4.24181	1.06137	420.151	-6.18296	1735.67	-26.8482	-155.19	4973.45	6.59448e-006	431.821
32.8980	-0.685612	-8.09953	0.330264	9.61438	1.14028	-1.5808	0.155322	402.731	-6.20072	1734.91	-27.1678	-155.027	4972.08	-0.000145967	433.193
32.8987	-0.685612	5.3369	0.630503	-4.10755	0.524268	-18.6534	0.776611	-134.686	-6.21353	1733.08	-28.2066	-154.718	4970.86	-0.000145967	434.727
32.8993	-0.99577	24.2358	0.938249	-18.1454	-0.0786402	-36.0422	1.9933	-848.146	-6.22537	1732.32	-29.0056	-154.425	4970.4	-0.000145967	436.239
32.9000	-0.99577	29.4471	0.630503	-16.6108	0.524268	-38.4924	1.68266	-1218.34	-6.2372	1733.08	-28.3664	-152.44	4971.31	-0.000145967	437.471
32.9007	-0.685612	18.7733	0.022518	-3.83672	0.524268	-26.8999	1.06137	-1057.82	-6.25002	1734.32	-27.6472	-150	4972.84	0.000616981	438.54
32.9013	-0.0816205	10.5482	-0.285228	1.6701	0.825722	-19.2594	-1.06137	-372.737	-6.26185	1736.31	-26.5285	-148.161	4973.6	0.000616981	440.075
32.9020	-0.0816205	17.2664	-0.585468	-8.07969	0.825722	-26.2939	-4.73733	323.707	-6.27467	1737.83	-24.5309	-145.411	4974.67	6.59448e-006	440.982
32.9027	0.228537	31.268	-1.20096	-23.0203	0.222814	-39.0984	-7.17071	542.839	-6.28059	1737.99	-23.1725	-142.971	4975.89	-0.000451137	441.889
32.9033	-0.0816205	38.614	-1.20096	-30.3778	0.222814	-46.4227	-6.23878	693.56	-6.28651	1738.15	-23.652	-142.369	4975.43	-0.000298575	443.888
32.9040	-0.99577	38.928	-0.585468	-32.4993	-0.694655	-45.8168	-5.02209	742.416	-6.29834	1737.34	-24.6907	-142.369	4974.21	-0.000145967	445.4
32.9047	-0.99577	36.1654	-0.285228	-31.2806	-2.21503	-41.5486	-4.11604	325.553	-6.30524	1736.31	-25.6496	-142.971	4972.99	-0.000451137	446.004
32.9053	-0.391778	32.7749	0.022518	-27.3084	-1.91358	-37.2805	-3.20999	-67.5448	-6.31708	1736.58	-25.4898	-142.06	4973.14	-0.000298575	447.701
32.9060	-0.0816205	26.1194	0.630503	-21.2148	-0.393201	-31.774	-3.20999	-124.015	-6.32891	1737.07	-24.6907	-139.928	4974.37	-0.000145967	449.678
32.9067	0.522371	12.683	0.630503	-11.465	-0.694655	-20.1815	-2.89935	27.9754	-6.32891	1736.91	-24.6907	-138.854	4974.06	-0.000298575	450.887
32.9073	0.228537	-2.26033	0.330264	-0.135414	-1.31067	-2.18677	-2.27806	255.009	-6.33483	1737.23	-24.6907	-137.78	4974.21	-0.000145967	452.282
32.9080	-0.685612	-13.8759	0.630503	8.07969	-0.694655	14.596	-1.96742	361.546	-6.34765	1738.26	-23.4921	-135.795	4975.74	0.000159203	453.654
32.9087	-0.391778	-21.8499	1.24599	12.9546	-0.694655	24.9766	-1.37201	279.466	-6.35356	1739.5	-21.8141	-133.208	4976.96	0.000159203	454.561
32.9093	0.228537	-26.1194	1.24599	15.392	-0.996109	34.435	-0.465967	76.8315	-6.35948	1740.74	-20.6156	-130.621	4977.72	-0.000298575	456.095
32.9100	-0.0816205	-27.6263	0.938249	16.9267	-1.31067	46.6599	0.155322	-96.5008	-6.3654	1740.25	-21.3347	-130.312	4977.26	-0.000451137	457.304
32.9107	-0.391778	-31.5819	0.938249	20.5829	-1.61212	59.1745	0.465967	-151.125	-6.3723	1737.99	-23.652	-131.386	4975.13	-0.000298575	458.071
32.9113	-0.391778	-38.928	0.630503	26.9925	-1.91358	67.7108	0.776611	-148.126	-6.37822	1736.15	-25.6496	-132.606	4973.3	-0.000451137	459.606
32.9120	0.522371	-43.1975	0.330264	31.5966	-0.996109	65.5767	0.776611	-139.531	-6.38413	1735.07	-26.6884	-132.753	4972.08	-0.000451137	461.722
32.9127	0.228537	-44.0765	0.330264	34.9368	-0.393201	59.7805	0.776611	-130.071	-6.39597	1735.23	-26.6884	-131.679	4971.92	6.59448e-006	463.559
32.9133	-0.0816205	-47.1531	0.330264	38.9089	-0.393201	61.5984	2.89935	-118.823	-6.40287	1735.99	-26.3687	-130.458	4972.99	6.59448e-006	464.931
32.9140	-0.0816205	-49.9157	0.022518	41.3463	-0.694655	68.6329	5.04797	-67.8332	-6.40879	1736.58	-26.2089	-129.092	4973.6	-0.000145967	466.302
32.9147	-0.391778	-44.3905	0.022518	38.3221	-0.393201	67.1048	5.95402	38.6465	-6.40879	1737.34	-25.6496	-127.253	4973.75	0.000311811	467.837
32.9153	0.228537	-30.3889	0.630503	27.6244	0.222814	53.0621	7.48136	52.3746	-6.4147	1737.34	-25.4898	-126.196	4973.75	0.000159203	468.906
32.9160	0.522371	-11.4272	0.330264	11.465	0.222814	31.089	7.792	-158.162	-6.42062	1737.23	-26.2089	-125.74	4973.6	6.59448e-006	469.976
32.9167	-0.0816205	13.8759	0.330264	-9.93034	-0.393201	1.79157	6.26466	-349.203	-6.43344	1737.34	-26.2089	-124.813	4973.6	-0.000145967	471.046
32.9173	0.228537	38.614	0.022518	-30.0619	-0.393201	-30.5621	3.83128	-316.267	-6.43936	1736.75	-26.129	-124.048	4973.14	-0.000145967	472.115
32.9180	0.832529	53.5574	-0.285228	-41.9783	0.524268	-56.4871	1.06137	-196.636	-6.43936	1735.83	-27.3276	-123.592	4972.53	0.000159203	473.626
32.9187	0.832529	60.5895	-0.285228	-46.5372	0.524268	-74.5082	-1.06137	68.2947	-6.44527	1734.91	-29.0056	-123.446	4971.62	0.000311811	475.463
32.9193	0.522371	59.0198	-0.585468	-43.7838	0.524268	-86.1007	-1.68266	400.597	-6.45119	1734.32	-30.0444	-123.283	4970.55	6.59448e-006	476.998
32.9200	0.228537	50.2297	-0.285228	-36.1555	0.222814	-86.1007	-1.06137	468.949	-6.45711	1734.75	-29.8846	-122.226	4970.86	0.000311811	478.207
32.9207	-0.391778	41.3767	0.330264	-29.7459	-0.996109	-77.5644	-0.465967	134.801	-6.45711	1736.15	-28.8458	-119.931	4972.84	0.000616981	479.439
32.9213	-0.391778	37.1072	0.938249	-28.2112	-0.694655	-66.5779	-1.37201	-405.961	-6.46302	1737.66	-27.4874	-117.182	4974.52	0.000159203	480.183
32.9220	-0.391778	30.954	0.630503	-24.871	0.222814	-55.2752	-2.89935	-534.129	-6.46993	1738.74	-26.6884	-114.904	4975.28	0.000159203	480.951
32.9227	-0.391778	16.6386	0.022518	-12.6838	0.825722	-44.2887	-3.49475	-178.005	-6.47584	1739.34	-26.5285	-113.521	4975.59	0.000311811	482.183
32.9233	-0.0816205	1.06738	-0.585468	2.30203	1.44174	-26.8999	-4.73733	182.1	-6.48176	1739.66	-26.5285	-112.463	4976.04	0.000464373	483.857
32.9240	-0.0816205	-10.2343	-0.585468	11.7359	1.74319	-6.13876	-6.54942	306.634	-6.48768	1739.07	-27.1678	-111.536	4975.89	0.000464373	485.531
32.9247	0.522371	-16.3246	-0.285228	16.3399	1.44174	6.66569	-6.54942	274.851	-6.48768	1737.99	-28.686	-111.536	4974.37	0.000769543	486.461
32.9253	0.228537	-19.9663	-0.285228	16.6108	1.74319	20.3923	-6.86007	368.584	-6.49359	1738.26	-29.1654	-111.08	4973.75	0.000311811	487.972
32.9260	-0.685612	-26.1194	-0.285228	17.8746	2.96211	43.8935	-7.17071	488.503	-6.49359	1738.58	-29.0056	-110.022	4974.21	-0.000298575	489.647
32.9267	-1.30593	-30.954	-0.285228	21.2148	2.96211	58.8583	-5.64338	253.798	-6.50049	1737.99	-29.3252	-108.949	4974.37	-0.000298575	490.577
32.9273	-1.90992	-29.7611	0.022518	22.1176	1.74319	55.5123	-2.89935	-181.985	-6.50641	1738.15	-29.5649	-107.419	4974.21	6.59448e-006	491.948
32.9280	-1.30593	-26.1194	0.330264	20.3121	1.14028	49.6897	-0.750724	-379.139	-6.51233	1739.18	-29.0056	-105.89	4974.98	6.59448e-006	493.32
32.9287	-0.685612	-20.2802	0.330264	16.024	0.524268	48.188	-1.06137	-415.767	-6.51825	1740.42	-27.8869	-103.905	4976.2	-0.000451137	494.088
32.9293	-0.685612	-8.09953	0.330264	5.95821	-0.694655	39.9415	-1.37201	-396.213	-6.51825	1741.33	-27.008	-101.936	4976.96	-0.000298575	494.994
32.9300	-0.391778	4.39509	0.022518	-3.52076	-0.996109	21.0246	-0.155322	-212.21	-6.53106	1741.17	-27.3276	-101.318	4976.81	-0.000145967	496.668
32.9307	-0.685612	9.29249	-0.285228	-5.05545	-0.393201	1.79157	2.30395	-10.1519	-6.53106	1739.82	-29.1654	-101.936	4975.28	-0.000298575	498.808
32.9313	0.228537	13.8759	0.330264	-7.76372	0.524268	-12.5673	5.04797	157.355	-6.53106	1738.15	-31.0032	-102.392	4973.75	-0.000603745	500.04
32.9320	0.832529	18.7733	0.330264	-14.4893	1.44174	-19.5755	6.26466	297.751	-6.53698	1736.91	-32.2018	-102.392	4972.69	-0.000603745	501.109
32.9327	0.522371	16.9525	-0.285228	-15.708	1.44174	-16.5193	6.86007	276.409	-6.5429	1736.75	-32.8411	-101.936	4972.08	-0.000451137	502.783
32.9333	0.832529	12.683	0.022518	-13.5865	0.222814	-9.51113	5.64338	101.231	-6.5429	1736.91	-32.6813	-101.009	4972.69	-0.000298575	503.993
32.9340	0.522371	8.97855	0.330264	-10.8331	-0.694655	-7.06089	5.04797	-82.4843	-6.54881	1737.5	-32.042	-99.3326	4973.6	-0.000145967	505.062
32.9347	0.522371	-1.06738	-0.585468	-1.35414	-0.694655	0.263466	3.83128	-129.206	-6.55473	1737.99	-32.042	-98.1123	4973.91	6.59448e-006	506.434
32.9353	1.14269	-14.5038	-0.893213	10.8331	-0.694655	14.9122	0.465967	-66.3335	-6.55473	1738.42	-32.042	-97.3476	4974.06	6.59448e-006	507.806
32.9360	1.43652	-20.5942	-0.893213	15.392	-1.31067	25.8987	-3.49475	-53.8167	-6.56065	1738.58	-31.7224	-95.9809	4974.37	-0.000145967	509.038
32.9367	2.36699	-23.6707	-1.20096	17.8746	-0.996109	35.3572	-5.95402	-131.629	-6.56755	1737.99	-32.2018	-95.2162	4974.21	-0.000451137	509.805
32.9373	1.74668	-29.4471	-1.20096	22.4336	-1.31067	49.3999	-6.23878	-179.216	-6.57347	1737.5	-33.5602	-95.2162	4973.45	-0.000298575	511.177
32.9380	0.228537	-32.5237	-0.893213	23.3363	-2.21503	60.3864	-4.73733	-61.4306	-6.56755	1736.75	-34.9186	-95.0697	4973.45	-0.000145967	512.688
32.9387	0.228537	-30.075	0.022518	21.8016	-1.31067	59.4643	-3.49475	131.744	-6.56755	1735.23	-36.0373	-94.907	4964.9	-0.000298575	514.06
32.9393	-0.0816205	-26.1194	0.330264	21.2148	-0.0786402	49.6897	-4.73733	225.419	-6.57347	1734.75	-37.5555	-95.2162	4965.67	-0.000145967	515.595
32.9400	-0.685612	-20.9081	0.022518	19.3642	-0.0786402	35.9631	-8.07676	185.734	-6.57347	1735.67	-37.955	-94.305	4999.85	0.000159203	516.804
32.9407	-0.685612	-12.3691	0.022518	13.9025	-0.393201	17.6522	-11.7527	-67.5448	-6.57347	1737.5	-36.5966	-92.32	4857.03	0.000311811	518.036
32.9413	-0.391778	-4.39509	0.022518	8.98245	-0.393201	-0.0526932	-13.2801	-470.045	-6.57938	1738.91	-35.2382	-90.4814	4999.85	-0.000145967	519.106
32.9420	-0.391778	1.69525	-0.285228	3.20479	-0.0786402	-14.9912	-12.0375	-562.854	-6.57938	1739.34	-34.7588	-89.1146	4999.85	-0.000145967	519.571
32.9427	-0.685612	16.9525	-0.285228	-11.1491	0.222814	-34.8302	-7.76611	-180.139	-6.57938	1739.82	-34.9186	-88.0408	2574.62	6.59448e-006	521.245
32.9433	-0.685612	37.9862	0.022518	-27.6244	1.14028	-56.8033	-3.20999	243.761	-6.5853	1740.25	-35.0784	-87.7316	-230.865	6.59448e-006	523.384
32.9440	-0.685612	48.346	0.022518	-35.8395	2.05775	-68.712	-1.68266	451.587	-6.59122	1738.91	-36.277	-88.4964	-208.435	6.59448e-006	523.384
32.9447	-1.59976	49.9157	0.330264	-37.6902	2.05775	-71.452	-1.06137	371.006	-6.5853	1737.5	-37.7153	-89.1146	41.3513	0.000464373	523.989
32.9453	-1.90992	45.6462	0.330264	-33.4021	1.74319	-69.0018	0.465967	-29.3598	-6.59122	1738.15	-37.8751	-88.4964	-135.803	0.000464373	525.825
32.9460	-0.685612	35.8514	0.022518	-24.871	1.44174	-58.9374	2.89935	-302.827	-6.59122	1738.42	-38.2746	-87.8943	-85.7544	-0.000145967	527.337
32.9467	-0.391778	29.4471	0.330264	-20.8989	1.44174	-47.0287	6.26466	-148.126	-6.5853	1738.26	-39.3933	-87.4388	-79.3457	-0.000145967	528.871
32.9473	-0.99577	24.5497	0.630503	-19.9961	0.825722	-38.8086	9.91474	126.264	-6.59122	1738.74	-39.7928	-86.5113	-88.1958	6.59448e-006	530.08
32.9480	-0.99577	10.8622	-0.585468	-10.8331	0.524268	-26.2939	12.374	212.902	-6.59122	1739.07	-39.7928	-84.8354	-85.7544	0.000159203	530.848
32.9487	-0.0816205	-5.96477	-0.893213	2.88883	1.14028	-7.66687	15.118	266.949	-6.59812	1740.25	-39.3933	-83.1596	-84.8389	6.59448e-006	532.219
32.9493	0.832529	-14.5038	-0.285228	9.93034	2.35921	4.84778	18.7681	397.251	-6.59812	1742.25	-38.4344	-81.4837	-83.9233	-0.000298575	533.754
32.9500	2.05684	-12.683	-0.585468	7.4929	2.66066	8.79977	21.5121	316.094	-6.59812	1741.33	-39.9526	-81.3372	-84.2285	0.000159203	534.661
32.9507	2.36699	-8.97855	-0.585468	2.88883	2.05775	14.596	23.6608	69.1599	-6.59812	1738.42	-43.3087	-82.5575	-86.0596	6.59448e-006	535.591
32.9513	1.43652	-9.92036	-0.285228	2.57286	2.35921	26.2149	25.4987	-44.6453	-6.59812	1736.58	-45.7857	-83.0131	-87.738	-0.000451137	536.963
32.9520	1.43652	-14.8177	0.022518	6.545	3.57813	44.5258	25.4987	-1.61508	-6.59812	1736.48	-47.6235	-83.306	-89.1113	-0.000298575	538.474
32.9527	1.14269	-21.222	0.330264	13.5865	4.19414	61.3086	22.1334	8.47915	-6.59812	1735.99	-49.3015	-83.306	-89.8743	-0.000145967	540.009
32.9533	1.14269	-26.9984	0.022518	21.2148	4.4956	67.1048	17.2408	6.63335	-6.59812	1736.15	-49.781	-82.3948	-89.2639	-0.000145967	541.845
32.9540	1.74668	-30.954	-0.285228	28.5272	2.96211	67.1048	12.9694	116.516	-6.60404	1737.66	-49.4614	-80.5725	-88.1958	-0.000145967	543.357
32.9547	1.74668	-34.3445	0.022518	32.4993	-0.0786402	64.3384	11.4421	153.432	-6.59812	1737.83	-50.1805	-79.1895	-87.738	6.59448e-006	544.124
32.9553	2.36699	-30.954	0.330264	26.4057	0.222814	53.3519	12.6588	38.9926	-6.59812	1737.34	-51.8585	-79.1895	-88.0432	0.000311811	545.054
32.9560	3.28114	-20.5942	0.022518	16.3399	1.74319	36.2793	12.374	12.7476	-6.59812	1737.5	-52.6576	-78.7339	-88.3484	6.59448e-006	546.263
32.9567	2.36699	-9.92036	-0.285228	10.5171	1.14028	21.3144	10.2254	60.0462	-6.60404	1737.5	-53.3767	-77.8228	-87.738	-0.000145967	547.333
32.9573	1.43652	1.69525	0.022518	5.64224	1.44174	6.98185	8.3874	-68.1216	-6.60404	1737.34	-54.815	-77.6601	-88.0432	6.59448e-006	549.17
32.9580	1.14269	13.8759	-0.285228	-1.08331	1.44174	-8.90516	5.95402	-387.676	-6.59122	1736.58	-56.3332	-78.2784	-89.1113	6.59448e-006	550.541
32.9587	0.522371	21.8499	-0.285228	-9.93034	-0.393201	-20.1815	3.20999	-660.509	-6.59812	1735.23	-58.4107	-78.7339	-90.0269	-0.000145967	551.75
32.9593	-0.0816205	22.7289	0.022518	-16.9267	-1.61212	-23.8437	1.37201	-670.257	-6.60404	1734.75	-60.0888	-78.5875	-90.7898	0.000159203	553.285
32.9600	-0.685612	19.0873	0.330264	-18.1454	-1.61212	-23.8437	0.155322	-413.921	-6.60404	1735.4	-60.8878	-77.5136	-90.6372	0.000159203	554.355
32.9607	-0.0816205	16.0107	0.630503	-17.8746	-1.91358	-27.2161	-2.5887	-35.1856	-6.59812	1736.75	-60.0888	-75.6913	-89.1113	0.000159203	555.424
32.9613	0.522371	14.1899	0.630503	-16.9267	-3.44706	-32.0902	-6.54942	215.959	-6.60404	1738.42	-58.8902	-73.7063	-87.2803	0.000159203	556.029
32.9620	0.228537	9.92036	0.630503	-11.1491	-5.58345	-31.4842	-9.00869	343.55	-6.60404	1739.5	-58.8902	-72.1768	-86.3647	-0.000145967	556.633
32.9627	-0.391778	0.753445	0.938249	-1.08331	-7.71984	-22.6317	-9.00869	356.067	-6.59812	1739.5	-59.5294	-70.9565	-86.0596	6.59448e-006	558.331
32.9633	-0.391778	-8.41347	1.54623	8.07969	-8.0213	-14.0691	-8.69805	-57.1622	-6.59812	1739.18	-60.4084	-70.7938	-86.3647	6.59448e-006	560.005
32.9640	-0.685612	-9.29249	1.24599	11.1491	-6.80238	-13.7793	-10.536	-618.978	-6.59812	1738.74	-61.527	-70.7938	-86.8225	-0.000145967	560.911
32.9647	-0.99577	-4.70903	0.630503	7.76372	-6.18636	-15.3074	-12.6588	-632.706	-6.59122	1738.26	-62.406	-70.6474	-86.9751	-0.000145967	562.283
32.9653	-1.90992	-4.70903	0.630503	5.64224	-5.88491	-11.935	-12.3481	-222.881	-6.59122	1737.99	-63.6046	-70.3382	-87.4329	-0.000298575	563.655
32.9660	-2.53023	-7.7856	1.54623	8.71162	-4.35142	-9.19497	-10.536	104.288	-6.5853	1737.83	-64.4036	-69.5735	-87.2803	-0.000298575	564.26
32.9667	-2.22008	-5.02297	1.54623	5.64224	-4.04997	-10.1171	-9.60409	340.493	-6.59122	1737.66	-65.2826	-69.1179	-87.2803	0.000159203	565.492
32.9673	-1.59976	4.39509	0.630503	-6.86097	-3.74852	-11.6452	-10.2254	524.785	-6.59122	1738.15	-66.4013	-68.8251	-87.738	6.59448e-006	567.329
32.9680	-1.59976	9.29249	0.938249	-12.9546	-1.91358	-6.45492	-10.8208	476.275	-6.59122	1739.18	-65.762	-67.1329	-86.5173	-0.000145967	568.236
32.9687	-1.59976	9.29249	0.630503	-12.3678	-0.393201	-4.61066	-9.60409	232.456	-6.5853	1740.42	-64.8831	-65.1479	-84.8389	-0.000145967	569.142
32.9693	-1.30593	12.3691	0.330264	-14.1733	0.222814	-13.4631	-8.07676	76.8315	-6.59122	1740.85	-64.8831	-63.9276	-84.0759	-0.000298575	570.072
32.9700	-1.30593	7.7856	0.630503	-8.98245	1.14028	-10.7231	-7.17071	10.2673	-6.59122	1740.09	-66.4013	-64.2367	-84.8389	-0.000451137	571.444
32.9707	-1.59976	-4.39509	0.630503	2.88883	2.05775	7.27167	-5.95402	-31.8401	-6.5853	1738.26	-68.6386	-65.457	-86.8225	-0.000908915	572.816
32.9713	-0.99577	-9.92036	0.630503	8.07969	2.05775	17.9684	-5.33273	10.6134	-6.5853	1736.48	-70.7961	-66.0753	-87.738	-0.000603745	573.886
32.9720	-0.391778	-10.5482	0.630503	9.93034	1.44174	19.4965	-5.02209	-51.3364	-6.5853	1735.23	-72.6339	-66.84	-88.6536	0.000311811	574.955
32.9727	-0.391778	-11.7412	0.022518	10.2012	0.825722	20.3923	-5.33273	-148.702	-6.5853	1735.56	-73.5128	-66.84	-89.8743	-0.000298575	576.327
32.9733	-0.685612	-7.15773	0.022518	2.57286	1.14028	16.7301	-4.42668	-3.46088	-6.5853	1735.83	-73.6726	-65.6197	-89.1113	-0.000756307	577.536
32.9740	-0.99577	4.14395	0.330264	-10.8331	2.05775	7.27167	-2.27806	192.194	-6.57938	1736.58	-73.4329	-64.3994	-87.8906	6.59448e-006	579.071
32.9747	-0.99577	19.4012	0.022518	-25.5029	1.74319	-6.13876	-1.96742	178.466	-6.57938	1737.34	-72.9535	-63.472	-87.4329	0.000464373	580.303
32.9753	-0.685612	36.1654	0.022518	-38.5929	1.44174	-18.0474	-3.49475	49.3752	-6.57938	1737.07	-73.2731	-63.1791	-88.0432	6.59448e-006	581.21
32.9760	-0.391778	47.467	-0.285228	-45.3185	1.74319	-21.1036	-5.33273	-120.612	-6.57938	1736.91	-73.9923	-63.0164	-87.8906	-0.000298575	582.419
32.9767	-0.0816205	46.5252	0.022518	-41.0304	2.05775	-19.5755	-5.33273	-243.3	-6.57938	1737.34	-73.9923	-61.9426	-86.5173	0.000311811	583.651
32.9773	-0.0816205	34.9724	0.022518	-27.3084	1.14028	-21.7096	-3.8054	-151.471	-6.57938	1736.75	-75.1109	-62.2517	-87.4329	-0.000145967	584.558
32.9780	-0.685612	18.7733	-0.585468	-11.7359	0.222814	-21.1036	-2.27806	22.4957	-6.57938	1734.75	-77.8277	-64.2367	-90.1794	-0.000756307	585.488
32.9787	-1.59976	3.83001	-0.285228	0.451379	-0.996109	-16.2295	-0.465967	155.22	-6.57347	1733.72	-79.1861	-64.855	-91.095	-0.000145967	586.86
32.9793	-1.90992	-7.47166	0.630503	10.5171	-1.31067	-14.9912	1.37201	228.187	-6.57347	1733.56	-79.1861	-64.6923	-90.4846	0.000311811	588.232
32.9800	-1.59976	-20.5942	0.938249	21.8016	-0.0786402	-8.90516	2.30395	163.18	-6.57347	1734.48	-79.0263	-64.2367	-89.8743	0.000311811	589.301
32.9807	-1.90992	-36.7932	0.330264	33.718	0.825722	10.0381	2.30395	110.056	-6.56755	1735.99	-78.1473	-62.5609	-88.6536	0.000159203	589.906
32.9813	-1.30593	-44.7044	0.022518	38.9089	1.14028	28.349	1.37201	128.11	-6.56755	1737.07	-76.4693	-60.5758	-87.5854	-0.000145967	590.371
32.9820	-0.685612	-42.8836	0.330264	35.8395	0.825722	40.2313	0.465967	43.5494	-6.56755	1737.66	-75.5105	-59.2091	-86.3647	6.59448e-006	590.975
32.9827	-0.685612	-38.614	-0.285228	29.4299	0.524268	49.3999	0.465967	-55.9509	-6.56065	1737.66	-76.3095	-59.2091	-86.0596	0.000616981	592.045
32.9833	-1.59976	-30.954	0.022518	20.5829	0.825722	55.5123	1.06137	-101.692	-6.55473	1737.5	-76.7889	-59.8111	-86.6699	0.000769543	594.184
32.9840	-1.30593	-20.9081	-0.285228	11.465	1.74319	58.5422	1.37201	-222.534	-6.55473	1737.99	-76.6291	-59.2091	-86.8225	0.000159203	596.16
32.9847	-0.391778	-10.8622	-0.893213	3.52076	2.35921	50.928	0.155322	-381.273	-6.55473	1737.23	-77.5081	-59.502	-87.1277	0.000159203	596.462
32.9853	-0.685612	1.38132	-0.585468	-5.32628	2.96211	32.6171	-1.68266	-421.823	-6.55473	1736.31	-77.8277	-59.9738	-87.2803	0.000311811	596.927
32.9860	-1.90992	10.8622	-0.585468	-11.465	2.66066	20.1025	-1.06137	-229.283	-6.54881	1736.75	-77.3483	-59.2091	-87.1277	6.59448e-006	598.904
32.9867	-1.59976	13.562	-0.585468	-11.465	1.74319	15.2283	-1.96742	33.8012	-6.55473	1736.91	-77.8277	-59.3555	-87.4329	-0.000145967	600.276
32.9873	-0.99577	15.6968	-0.285228	-10.2012	0.825722	6.37588	-5.02209	105.788	-6.54881	1736.91	-77.6679	-58.8999	-86.9751	0.000159203	601.206
32.9880	-1.30593	23.3568	0.022518	-15.708	0.524268	-10.7231	-6.86007	9.69046	-6.5429	1738.15	-76.3095	-57.2241	-85.4492	0.000311811	602.275
32.9887	-1.30593	30.6401	0.330264	-23.3363	1.44174	-25.688	-7.76611	-101.692	-6.5429	1739.5	-75.6703	-55.8411	-84.0759	0.000159203	603.182
32.9893	-1.59976	28.8193	0.630503	-23.9682	1.74319	-32.38	-7.17071	-123.092	-6.5429	1740.09	-75.3507	-55.239	-83.7708	-0.000451137	604.089
32.9900	-2.53023	22.101	0.630503	-19.0933	1.74319	-32.6962	-2.5887	-39.7424	-6.53698	1739.66	-75.8301	-56.0038	-85.144	-0.000451137	605.321
32.9907	-2.22008	14.5038	0.630503	-13.2706	2.66066	-25.3718	1.68266	122.919	-6.53698	1737.34	-78.5469	-58.1352	-86.8225	-0.000145967	606.228
32.9913	-1.59976	3.51608	0.938249	-3.83672	3.57813	-16.5193	2.5887	313.325	-6.5429	1734.75	-81.1837	-59.8111	-88.1958	6.59448e-006	606.995
32.9920	-1.59976	-8.09953	0.330264	7.17693	3.87958	-14.0691	3.52064	383.811	-6.53698	1734.32	-82.0627	-60.7223	-89.5691	6.59448e-006	608.669
32.9927	-1.59976	-15.3828	0.022518	13.9025	3.57813	-4.92682	4.42668	283.734	-6.53106	1734.64	-82.7019	-60.885	-89.5691	-0.000298575	610.506
32.9933	-1.59976	-22.7289	0.330264	19.0933	3.27667	14.9122	5.04797	51.1633	-6.53106	1735.4	-82.5421	-59.8111	-88.3484	-0.000298575	611.413
32.9940	-1.30593	-33.0888	0.330264	25.5029	3.27667	30.1669	5.04797	-133.475	-6.51825	1736.31	-82.2225	-59.2091	-88.0432	6.59448e-006	612.18
32.9947	-1.30593	-39.2419	0.330264	28.8431	1.74319	36.5691	4.11604	17.3044	-6.52416	1736.31	-82.0627	-59.2091	-87.5854	-0.000145967	613.552
32.9953	-1.90992	-41.3767	0.330264	30.6487	0.222814	41.7594	2.30395	374.986	-6.53106	1735.99	-82.0627	-58.8999	-87.1277	-0.000298575	614.784
32.9960	-0.99577	-44.0765	0.630503	35.5687	1.14028	45.4216	1.68266	634.956	-6.52416	1735.83	-83.1814	-58.8999	-87.4329	6.59448e-006	615.691
32.9967	-0.0816205	-37.3583	0.330264	30.3778	2.05775	41.4696	1.37201	718.305	-6.52416	1736.48	-83.501	-59.2091	-87.4329	0.000311811	616.458
32.9973	-0.99577	-16.6386	0.022518	11.465	2.05775	32.301	1.68266	588.003	-6.51825	1735.99	-84.0603	-59.502	-87.5854	0.000159203	617.528
32.9980	-1.59976	1.69525	-0.285228	-3.83672	1.44174	20.3923	1.68266	142.415	-6.51233	1734.48	-86.058	-60.7223	-88.9587	-0.000145967	618.598
32.9987	-1.30593	11.1133	-0.285228	-10.2012	0.825722	1.79157	1.06137	-497.501	-6.51233	1733.24	-87.736	-62.4144	-90.332	-0.000145967	620.109
32.9993	-0.99577	24.8637	-0.585468	-21.2148	0.825722	-20.7875	-0.750724	-803.616	-6.51233	1732.48	-88.9345	-63.0164	-90.4846	6.59448e-006	621.481
33.0000	-0.391778	45.8974	-0.585468	-38.277	0.825722	-43.0767	-3.49475	-630.284	-6.50641	1733.08	-88.6149	-61.9426	-89.7217	-0.000145967	621.946
33.0007	-0.99577	62.0964	-0.285228	-50.8253	-0.393201	-62.9157	-6.23878	-615.633	-6.50641	1735.07	-86.9369	-60.5758	-88.0432	0.000464373	622.55
33.0013	-1.90992	66.6799	0.022518	-53.5787	-1.61212	-76.9585	-7.17071	-837.821	-6.50641	1736.48	-86.3776	-59.9738	-87.2803	0.000616981	623.48
33.0020	-1.90992	62.0964	0.022518	-49.2906	-0.694655	-83.6505	-7.48136	-558.586	-6.50049	1737.23	-85.4187	-58.8999	-86.8225	6.59448e-006	624.085
33.0027	-1.30593	49.6018	-0.585468	-39.5408	0.524268	-78.1704	-9.00869	30.7441	-6.49359	1737.5	-84.8594	-58.4444	-85.907	-0.000145967	624.55
33.0033	-0.685612	34.0306	-0.285228	-26.4057	-0.393201	-62.3097	-8.69805	207.71	-6.50049	1737.23	-85.5785	-59.2091	-86.0596	0.000159203	625.922
33.0040	-0.99577	18.4594	0.630503	-12.3678	-2.83105	-44.8946	-7.48136	231.244	-6.50049	1736.91	-86.3776	-59.502	-86.6699	0.000159203	627.596
33.0047	-1.90992	-2.00919	0.630503	3.20479	-5.26889	-24.1598	-7.48136	405.788	-6.48768	1736.75	-86.6972	-60.1202	-87.4329	-0.000145967	628.503
33.0053	-1.59976	-19.4012	0.022518	16.024	-5.88491	2.39754	-6.54942	467.161	-6.48768	1735.83	-87.4164	-61.1941	-87.8906	-0.000145967	628.665
33.0060	-0.685612	-28.8193	-0.285228	23.0203	-6.18636	28.0328	-5.02209	425.342	-6.48768	1735.83	-87.8958	-61.487	-87.8906	0.000159203	630.502
33.0067	-0.391778	-33.0888	-0.285228	25.7738	-6.18636	48.188	-3.8054	338.07	-6.48176	1736.31	-87.5762	-61.0314	-87.4329	6.59448e-006	632.176
33.0073	-0.685612	-35.2235	-0.585468	24.871	-5.26889	62.5205	-2.5887	127.764	-6.48176	1735.83	-87.8958	-61.0314	-87.1277	-0.000451137	632.013
33.0080	-0.685612	-35.5375	-0.893213	24.2842	-4.96744	70.1347	-1.37201	-41.5882	-6.48176	1736.91	-87.2565	-60.7223	-86.8225	-0.000451137	632.316
33.0087	-0.0816205	-34.3445	-0.285228	25.187	-4.35142	68.0006	0.776611	-91.0211	-6.47584	1738.15	-86.2178	-59.6647	-85.6018	-0.000451137	633.246
33.0093	-0.0816205	-33.0888	0.022518	26.0897	-2.52959	60.9924	2.5887	-143.511	-6.46993	1738.42	-85.7383	-59.2091	-84.2285	-0.000298575	634.315
33.0100	-0.391778	-33.0888	0.022518	26.9925	-0.694655	55.5123	3.20999	-199.693	-6.46302	1737.99	-86.3776	-60.4294	-84.8389	6.59448e-006	635.827
33.0107	-0.391778	-31.5819	-0.893213	26.9925	-0.694655	48.188	3.83128	-159.72	-6.46302	1736.15	-88.535	-62.5609	-86.8225	-0.000145967	637.664
33.0113	-0.685612	-26.3706	-0.893213	23.3363	-0.393201	36.8853	5.04797	-146.568	-6.46302	1734.64	-89.8934	-63.472	-87.8906	-0.000298575	638.896
33.0120	-0.99577	-17.8315	0.022518	16.3399	0.524268	27.7166	5.64338	-263.777	-6.46993	1733.83	-90.4528	-64.2367	-88.8062	-0.000298575	639.803
33.0127	-0.99577	-7.7856	0.022518	7.17693	0.524268	21.9204	5.95402	-304.673	-6.46302	1733.56	-90.9322	-65.0015	-89.1113	0.000159203	640.872
33.0133	-0.99577	1.69525	0.022518	-1.98607	0.222814	15.8343	5.64338	-282.062	-6.45711	1733.56	-90.9322	-64.855	-88.501	6.59448e-006	641.337
33.0140	-1.30593	5.96477	0.022518	-4.73948	0.524268	8.50996	5.33273	-333.975	-6.45711	1734.16	-90.4528	-64.5459	-88.1958	-0.000451137	641.779
33.0147	-1.59976	4.39509	0.022518	-0.767345	0.524268	2.7137	5.04797	-244.857	-6.45119	1734.91	-90.2929	-64.855	-88.3484	6.59448e-006	642.709
33.0153	-1.30593	5.3369	0.330264	0.135414	1.14028	-2.47658	4.11604	192.194	-6.45119	1734.64	-90.4528	-64.855	-88.1958	0.000311811	643.453
33.0160	-0.99577	11.1133	0.022518	-5.95821	1.14028	-11.329	3.52064	681.389	-6.44527	1734.64	-90.2929	-64.6923	-88.0432	6.59448e-006	644.383
33.0167	-1.30593	18.7733	0.022518	-12.9546	0.524268	-25.688	3.83128	825.131	-6.45119	1734.91	-90.4528	-64.855	-88.0432	-0.000298575	645.29
33.0173	-0.391778	26.6845	0.022518	-19.0933	0.825722	-40.9426	4.42668	699.674	-6.44527	1734.64	-90.9322	-65.457	-88.1958	6.59448e-006	646.522
33.0180	0.228537	30.3889	-0.285228	-21.8016	1.14028	-53.7471	3.52064	288.003	-6.44527	1733.08	-91.891	-66.5309	-89.2639	0.000159203	647.894
33.0187	0.832529	28.8193	-0.585468	-20.5829	0.524268	-59.5434	1.06137	-263.142	-6.44527	1732.05	-93.0896	-67.7512	-90.332	0.000159203	648.964
33.0193	0.522371	28.5053	-0.285228	-20.8989	0.524268	-56.4871	-0.750724	-464.277	-6.44527	1731.56	-93.8088	-68.5159	-90.7898	0.000159203	649.708
33.0200	-0.391778	27.6263	0.022518	-20.3121	1.14028	-48.873	-1.37201	-361.085	-6.43936	1732.05	-93.7289	-68.5159	-90.1794	0.000159203	650.033
33.0207	-1.59976	18.4594	0.022518	-12.6838	0.825722	-38.2026	-2.5887	-138.031	-6.43936	1733.72	-91.9709	-67.1329	-88.6536	0.000159203	650.475
33.0213	-2.22008	5.96477	-0.285228	-1.6701	0.222814	-25.3718	-3.49475	83.8109	-6.43936	1735.4	-89.8934	-65.6197	-86.8225	6.59448e-006	651.405
33.0220	-1.30593	-4.70903	-0.285228	6.545	0.825722	-11.6452	-4.42668	180.254	-6.43344	1736.31	-89.0944	-65.0015	-86.0596	-0.000145967	652.475
33.0227	-0.0816205	-12.9969	-0.585468	12.3678	0.825722	2.08138	-5.33273	255.932	-6.42654	1736.58	-88.7747	-64.855	-85.907	-0.000145967	653.381
33.0233	-0.685612	-15.1317	-0.285228	13.5865	0.524268	12.4619	-6.54942	286.791	-6.42654	1735.99	-89.0944	-65.3106	-86.0596	6.59448e-006	653.986
33.0240	-0.99577	-11.4272	-0.585468	12.3678	1.74319	21.0246	-6.23878	215.382	-6.43344	1735.4	-89.7336	-66.3682	-86.9751	-0.000145967	654.614
33.0247	-0.0816205	-10.2343	0.022518	13.9025	1.74319	28.349	-4.73733	106.134	-6.43344	1734.91	-89.8934	-66.6773	-87.2803	6.59448e-006	655.985
33.0253	0.522371	-13.562	0.022518	15.392	2.05775	28.0328	-4.42668	-44.9337	-6.42654	1735.23	-89.0944	-66.0753	-86.2122	0.000159203	657.195
33.0260	0.832529	-17.2664	-0.893213	13.5865	2.66066	22.2365	-5.33273	-159.373	-6.42654	1735.56	-89.7336	-67.1329	-86.8225	-0.000298575	658.101
33.0267	0.832529	-20.9081	-1.20096	12.3678	2.35921	19.1803	-3.49475	-133.475	-6.42654	1734.64	-90.9322	-68.6624	-88.3484	-0.000451137	658.729
33.0273	0.522371	-25.1776	-0.893213	14.1733	1.74319	19.1803	0.465967	-33.0514	-6.42062	1734.64	-90.2929	-68.0603	-87.2803	-0.000298575	659.031
33.0280	-0.391778	-23.0429	-0.585468	12.9546	1.14028	19.4965	2.30395	-18.6887	-6.42062	1736.48	-88.6149	-66.2218	-85.4492	0.000159203	659.496
33.0287	-1.30593	-11.1133	-0.893213	5.05545	0.524268	20.3923	1.9933	-124.88	-6.42654	1737.66	-87.0967	-65.3106	-84.5337	6.59448e-006	660.403
33.0293	-1.30593	1.69525	0.022518	-5.32628	0.825722	20.1025	2.30395	-182.561	-6.42062	1737.83	-86.5374	-65.457	-84.2285	-0.000298575	661.17
33.0300	-0.685612	11.7412	0.630503	-14.1733	0.222814	13.0679	1.68266	-246.991	-6.40879	1737.07	-87.8958	-66.84	-85.144	-0.000145967	662.077
33.0307	-0.391778	17.5176	0.330264	-17.8746	-0.694655	4.24181	0.155322	-397.136	-6.40879	1735.67	-90.0532	-68.8251	-87.1277	-0.000451137	662.984
33.0313	-0.391778	19.9663	0.022518	-17.2427	-0.393201	-3.71487	-0.155322	-464.854	-6.42062	1733.99	-90.9322	-69.5735	-88.0432	-0.000756307	664.054
33.0320	-0.391778	23.3568	0.330264	-18.7774	-0.0786402	-16.2295	1.37201	-543.3	-6.42062	1732.48	-91.9709	-70.7938	-88.8062	-0.000298575	665.123
33.0327	-0.0816205	24.8637	0.630503	-19.0933	-0.393201	-29.3501	3.20999	-419.689	-6.4147	1731.4	-93.2494	-72.7789	-89.8743	0.000464373	665.751
33.0333	0.832529	21.536	0.330264	-15.392	-0.694655	-34.8302	2.5887	186.368	-6.4147	1732.32	-92.4504	-72.3233	-89.2639	0.000464373	666.658
33.0340	0.832529	15.1317	-0.585468	-8.07969	-0.0786402	-34.5404	1.68266	641.416	-6.4147	1733.72	-91.092	-71.103	-88.1958	-0.000298575	667.867
33.0347	0.832529	6.84379	-1.5012	-0.135414	1.14028	-32.38	1.06137	641.416	-6.4147	1734.16	-90.6126	-70.9565	-87.8906	-0.000145967	668.495
33.0353	1.43652	1.06738	-2.11669	2.88883	1.44174	-29.9561	-1.37201	544.627	-6.42062	1733.99	-90.4528	-71.2657	-87.2803	-0.000145967	668.936
33.0360	0.522371	1.69525	-1.5012	-0.767345	1.14028	-26.5837	-5.64338	327.976	-6.4147	1733.72	-90.6126	-71.4121	-87.5854	-0.000145967	669.564
33.0367	-0.685612	5.96477	-0.585468	-7.4929	1.44174	-18.3636	-8.69805	-35.8201	-6.40879	1733.72	-90.7724	-71.4121	-87.5854	-0.000145967	670.308
33.0373	-0.391778	10.5482	-0.285228	-11.465	2.35921	-9.19497	-9.91474	-260.085	-6.40879	1733.4	-91.092	-71.8677	-87.738	6.59448e-006	671.238
33.0380	-0.685612	9.29249	-0.585468	-9.29841	1.74319	-2.18677	-10.2254	-284.83	-6.4147	1732.05	-92.6102	-74.1619	-89.7217	6.59448e-006	671.843
33.0387	-1.30593	-0.125574	0.022518	-0.767345	0.825722	6.37588	-8.69805	-288.464	-6.4147	1730.65	-93.9686	-75.9842	-91.2476	-0.000145967	672.447
33.0393	-1.30593	-8.97855	1.24599	8.98245	0.524268	9.11593	-5.02209	-290.598	-6.40879	1730.32	-93.9686	-75.9842	-90.6372	0.000159203	673.377
33.0400	-1.59976	-12.9969	1.85398	14.4893	-0.0786402	2.7137	-0.750724	-164.911	-6.40879	1731.56	-92.9298	-74.9266	-89.7217	0.000464373	673.982
33.0407	-1.30593	-17.5804	0.630503	17.2427	0.524268	3.00351	2.89935	57.5659	-6.40879	1733.4	-90.7724	-73.5436	-88.1958	0.000311811	674.447
33.0413	-0.0816205	-24.2358	-0.285228	20.5829	1.44174	17.9684	6.86007	260.2	-6.4147	1734.91	-89.414	-72.3233	-86.6699	0.000159203	675.051
33.0420	1.43652	-23.0429	0.022518	16.9267	1.44174	34.1452	11.4421	407.345	-6.4147	1735.4	-88.9345	-72.0141	-85.907	0.000311811	675.516
33.0427	2.05684	-7.47166	0.330264	0.451379	1.14028	37.2014	12.6588	467.161	-6.4147	1735.07	-88.7747	-72.0141	-85.907	0.000464373	676.26
33.0433	1.43652	10.5482	-0.285228	-15.392	1.14028	28.0328	9.62998	398.751	-6.40879	1735.67	-88.6149	-72.3233	-86.0596	0.000464373	677.958
33.0440	1.14269	15.1317	-0.585468	-17.5587	-0.0786402	18.2582	6.26466	114.67	-6.4147	1735.67	-88.7747	-72.9416	-86.3647	6.59448e-006	678.865
33.0447	0.832529	10.8622	-0.893213	-13.2706	-0.996109	11.25	5.64338	-279.639	-6.4147	1734.16	-89.5738	-73.7063	-86.5173	-0.000298575	678.26
33.0453	0.228537	7.7856	-1.20096	-10.2012	-0.996109	5.45375	5.04797	-471.891	-6.4147	1733.56	-90.4528	-74.1619	-87.1277	-0.000145967	678.702
33.0460	-0.391778	0.753445	0.330264	-2.88883	-2.21503	9.40574	3.52064	-337.897	-6.4147	1733.83	-90.4528	-74.6174	-87.4329	-0.000145967	679.632
33.0467	-0.0816205	-11.4272	1.54623	8.71162	-2.52959	22.5527	4.73733	-61.1422	-6.4147	1734.32	-89.7336	-74.6174	-86.9751	0.000159203	680.841
33.0473	0.228537	-17.5804	1.24599	15.392	-1.91358	27.4268	7.17071	56.9891	-6.4147	1734.91	-89.0944	-74.1619	-86.5173	6.59448e-006	681.469
33.0480	0.228537	-13.562	0.630503	12.3678	-2.21503	20.7084	6.26466	-24.2261	-6.42062	1735.99	-88.0556	-73.3971	-85.4492	-0.000451137	681.469
33.0487	-0.0816205	-12.683	0.022518	10.5171	-1.91358	19.1803	5.33273	-84.6185	-6.42062	1736.91	-86.857	-72.3233	-84.2285	6.59448e-006	682.073
33.0493	-0.391778	-17.8315	-0.285228	14.1733	-1.31067	23.7646	5.33273	-48.2793	-6.42062	1737.07	-86.857	-72.6324	-84.0759	0.000922151	683.143
33.0500	-0.391778	-16.3246	0.022518	13.2706	-1.91358	19.7863	4.73733	-45.8566	-6.4147	1736.15	-88.535	-74.3083	-85.2966	0.000464373	684.05
33.0507	-0.0816205	-7.15773	-0.285228	6.86097	-1.91358	6.37588	3.83128	-117.555	-6.4147	1734.16	-90.0532	-75.9842	-87.5854	-0.000908915	684.352
33.0513	-0.391778	1.38132	0.022518	1.35414	-1.61212	-5.24298	3.52064	-72.7361	-6.4147	1732.81	-90.7724	-77.058	-88.501	-0.000756307	685.119
33.0520	-0.0816205	5.02297	0.330264	-0.767345	-0.996109	-9.80094	3.20999	120.439	-6.4147	1732.16	-91.7312	-78.4248	-88.501	0.000311811	686.026
33.0527	0.228537	3.83001	-0.585468	0.767345	0.524268	-9.51113	1.9933	222.996	-6.42062	1731.89	-91.891	-79.0431	-88.9587	-0.000145967	686.956
33.0533	0.832529	2.26033	-0.585468	1.6701	0.825722	-11.6452	0.776611	183.6	-6.42062	1732.48	-91.2518	-78.2784	-88.501	-0.000145967	687.561
33.0540	1.43652	4.14395	0.330264	1.35414	0.524268	-18.9696	1.9933	153.432	-6.4147	1733.4	-90.7724	-77.8228	-87.8906	6.59448e-006	688.026
33.0547	1.74668	3.83001	0.330264	2.30203	-0.0786402	-26.2939	2.89935	49.3752	-6.4147	1733.4	-90.4528	-78.1319	-87.8906	6.59448e-006	688.63
33.0553	2.05684	0.753445	-0.585468	3.52076	-0.393201	-30.8782	1.9933	-242.088	-6.42062	1732.91	-90.2929	-78.5875	-87.738	-0.000298575	689.235
33.0560	1.74668	3.51608	-0.585468	0.135414	0.222814	-34.8302	1.9933	-381.273	-6.42062	1732.81	-90.6126	-79.1895	-88.0432	-0.000298575	689.397
33.0567	0.832529	6.84379	0.330264	-2.88883	1.14028	-36.6745	1.68266	-150.26	-6.42062	1732.64	-90.6126	-79.4987	-88.0432	6.59448e-006	689.7
33.0573	1.14269	-0.753445	0.330264	2.57286	1.74319	-29.9561	0.776611	144.261	-6.42654	1732.16	-90.9322	-79.8078	-88.501	6.59448e-006	690.467
33.0580	2.36699	-8.09953	0.330264	6.27417	2.35921	-14.0691	1.37201	224.842	-6.42654	1731.24	-92.4504	-81.4837	-89.7217	6.59448e-006	691.536
33.0587	2.66083	-2.88821	0.630503	-1.6701	2.05775	-1.26464	2.30395	104.288	-6.42062	1730.05	-93.5691	-82.8504	-90.9424	0.000159203	692.281
33.0593	2.05684	8.7274	0.022518	-12.9546	2.05775	0.579626	1.9933	-79.7156	-6.42062	1729.89	-93.2494	-82.8504	-90.7898	0.000159203	692.606
33.0600	1.14269	19.6524	-0.585468	-22.1176	1.44174	-7.66687	0.465967	-172.525	-6.42062	1730.97	-91.9709	-82.0857	-89.4165	0.000159203	693.048
33.0607	-0.0816205	27.3124	0.022518	-27.6244	0.524268	-20.1815	-0.465967	-280.216	-6.42062	1732.64	-90.2929	-80.8654	-88.1958	0.000311811	693.676
33.0613	-0.391778	34.3445	0.022518	-31.2806	0.222814	-29.9561	0.465967	-399.558	-6.42654	1733.99	-88.9345	-79.6451	-87.4329	-0.000145967	693.676
33.0620	-0.391778	37.9862	-0.285228	-33.1312	-0.393201	-28.1118	1.06137	-250.337	-6.42062	1734.32	-88.535	-79.0431	-86.2122	-0.000298575	693.35
33.0627	-0.0816205	30.3889	0.022518	-26.9925	-0.393201	-14.0691	0.155322	77.4083	-6.42062	1734.32	-88.6149	-79.3522	-86.0596	0.000159203	693.978
33.0633	0.832529	16.6386	-0.585468	-16.6108	-0.0786402	0.869438	0.776611	447.895	-6.42654	1733.72	-89.0944	-80.719	-87.1277	-0.000145967	694.582
33.0640	1.14269	5.02297	-1.20096	-7.76372	0.825722	9.7219	2.5887	782.101	-6.42062	1733.08	-89.8934	-81.3372	-87.4329	-0.000145967	695.187
33.0647	0.832529	-2.00919	-0.585468	-0.451379	1.74319	12.1721	1.9933	754.298	-6.42654	1733.24	-90.0532	-80.8654	-87.2803	0.000159203	695.954
33.0653	0.228537	-5.3369	-0.285228	2.88883	1.44174	11.856	0.776611	419.805	-6.43344	1733.4	-90.0532	-81.1745	-87.5854	0.000464373	696.861
33.0660	-0.99577	-8.09953	0.330264	5.64224	1.14028	11.856	1.68266	154.009	-6.42654	1733.24	-90.2929	-81.9393	-88.0432	0.000616981	697.628
33.0667	-1.30593	-14.8177	0.330264	11.465	1.14028	13.7002	1.68266	-29.3598	-6.42062	1733.4	-90.0532	-81.9393	-87.5854	0.000311811	698.093
33.0673	-0.0816205	-22.415	0.022518	17.8746	0.825722	18.8905	0.155322	-196.289	-6.42654	1733.72	-89.0944	-81.4837	-86.5173	6.59448e-006	698.396
33.0680	-0.0816205	-23.6707	0.330264	19.9961	1.44174	21.3144	-0.465967	-225.015	-6.42654	1735.07	-87.8958	-80.5725	-85.144	-0.000145967	699
33.0687	0.228537	-19.7151	0.330264	17.8746	1.74319	24.3706	-1.37201	-135.263	-6.42654	1736.75	-86.3776	-79.1895	-83.9233	6.59448e-006	699.767
33.0693	0.522371	-15.3828	0.938249	12.9546	1.44174	30.483	-3.20999	-107.518	-6.42654	1736.91	-86.2178	-79.3522	-84.2285	0.000311811	700.07
33.0700	-0.0816205	-10.2343	0.938249	7.4929	1.14028	28.0328	-3.49475	-81.5614	-6.42654	1735.56	-87.8958	-81.1745	-85.907	-0.000451137	700.535
33.0707	-0.685612	-5.65084	0.330264	5.05545	0.524268	17.3624	-1.68266	53.932	-6.42062	1733.72	-89.2542	-83.0131	-87.1277	-0.000756307	701.302
33.0713	-0.391778	-5.02297	0.022518	6.545	0.524268	6.98185	-0.465967	76.8315	-6.42062	1732.48	-90.4528	-84.5263	-88.3484	-0.000298575	701.907
33.0720	0.522371	-7.47166	0.022518	8.39565	0.222814	-0.342506	-0.155322	-133.475	-6.42654	1731.4	-91.5714	-85.6002	-89.8743	-0.000908915	701.907
33.0727	0.522371	-9.92036	-0.285228	10.2012	-0.996109	2.08138	1.06137	-292.444	-6.43344	1731.4	-91.5714	-85.4537	-89.7217	-0.000908915	702.372
33.0733	0.522371	-8.97855	-0.285228	8.39565	-2.21503	11.856	3.83128	-217.978	-6.43344	1732.16	-90.6126	-84.9982	-88.3484	-0.000145967	703.116
33.0740	1.74668	-5.65084	-0.585468	6.545	-1.61212	18.5744	5.64338	-92.2324	-6.42654	1732.81	-90.213	-84.689	-87.5854	6.59448e-006	703.883
33.0747	2.05684	-6.59264	-0.893213	7.76372	-0.996109	22.5527	5.64338	-14.1319	-6.42654	1733.08	-90.2929	-84.3799	-87.738	0.000159203	704.487
33.0753	1.43652	-11.1133	-0.585468	9.93034	-0.996109	25.8987	4.42668	49.3752	-6.42062	1732.91	-90.4528	-84.689	-87.738	6.59448e-006	704.487
33.0760	1.43652	-13.562	-0.285228	7.76372	-0.694655	25.5826	3.20999	15.4586	-6.42062	1732.91	-89.7336	-84.8354	-87.2803	6.59448e-006	705.115
33.0767	0.228537	-8.7274	0.330264	1.08331	-0.996109	18.8905	3.20999	-140.8	-6.42654	1733.08	-89.7336	-84.689	-87.5854	-0.000145967	705.557
33.0773	-0.391778	-2.57427	0.630503	-4.73948	-1.91358	10.0381	1.37201	-288.464	-6.43344	1732.16	-90.9322	-86.2185	-88.8062	-0.000145967	705.255
33.0780	0.522371	-4.70903	-0.285228	-0.451379	-1.91358	5.45375	-0.465967	-319.612	-6.42654	1730.65	-92.6102	-87.7316	-90.1794	0.000159203	705.72
33.0787	1.14269	-10.8622	-0.893213	8.71162	-1.31067	5.74356	-1.37201	-266.834	-6.42654	1730.05	-93.2494	-88.2035	-90.7898	0.000159203	706.627
33.0793	1.14269	-12.0551	-0.893213	11.465	-0.694655	7.90399	-2.89935	-175.87	-6.42654	1729.89	-92.9298	-88.2035	-90.6372	0.000159203	707.254
33.0800	1.74668	-10.2343	-0.585468	10.2012	-0.996109	5.13759	-4.11604	-91.944	-6.42654	1730.81	-91.891	-87.4388	-89.4165	0.000311811	707.696
33.0807	2.36699	-3.20214	-0.285228	4.73948	-1.31067	-5.84895	-3.8054	-50.4711	-6.42654	1733.08	-89.8934	-85.9093	-87.5854	0.000311811	707.696
33.0813	2.36699	10.5482	-0.585468	-7.4929	-0.393201	-18.9696	-3.49475	32.8783	-6.42654	1734.48	-88.535	-84.5263	-86.2122	6.59448e-006	707.557
33.0820	2.05684	25.8055	-1.20096	-21.8016	-0.393201	-34.2243	-4.73733	165.026	-6.43344	1734.64	-88.6149	-84.2334	-85.907	6.59448e-006	707.696
33.0827	2.05684	38.3001	-0.893213	-33.1312	-0.996109	-48.267	-5.95402	220.573	-6.43344	1734.75	-88.7747	-84.2334	-85.7544	0.000311811	707.998
33.0833	2.05684	42.2557	-0.585468	-35.8395	-1.91358	-54.0633	-4.42668	116.17	-6.42654	1735.07	-87.8958	-84.0707	-86.0596	-0.000145967	709.068
33.0840	1.74668	40.1209	-0.285228	-33.1312	-2.21503	-59.5434	-2.27806	-47.0679	-6.43344	1734.75	-88.535	-85.1446	-86.8225	-0.000145967	709.998
33.0847	1.74668	38.928	-0.285228	-30.9646	-2.21503	-66.2617	-2.89935	5.71045	-6.43344	1733.24	-90.0532	-86.3649	-86.8225	0.000159203	709.696
33.0853	1.74668	33.4027	-0.585468	-27.9404	-2.83105	-63.8115	-3.20999	237.012	-6.43344	1732.91	-89.7336	-86.5113	-87.1277	-0.000145967	709.696
33.0860	1.14269	20.9081	-0.893213	-19.9961	-3.1325	-53.7471	-3.8054	295.328	-6.43344	1733.56	-89.7336	-87.276	-88.1958	-0.000145967	710.3
33.0867	0.522371	7.47166	-0.893213	-10.2012	-1.91358	-38.2026	-4.73733	205.922	-6.43344	1733.08	-90.0532	-87.7316	-88.0432	-0.000298575	710.3
33.0873	0.832529	-2.00919	0.022518	-2.88883	-2.21503	-19.2594	-3.20999	193.982	-6.43344	1733.24	-89.2542	-86.9832	-86.6699	-0.000451137	710.3
33.0880	0.522371	-8.41347	-0.285228	1.98607	-2.52959	-3.08255	-1.06137	212.902	-6.43344	1735.07	-87.4164	-85.6002	-85.2966	-0.000145967	710.765
33.0887	0.522371	-15.3828	-1.20096	8.98245	-1.91358	12.7781	0.155322	172.006	-6.43936	1736.48	-86.5374	-84.689	-84.5337	-0.000298575	711.068
33.0893	0.832529	-20.5942	-0.893213	15.392	-0.996109	25.2928	1.68266	91.771	-6.43344	1736.15	-86.857	-85.1446	-84.5337	-0.000145967	711.37
33.0900	0.228537	-18.7733	-0.285228	13.2706	-0.694655	30.7728	1.68266	25.5528	-6.43344	1735.23	-87.736	-86.0557	-85.2966	0.000159203	711.974
33.0907	0.228537	-15.6968	-0.285228	9.61438	-0.393201	34.7512	1.37201	-45.8566	-6.43344	1733.99	-88.7747	-86.9832	-86.6699	6.59448e-006	712.742
33.0913	0.832529	-15.6968	-0.285228	10.8331	-0.393201	37.2014	1.06137	-158.162	-6.43936	1732.16	-90.7724	-89.1146	-88.6536	-0.000298575	713.044
33.0920	1.14269	-16.0107	-0.285228	12.0518	-0.393201	39.3355	0.776611	-223.803	-6.43344	1731.24	-91.9709	-90.4814	-89.5691	-0.000145967	713.207
33.0927	1.14269	-16.3246	-0.285228	11.465	-0.0786402	41.1534	1.06137	-196.636	-6.43936	1732.05	-91.4116	-90.0258	-89.1113	-0.000451137	713.509
33.0933	1.74668	-17.2664	-0.285228	12.6838	0.222814	39.0193	1.37201	-135.263	-6.43936	1732.81	-90.4528	-89.2611	-88.0432	-0.000145967	713.951
33.0940	0.522371	-18.1455	-0.285228	15.392	0.524268	36.2793	2.30395	-64.4877	-6.42654	1732.91	-90.2929	-88.8055	-87.738	6.59448e-006	714.113
33.0947	0.228537	-18.1455	-0.585468	16.6108	1.14028	37.4912	1.9933	-4.38378	-6.42654	1732.91	-90.2929	-88.8055	-87.8906	-0.000298575	714.113
33.0953	1.43652	-17.2664	-0.585468	16.9267	0.825722	40.8636	0.155322	17.3044	-6.43936	1733.08	-90.0532	-89.1146	-87.8906	-0.000145967	714.113
33.0960	2.05684	-16.9525	-0.285228	16.3399	0.825722	40.8636	-1.37201	11.4786	-6.43936	1733.08	-90.213	-89.2611	-87.8906	6.59448e-006	714.416
33.0967	2.05684	-14.5038	-0.285228	13.2706	0.825722	35.6733	-1.68266	-13.8435	-6.43344	1732.81	-90.6126	-89.1146	-88.0432	-0.000145967	714.578
33.0973	1.74668	-8.41347	-0.285228	7.4929	0.524268	25.8987	-1.96742	-49.5482	-6.42654	1731.89	-91.2518	-89.8794	-88.9587	-0.000145967	715.183
33.0980	2.05684	-4.39509	0.330264	3.83672	0.825722	14.9122	-2.5887	-45.8566	-6.42654	1730.97	-92.2906	-91.3925	-90.332	-0.000145967	715.95
33.0987	1.43652	-6.84379	0.630503	7.76372	0.524268	6.98185	-3.20999	-19.0348	-6.43936	1730.32	-93.2494	-92.0108	-90.6372	6.59448e-006	716.253
33.0993	0.228537	-10.2343	0.330264	14.1733	0.524268	0.263466	-2.5887	-42.5111	-6.43936	1730.32	-92.77	-91.7017	-91.5527	0.000159203	716.555
33.1000	0.228537	-12.0551	0.330264	16.9267	1.14028	-5.24298	-0.750724	-63.2764	-6.43344	1731.56	-91.4116	-90.937	-78.2776	6.59448e-006	716.392
33.1007	1.14269	-13.562	0.022518	17.8746	1.44174	-7.66687	0.155322	13.6705	-6.43344	1733.08	-90.4528	-89.2611	-96.8933	6.59448e-006	716.09
33.1013	1.14269	-8.09953	0.022518	12.9546	1.74319	-12.2512	0.776611	165.026	-6.43936	1734.48	-89.0944	-87.276	-124.359	0.000311811	716.555
33.1020	0.832529	3.83001	0.330264	1.35414	1.74319	-22.0258	1.68266	269.372	-6.43344	1735.23	-87.736	-86.674	59.967	0.000311811	716.555
33.1027	1.14269	13.562	0.330264	-8.39565	1.44174	-32.38	1.9933	311.479	-6.43344	1735.07	-88.0556	-87.5852	-307.312	6.59448e-006	716.392
33.1033	1.74668	19.4012	0.022518	-12.6838	1.44174	-41.2325	2.89935	188.503	-6.43344	1734.91	-88.2154	-87.7316	4.73022	0.000616981	717.927
33.1040	1.74668	25.1776	0.022518	-15.708	1.74319	-52.5352	2.89935	-200.27	-6.43936	1734.91	-87.736	-87.7316	3134.61	0.00107471	718.833
33.1047	1.43652	34.0306	-0.285228	-22.1176	2.35921	-67.7898	1.9933	-340.954	-6.43936	1733.72	-88.6149	-88.6591	4999.85	0.000159203	717.764
33.1053	1.43652	39.807	-0.285228	-26.4057	2.05775	-78.1704	0.776611	-73.9474	-6.43344	1733.56	-89.414	-88.6591	4966.28	-0.000451137	717.322
33.1060	1.74668	35.2235	0.022518	-21.8016	1.44174	-76.0363	-0.465967	198.251	-6.43344	1733.72	-89.414	-88.6591	4891.21	6.59448e-006	717.764
33.1067	1.74668	27.6263	0.022518	-15.708	2.35921	-69.6341	-0.750724	429.61	-6.43344	1733.4	-89.5738	-89.1146	4999.85	-0.000145967	717.927
33.1073	1.43652	33.0888	0.330264	-21.2148	2.35921	-69.3179	0.465967	307.499	-6.43936	1734.16	-88.7747	-88.2035	4963.68	-0.000451137	718.089
33.1080	1.43652	48.346	0.938249	-36.7874	1.44174	-72.9801	1.68266	-404.115	-6.43936	1735.67	-87.2565	-86.674	4972.69	-0.000603745	718.089
33.1087	1.43652	52.6156	0.330264	-44.4157	1.14028	-70.8461	1.37201	-976.66	-6.43344	1736.75	-86.2178	-86.0557	4978.03	-0.000298575	718.392
33.1093	2.05684	39.2419	0.022518	-36.7874	1.14028	-58.6476	1.9933	-898.213	-6.43344	1736.75	-86.857	-86.5113	4976.2	0.000311811	718.694
33.1100	2.05684	23.3568	-0.893213	-26.0897	1.14028	-39.7043	3.20999	-521.612	-6.43936	1735.23	-88.3752	-87.8943	4974.37	0.000464373	718.996
33.1107	2.66083	12.0551	-1.20096	-17.2427	0.825722	-20.4977	3.20999	-41.0114	-6.43936	1733.08	-89.8934	-89.4238	4973.3	0.000311811	718.996
33.1113	2.66083	-5.02297	-0.893213	-0.135414	0.825722	-0.0526932	3.20999	492.771	-6.43344	1731.13	-91.5714	-91.0997	4972.23	6.59448e-006	718.531
33.1120	1.74668	-23.0429	-0.585468	16.9267	1.14028	24.9766	4.11604	712.479	-6.43936	1730.65	-92.2906	-91.7017	4971.31	-0.000145967	718.996
33.1127	1.43652	-32.8376	-0.585468	23.6523	1.14028	47.2658	4.42668	513.191	-6.43936	1731.24	-91.4116	-91.0997	4972.23	6.59448e-006	719.903
33.1133	1.43652	-37.1072	0.330264	24.555	0.524268	59.7805	4.73733	175.986	-6.43936	1731.73	-90.7724	-90.4814	4972.99	-0.000298575	719.903
33.1140	1.43652	-34.3445	0.330264	20.3121	-0.393201	59.1745	5.33273	-32.1285	-6.43344	1732.32	-90.4528	-90.1722	4972.69	-0.000451137	719.903
33.1147	1.14269	-24.8637	0.330264	11.7359	-0.393201	53.6681	5.64338	-43.7224	-6.43344	1733.24	-89.8934	-89.5702	4973.3	-0.000145967	720.368
33.1153	0.832529	-18.7733	0.938249	6.86097	-0.393201	63.4427	5.64338	40.4923	-6.43344	1733.4	-89.5738	-89.4238	4973.75	0.000311811	720.67
33.1160	1.43652	-16.0107	0.330264	4.73948	-0.0786402	77.4591	5.64338	150.375	-6.43344	1733.56	-89.414	-89.2611	4974.06	0.000159203	721.135
33.1167	1.14269	-12.683	0.022518	1.35414	-0.393201	73.1909	4.11604	166.238	-6.43936	1733.4	-89.7336	-89.5702	4973.91	6.59448e-006	721.135
33.1173	0.522371	-10.2343	0.330264	1.08331	-1.61212	61.5984	0.776611	99.0965	-6.43936	1731.89	-90.6126	-90.4814	4972.84	0.000311811	720.973
33.1180	0.522371	-10.2343	0.630503	3.83672	-2.21503	52.7459	-1.68266	85.0799	-6.43344	1730.65	-91.7312	-91.8644	4971.16	0.000311811	721.438
33.1187	1.14269	-10.5482	0.630503	6.27417	-1.91358	41.7594	-2.5887	47.241	-6.43936	1730.21	-92.1308	-92.7755	4970.09	6.59448e-006	721.903
33.1193	1.14269	-12.3691	0.330264	9.61438	-2.21503	34.7512	-3.49475	-19.9001	-6.43344	1729.89	-92.2906	-92.32	4970.86	6.59448e-006	721.135
33.1200	0.832529	-14.8177	0.330264	12.0518	-2.52959	28.9549	-5.33273	-82.1959	-6.43936	1730.48	-91.891	-91.3925	4972.38	0.000159203	720.368
33.1207	0.832529	-14.1899	0.630503	12.3678	-1.91358	15.5182	-6.54942	-190.521	-6.43936	1732.32	-90.6126	-90.4814	4973.14	0.000616981	721.135
33.1213	0.522371	-12.3691	0.938249	12.9546	-1.61212	4.53162	-5.64338	-251.26	-6.43344	1733.99	-88.6149	-89.1146	4974.06	0.000464373	721.577
33.1220	0.832529	-12.3691	1.24599	14.1733	-0.996109	7.27167	-3.49475	-232.917	-6.43344	1734.75	-87.5762	-87.8943	4975.28	0.000159203	721.438
33.1227	1.14269	-14.5038	1.54623	15.1212	-0.0786402	14.596	-1.37201	-192.656	-6.43344	1735.23	-87.736	-88.0408	4975.59	6.59448e-006	721.577
33.1233	1.14269	-14.1899	1.24599	12.9546	0.222814	14.596	-0.465967	-148.991	-6.43344	1734.64	-88.2154	-88.6591	4974.52	-0.000145967	721.438
33.1240	1.74668	-8.41347	0.630503	6.86097	0.524268	11.856	-1.06137	-139.531	-6.43344	1734.16	-87.8958	-88.4964	4974.37	-0.000298575	721.577
33.1247	1.74668	-4.39509	0.330264	3.20479	1.14028	13.7002	-1.96742	-141.377	-6.43344	1734.64	-87.4164	-88.0408	4975.13	-0.000145967	722.344
33.1253	1.14269	-4.39509	0.630503	3.20479	1.44174	17.6522	-2.89935	-111.786	-6.43344	1733.99	-87.8958	-88.3499	4974.67	-0.000451137	721.74
33.1260	0.832529	-5.02297	0.938249	3.20479	1.44174	19.4965	-2.89935	-83.6956	-6.43344	1733.08	-88.7747	-88.9519	4973.91	-0.000298575	720.833
33.1267	0.522371	-7.15773	1.24599	5.64224	1.14028	20.1025	-2.89935	-4.96059	-6.43936	1733.24	-88.6149	-88.8055	4974.37	6.59448e-006	720.833
33.1273	0.228537	-9.60642	1.24599	9.29841	0.825722	17.0463	-3.8054	125.63	-6.43344	1734.16	-87.5762	-87.7316	4975.74	0.000159203	720.833
33.1280	-0.391778	-5.65084	1.24599	8.39565	0.825722	8.1938	-3.49475	133.878	-6.43344	1735.67	-86.5374	-86.5113	4976.65	0.000159203	720.531
33.1287	-1.30593	5.3369	1.54623	0.451379	1.44174	-4.61066	-2.27806	14.2473	-6.43344	1736.58	-85.8981	-86.0557	4977.11	-0.000145967	720.205
33.1293	-0.685612	14.8177	1.54623	-8.07969	1.74319	-15.9134	-2.5887	-156.028	-6.43936	1736.48	-85.4187	-85.9093	4977.11	-0.000298575	720.205
33.1300	0.522371	22.101	1.24599	-15.1212	2.35921	-23.5539	-3.20999	-370.891	-6.43936	1735.23	-86.5374	-87.276	4975.59	6.59448e-006	720.67
33.1307	0.832529	30.075	1.54623	-23.0203	2.96211	-28.428	-2.5887	-326.649	-6.43344	1733.4	-88.535	-88.8055	4974.37	6.59448e-006	720.833
33.1313	0.522371	31.268	0.938249	-24.2391	2.66066	-29.6399	-2.5887	135.09	-6.42654	1732.32	-90.0532	-90.0258	4973.45	-0.000145967	720.531
33.1320	1.14269	24.5497	0.630503	-17.5587	2.66066	-29.034	-3.49475	565.681	-6.43344	1732.05	-90.7724	-91.0997	4971.62	-0.000451137	720.531
33.1327	1.74668	17.8315	0.630503	-10.5171	3.27667	-28.1118	-3.49475	592.848	-6.43936	1732.05	-90.7724	-90.6441	4972.08	-0.000298575	720.205
33.1333	1.43652	11.4272	0.938249	-4.10755	2.96211	-24.4497	-1.37201	324.63	-6.43344	1732.32	-90.0532	-89.8794	4973.45	6.59448e-006	719.601
33.1340	1.14269	4.70903	0.938249	1.35414	2.66066	-20.1815	0.155322	132.667	-6.43344	1732.81	-89.0944	-89.7167	4973.6	-0.000145967	719.298
33.1347	1.43652	0.125574	0.630503	5.05545	2.96211	-17.4415	0.155322	151.586	-6.43344	1733.08	-89.0944	-89.8794	4973.75	-0.000145967	719.136
33.1353	1.14269	-5.02297	0.630503	8.39565	2.66066	-11.0392	-1.37201	152.798	-6.43344	1732.91	-89.5738	-90.6441	4973.75	0.000311811	718.996
33.1360	0.228537	-10.2343	0.330264	10.8331	2.05775	-5.53279	-3.20999	46.8949	-6.43344	1732.91	-89.2542	-90.6441	4973.45	-0.000145967	718.531
33.1367	0.228537	-14.1899	0.330264	13.9025	1.74319	-4.32085	-2.5887	-21.4574	-6.43344	1732.64	-89.0944	-90.3349	4973.3	-0.000145967	718.392
33.1373	-0.0816205	-19.9663	0.630503	19.3642	0.825722	0.579626	0.465967	-3.74928	-6.43344	1731.89	-90.213	-91.5552	4972.69	0.000159203	718.833
33.1380	-0.391778	-27.9402	1.24599	26.0897	0.222814	13.7002	6.86007	57.2775	-6.43344	1731.24	-91.4116	-93.0847	4971.92	0.000159203	718.996
33.1387	-0.0816205	-34.3445	1.24599	31.5966	1.14028	27.1107	12.9694	133.59	-6.42654	1730.97	-91.9709	-93.2311	4971.16	6.59448e-006	718.996
33.1393	-0.391778	-32.8376	0.630503	31.2806	1.44174	28.349	15.118	89.3483	-6.42654	1730.81	-92.1308	-93.3776	4971.31	0.000159203	718.694
33.1400	0.228537	-21.8499	0.330264	22.1176	0.825722	17.3624	14.1861	-42.2227	-6.43344	1732.05	-90.6126	-92.32	4972.84	0.000159203	717.927
33.1407	1.43652	-10.5482	0.022518	14.4893	0.524268	5.13759	10.536	-34.2627	-6.42654	1733.72	-88.535	-90.3349	4974.52	0.000159203	717.322
33.1413	1.74668	-4.70903	0.022518	12.3678	0.825722	-5.53279	6.57531	-24.2261	-6.42062	1733.99	-88.0556	-89.8794	4975.28	0.000311811	716.694
33.1420	1.74668	9.92036	-0.285228	-1.35414	0.825722	-22.6317	4.11604	77.4083	-6.42654	1733.99	-88.2154	-89.8794	4975.28	0.000311811	716.555
33.1427	0.832529	37.9862	-0.285228	-28.2112	0.524268	-48.267	1.9933	464.392	-6.42062	1734.48	-87.736	-89.7167	4975.59	0.000159203	716.555
33.1433	0.228537	58.7687	0.330264	-45.3185	1.14028	-69.3179	0.155322	540.358	-6.42062	1734.32	-87.736	-89.8794	4974.82	0.000311811	716.392
33.1440	-0.0816205	61.2174	0.630503	-45.9504	1.74319	-77.5644	0.155322	0.230725	-6.42654	1733.56	-88.535	-90.1722	4973.91	0.000311811	716.253
33.1447	-0.391778	53.5574	0.630503	-41.0304	2.35921	-81.8326	-0.155322	-699.559	-6.42062	1733.56	-88.9345	-90.3349	4974.21	6.59448e-006	716.09
33.1453	-0.0816205	46.8392	0.330264	-36.1555	2.05775	-87.0229	-2.27806	-1054.47	-6.42062	1734.16	-88.6149	-90.3349	4974.37	6.59448e-006	715.95
33.1460	0.228537	42.5696	0.022518	-33.1312	0.825722	-88.551	-5.02209	-857.952	-6.42062	1733.99	-88.6149	-90.1722	4974.21	6.59448e-006	715.95
33.1467	0.228537	34.6585	0.330264	-29.1591	-1.61212	-79.0925	-8.07676	-294.29	-6.4147	1733.56	-89.2542	-90.0258	4974.37	-0.000145967	715.485
33.1473	0.522371	20.9081	0.330264	-18.1454	-4.04997	-58.0153	-10.8208	260.546	-6.42062	1734.75	-87.8958	-88.6591	4975.74	-0.000145967	715.485
33.1480	1.14269	4.14395	0.022518	-3.83672	-4.66598	-29.9561	-11.4421	463.181	-6.4147	1736.48	-85.4187	-86.9832	4977.57	6.59448e-006	715.183
33.1487	1.43652	-8.7274	-0.285228	4.73948	-4.66598	-5.24298	-9.60409	332.533	-6.4147	1736.58	-85.2589	-86.0557	4977.88	-0.000145967	713.951
33.1493	1.74668	-12.3691	-0.585468	6.545	-4.96744	6.98185	-6.54942	151.298	-6.42062	1735.83	-86.5374	-86.2185	4976.96	-0.000145967	713.648
33.1500	1.74668	-13.562	-0.285228	7.17693	-5.26889	17.6522	-4.11604	1.73044	-6.42062	1734.75	-87.736	-88.2035	4974.98	-0.000298575	714.578
33.1507	1.43652	-16.0107	0.022518	6.27417	-5.58345	36.5691	-3.49475	-128.283	-6.42062	1732.91	-89.2542	-90.1722	4973.14	-0.000298575	714.113
33.1513	1.14269	-17.5804	0.022518	5.05545	-5.58345	56.4081	-4.11604	-145.991	-6.4147	1731.89	-90.0532	-90.7905	4972.23	-0.000145967	714.113
33.1520	1.14269	-20.2802	0.330264	6.545	-4.96744	71.373	-2.89935	-116.343	-6.4147	1732.05	-90.4528	-90.937	4972.38	0.000159203	714.416
33.1527	0.832529	-25.4916	0.630503	12.0518	-3.44706	84.7834	0.465967	-109.941	-6.42062	1732.48	-90.213	-90.6441	4973.3	0.000159203	713.951
33.1533	-0.0816205	-30.3889	0.630503	16.6108	-2.83105	96.0861	2.30395	-68.7561	-6.4147	1733.08	-89.2542	-90.1722	4973.75	0.000159203	713.648
33.1540	0.228537	-30.7029	1.24599	16.9267	-2.52959	96.0861	4.42668	-41.8766	-6.40879	1733.24	-88.7747	-89.8794	4973.6	-0.000145967	713.207
33.1547	0.832529	-25.4916	2.16173	13.9025	-0.996109	84.4936	5.64338	-56.5277	-6.4147	1733.4	-88.6149	-89.4238	4974.06	-0.000298575	712.579
33.1553	0.832529	-20.9081	1.24599	10.5171	-0.694655	74.4292	4.73733	-50.7596	-6.4147	1733.72	-88.535	-89.1146	4974.37	-0.000145967	712.579
33.1560	1.14269	-19.4012	0.022518	11.465	-1.31067	70.767	2.5887	-22.9572	-6.4147	1733.72	-88.7747	-89.1146	4974.06	-0.000145967	712.439
33.1567	1.74668	-17.8315	0.330264	12.9546	-0.996109	64.6546	1.06137	-4.67219	-6.4147	1733.08	-89.0944	-89.5702	4973.75	6.59448e-006	711.974
33.1573	1.43652	-13.2481	0.938249	10.2012	-0.393201	50.322	1.37201	10.2673	-6.4147	1731.56	-89.7336	-90.937	4972.84	6.59448e-006	711.207
33.1580	0.228537	-8.41347	0.630503	6.27417	-0.0786402	34.435	1.9933	23.9954	-6.42062	1730.05	-91.4116	-92.0108	4971.01	0.000464373	711.068
33.1587	-0.391778	-8.41347	0.330264	6.27417	0.524268	24.0545	1.68266	33.8012	-6.42062	1730.05	-91.7312	-92.1573	4970.55	0.000616981	711.37
33.1593	-0.391778	-10.8622	0.022518	9.29841	1.14028	17.3624	1.9933	47.5294	-6.4147	1730.81	-90.7724	-91.8644	4971.62	0.000311811	710.602
33.1600	0.522371	-13.2481	-0.585468	13.9025	0.825722	13.0679	2.89935	43.261	-6.4147	1731.89	-90.0532	-90.7905	4972.99	0.000159203	709.696
33.1607	0.228537	-19.7151	-0.585468	21.2148	-0.0786402	13.3841	4.42668	-13.209	-6.4147	1733.24	-88.6149	-89.4238	4974.06	6.59448e-006	708.928
33.1613	-0.391778	-26.6845	0.022518	28.8431	-0.694655	13.0679	6.57531	-39.7424	-6.42062	1734.16	-87.2565	-88.4964	4975.13	0.000159203	708.161
33.1620	-0.391778	-24.5497	0.330264	27.3084	-0.694655	3.60949	7.17071	49.0291	-6.42062	1734.48	-87.2565	-87.8943	4975.28	0.000311811	708.324
33.1627	0.832529	-12.0551	0.630503	17.5587	-0.694655	-11.935	5.64338	53.932	-6.4147	1734.75	-87.0967	-87.5852	4975.59	0.000922151	708.766
33.1633	1.14269	2.00919	0.022518	5.95821	-1.61212	-26.5837	4.11604	-185.33	-6.4147	1734.64	-86.6972	-87.7316	4975.43	0.000464373	708.626
33.1640	1.43652	16.9525	-0.285228	-8.07969	-3.1325	-43.3665	3.20999	-483.485	-6.42062	1734.48	-87.5762	-89.1146	4973.75	-0.000756307	707.859
33.1647	1.74668	35.8514	0.630503	-25.187	-2.83105	-65.3396	0.465967	-610.441	-6.42062	1733.99	-88.535	-89.5702	4973.45	-0.000603745	707.092
33.1653	1.14269	52.0505	0.630503	-38.5929	-1.91358	-87.945	-2.5887	-605.538	-6.4147	1733.24	-88.535	-89.1146	4974.06	6.59448e-006	706.789
33.1660	0.832529	57.513	0.022518	-43.4678	-1.91358	-102.594	-4.11604	-410.229	-6.4147	1732.91	-88.3752	-89.1146	4973.91	-0.000145967	706.487
33.1667	0.522371	57.8269	0.330264	-45.0025	-1.61212	-107.152	-3.49475	182.1	-6.42062	1733.56	-88.6149	-89.1146	4974.21	-0.000145967	706.022
33.1673	-0.391778	58.7687	0.630503	-47.44	-0.694655	-105.624	-3.8054	751.53	-6.42062	1734.48	-88.0556	-88.2035	4975.13	0.000159203	705.417
33.1680	-0.685612	51.1087	0.330264	-40.1276	-0.393201	-93.7413	-3.8054	847.685	-6.4147	1735.56	-86.6972	-86.674	4976.35	0.000159203	704.813
33.1687	-0.391778	30.6401	0.330264	-22.1176	-0.393201	-73.2963	-3.20999	697.252	-6.42062	1736.91	-85.7383	-85.9093	4977.42	6.59448e-006	704.952
33.1693	-0.0816205	9.29249	0.022518	-4.73948	0.524268	-53.1411	-3.8054	441.493	-6.42062	1737.23	-85.2589	-85.9093	4977.11	-0.000298575	704.952
33.1700	-0.0816205	-2.57427	0.022518	5.32628	1.44174	-36.6745	-4.42668	117.728	-6.42062	1735.23	-86.857	-87.5852	4974.98	-0.000908915	704.185
33.1707	-0.0816205	-3.83001	0.022518	6.545	1.74319	-27.5059	-4.11604	-26.6488	-6.42062	1732.81	-89.0944	-89.7167	4973.14	-0.000908915	703.441
33.1713	-0.391778	-4.39509	0.330264	5.95821	2.05775	-16.8355	-3.20999	1.44203	-6.42062	1731.56	-90.6126	-90.7905	4972.23	-0.000603745	703.116
33.1720	-0.685612	-10.2343	-0.285228	8.07969	2.66066	6.37588	-1.96742	78.3312	-6.42062	1731.24	-90.9322	-91.2461	4971.77	-0.000603745	702.813
33.1727	0.228537	-14.1899	-0.585468	8.71162	2.35921	34.435	-0.750724	159.489	-6.42062	1731.56	-90.7724	-90.7905	4972.53	6.59448e-006	702.674
33.1733	1.14269	-14.5038	0.022518	6.545	2.35921	54.274	-0.750724	114.036	-6.4147	1732.16	-90.213	-89.8794	4973.3	0.000159203	702.046
33.1740	1.43652	-16.0107	-0.285228	5.32628	2.66066	61.5984	-1.06137	-49.5482	-6.4147	1732.81	-89.2542	-89.4238	4973.6	-0.000145967	701.744
33.1747	1.43652	-19.7151	-0.893213	5.64224	2.35921	66.1827	-2.27806	-202.115	-6.42062	1732.91	-88.7747	-89.5702	4973.75	-0.000298575	701.139
33.1753	1.14269	-22.415	-0.585468	8.39565	2.35921	72.5849	-2.27806	-253.682	-6.42654	1732.81	-89.414	-90.0258	4973.6	6.59448e-006	700.232
33.1760	0.522371	-23.6707	-0.285228	11.1491	2.66066	73.7969	-1.37201	-175.87	-6.42654	1732.64	-89.8934	-90.1722	4973.3	6.59448e-006	699.605
33.1767	0.228537	-23.6707	0.022518	13.2706	1.74319	68.9228	-2.89935	-66.3335	-6.42062	1732.64	-89.8934	-90.1722	4973.3	-0.000298575	699.605
33.1773	-0.685612	-22.101	0.330264	15.1212	1.44174	61.5984	-3.20999	-6.80639	-6.42062	1732.05	-90.4528	-90.4814	4972.53	6.59448e-006	699.767
33.1780	-0.685612	-19.4012	0.938249	14.4893	2.35921	58.2524	-2.27806	20.0731	-6.42062	1731.13	-91.5714	-91.7017	4971.47	0.000464373	699.465
33.1787	-0.391778	-18.7733	0.938249	13.9025	2.35921	62.5205	-2.5887	20.3615	-6.42654	1730.48	-91.5714	-92.1573	4971.47	0.000311811	699.302
33.1793	0.832529	-18.7733	0.022518	12.6838	2.35921	61.9145	-3.20999	-21.169	-6.42062	1730.81	-91.2518	-91.7017	4971.62	-0.000145967	698.233
33.1800	1.74668	-16.6386	-0.285228	8.98245	1.74319	50.928	-3.8054	-60.5077	-6.4147	1731.89	-90.9322	-90.937	4972.23	-0.000145967	696.559
33.1807	0.832529	-15.1317	-0.285228	6.545	0.825722	39.6253	-5.02209	-28.1485	-6.42062	1733.08	-89.0944	-89.5702	4974.21	0.000159203	695.954
33.1813	-0.0816205	-13.8759	-0.893213	6.27417	0.524268	31.695	-6.23878	38.9926	-6.42062	1734.32	-87.4164	-88.2035	4975.74	0.000464373	695.35
33.1820	0.228537	-7.7856	-1.5012	2.88883	1.14028	21.6306	-6.54942	81.0999	-6.42062	1735.07	-87.0967	-87.7316	4975.89	0.000616981	694.885
33.1827	0.832529	2.26033	-0.585468	-3.20479	1.74319	6.05972	-5.33273	154.009	-6.42654	1734.91	-87.2565	-87.7316	4975.43	0.000464373	695.047
33.1833	0.522371	8.41347	0.022518	-6.86097	1.44174	-10.1171	-4.11604	190.06	-6.42654	1734.16	-87.8958	-88.3499	4974.82	6.59448e-006	694.582
33.1840	0.832529	8.7274	-0.285228	-6.27417	1.14028	-21.7096	-3.49475	-0.403769	-6.42062	1733.4	-88.3752	-89.1146	4974.21	-0.000145967	693.35
33.1847	1.14269	8.97855	0.022518	-5.64224	1.44174	-27.822	-2.5887	-279.927	-6.42062	1733.4	-88.535	-88.9519	4974.06	0.000159203	692.746
33.1853	1.14269	9.60642	0.630503	-5.95821	2.05775	-30.8782	-0.465967	-303.461	-6.42654	1733.99	-88.0556	-88.4964	4974.52	0.000159203	693.211
33.1860	-0.0816205	8.97855	1.24599	-5.32628	2.05775	-32.0902	1.9933	-104.461	-6.43344	1734.16	-88.0556	-88.4964	4974.67	-0.000145967	693.211
33.1867	-1.30593	10.2343	1.54623	-7.4929	1.44174	-31.4842	3.20999	20.3615	-6.43344	1733.99	-88.6149	-89.2611	4974.06	-0.000145967	691.978
33.1873	-1.90992	13.2481	1.54623	-11.465	0.825722	-29.034	2.30395	30.1096	-6.42654	1734.91	-87.8958	-88.4964	4974.98	6.59448e-006	690.607
33.1880	-2.22008	13.562	1.24599	-12.9546	1.44174	-25.9778	1.06137	47.8178	-6.42654	1736.31	-86.058	-86.5113	4976.81	-0.000145967	689.7
33.1887	-1.30593	10.2343	0.938249	-9.93034	1.74319	-19.8917	0.776611	75.2741	-6.42654	1736.48	-85.2589	-86.2185	4977.42	-0.000298575	689.095
33.1893	-0.685612	5.65084	0.938249	-4.10755	0.825722	-11.6452	0.776611	84.4454	-6.42654	1735.67	-86.058	-86.8205	4976.65	6.59448e-006	688.932
33.1900	-0.685612	1.06738	0.938249	1.6701	0.222814	-2.79274	0.465967	97.5391	-6.42654	1734.32	-87.8958	-88.2035	4974.98	-0.000298575	688.467
33.1907	-0.0816205	-4.70903	0.938249	6.27417	0.524268	5.74356	-1.06137	98.8081	-6.43344	1732.81	-89.7336	-90.1722	4972.99	-0.000603745	687.863
33.1913	-0.0816205	-8.7274	1.24599	9.29841	-0.694655	10.0381	-0.750724	85.3683	-6.43344	1731.89	-91.092	-91.3925	4971.92	6.59448e-006	687.863
33.1920	-0.99577	-10.5482	1.24599	10.5171	-2.52959	9.40574	-0.750724	64.6031	-6.43344	1731.89	-91.2518	-91.2461	4971.77	0.000159203	687.723
33.1927	-0.685612	-11.1133	0.022518	10.5171	-2.52959	9.11593	-2.27806	-35.1856	-6.43344	1732.05	-90.7724	-91.0997	4971.92	-0.000145967	686.654
33.1933	1.43652	-12.0551	-1.80894	11.1491	-2.21503	12.7781	-4.11604	-210.364	-6.43344	1732.32	-90.2929	-90.6441	4972.69	-0.000145967	685.724
33.1940	2.36699	-15.1317	-2.72468	13.2706	-2.21503	20.1025	-4.42668	-246.645	-6.43936	1732.81	-89.5738	-90.0258	4973.75	0.000159203	685.282
33.1947	1.74668	-17.2664	-1.80894	13.9025	-1.31067	24.9766	-4.11604	-1.32667	-6.44527	1733.4	-89.0944	-89.4238	4974.06	0.000464373	685.119
33.1953	2.05684	-17.8315	-0.585468	13.9025	-0.393201	20.1025	-4.73733	303.865	-6.43936	1733.56	-88.9345	-89.1146	4974.37	0.000311811	684.352
33.1960	1.74668	-19.0873	-0.893213	16.024	-0.393201	9.40574	-6.23878	491.272	-6.43936	1733.24	-88.9345	-89.4238	4974.21	6.59448e-006	683.445
33.1967	1.14269	-18.4594	-0.585468	16.9267	-1.91358	-0.948478	-6.54942	633.456	-6.43936	1732.91	-89.0944	-89.4238	4973.91	6.59448e-006	683.143
33.1973	0.228537	-11.1133	0.022518	12.3678	-3.1325	-11.329	-5.33273	455.221	-6.44527	1732.05	-90.4528	-90.3349	4973.14	6.59448e-006	682.678
33.1980	-0.99577	3.51608	0.022518	0.767345	-2.52959	-25.0556	-4.42668	-230.495	-6.43936	1730.65	-92.1308	-91.8644	4971.62	0.000159203	682.073
33.1987	-0.99577	21.8499	0.330264	-13.2706	-0.694655	-40.3367	-4.11604	-816.133	-6.43936	1730.21	-92.6102	-92.6128	4970.4	6.59448e-006	681.143
33.1993	-0.99577	37.1072	0.630503	-26.9925	1.14028	-52.219	-3.20999	-909.23	-6.44527	1730.48	-91.7312	-92.1573	4971.31	6.59448e-006	680.074
33.2000	-0.99577	45.8974	0.330264	-36.4714	1.44174	-63.2055	-1.06137	-728.227	-6.44527	1731.73	-90.213	-90.4814	4973.14	0.000159203	679.33
33.2007	-0.685612	48.66	0.022518	-40.7596	0.825722	-72.664	-0.155322	-397.424	-6.44527	1733.4	-89.0944	-88.9519	4974.52	0.000311811	678.26
33.2013	-0.685612	48.0949	-0.285228	-41.0304	-0.393201	-74.798	0.155322	-63.2764	-6.44527	1734.48	-88.2154	-88.2035	4975.43	0.000464373	677.191
33.2020	-0.0816205	42.5696	0.330264	-33.718	-1.91358	-69.9239	1.06137	166.814	-6.43936	1735.07	-87.2565	-87.276	4975.89	0.000616981	677.191
33.2027	-0.0816205	29.4471	0.330264	-18.4614	-3.1325	-64.1277	1.9933	340.493	-6.44527	1734.91	-87.736	-87.4388	4975.43	0.000464373	676.586
33.2033	-0.391778	13.8759	-0.585468	-3.52076	-2.52959	-53.1411	1.9933	335.59	-6.45119	1734.48	-88.6149	-88.4964	4974.52	0.000159203	675.656
33.2040	-1.30593	-0.43951	-1.20096	6.545	-1.31067	-33.9081	1.68266	135.436	-6.45119	1733.83	-88.7747	-88.8055	4974.06	-0.000145967	675.051
33.2047	-2.22008	-7.47166	-0.585468	10.5171	-0.996109	-17.4415	2.5887	40.7807	-6.44527	1733.56	-88.7747	-88.8055	4974.52	0.000159203	674.586
33.2053	-1.30593	-4.70903	-0.285228	7.17693	-0.393201	-8.27284	4.73733	31.3209	-6.44527	1733.72	-88.535	-88.9519	4974.82	0.000464373	673.982
33.2060	0.228537	0.125574	-0.285228	1.6701	0.222814	-2.18677	5.95402	-112.075	-6.44527	1733.83	-88.0556	-89.1146	4974.06	0.000311811	672.912
33.2067	-0.685612	2.26033	0.022518	-0.767345	0.524268	-1.5808	5.64338	-120.323	-6.45119	1733.99	-87.8958	-88.8055	4974.37	-0.000145967	672.145
33.2073	-1.30593	2.57427	0.938249	-1.35414	0.825722	-4.92682	5.33273	100.019	-6.44527	1735.23	-86.857	-87.7316	4975.89	6.59448e-006	671.843
33.2080	-1.59976	3.20214	0.938249	-2.88883	1.14028	-9.19497	4.11604	286.157	-6.44527	1736.15	-85.7383	-86.8205	4976.5	-0.000298575	670.169
33.2087	-1.59976	1.06738	0.022518	-1.35414	1.74319	-9.80094	3.20999	369.16	-6.45119	1735.67	-85.8981	-86.5113	4976.65	6.59448e-006	668.495
33.2093	-1.90992	-6.59264	0.022518	3.83672	2.05775	0.579626	5.04797	290.771	-6.45119	1735.23	-86.3776	-87.276	4976.04	0.000159203	668.332
33.2100	-2.22008	-11.4272	0.330264	7.4929	2.05775	14.596	6.26466	4.49914	-6.44527	1733.99	-87.8958	-88.6591	4974.52	-0.000603745	668.03
33.2107	-2.53023	-13.562	0.022518	8.98245	2.35921	28.9549	5.95402	-273.236	-6.44527	1732.64	-89.414	-89.7167	4973.3	-0.000451137	667.867
33.2113	-2.22008	-15.6968	0.330264	10.2012	3.57813	42.9977	5.33273	-232.34	-6.45119	1732.32	-89.7336	-90.4814	4972.69	0.000159203	667.867
33.2120	-1.30593	-15.1317	0.330264	8.39565	3.87958	48.7939	4.42668	-65.9874	-6.44527	1731.89	-90.2929	-90.7905	4972.69	6.59448e-006	666.96
33.2127	-0.391778	-12.9969	-0.285228	5.32628	3.57813	46.9497	2.89935	-68.7561	-6.43936	1732.05	-90.2929	-90.6441	4972.99	0.000311811	666.356
33.2133	-0.391778	-12.3691	-0.285228	4.42352	3.27667	44.5258	1.9933	-96.8469	-6.44527	1732.48	-89.414	-90.1722	4973.75	0.000159203	664.984
33.2140	-0.391778	-12.683	-0.285228	5.95821	2.35921	46.0275	1.06137	-142.3	-6.44527	1732.91	-88.6149	-89.4238	4974.37	-0.000451137	663.751
33.2147	-0.391778	-11.7412	0.330264	6.27417	0.825722	49.0837	-0.465967	-163.353	-6.43936	1732.91	-88.7747	-89.8794	4973.45	-0.000298575	663.31
33.2153	-0.391778	-9.60642	0.938249	3.52076	0.825722	45.7377	-2.27806	-12.9206	-6.44527	1732.32	-89.5738	-90.7905	4973.14	6.59448e-006	661.938
33.2160	-0.0816205	-8.7274	0.938249	2.57286	1.44174	35.9631	-4.42668	96.0394	-6.44527	1732.48	-89.0944	-90.4814	4974.06	6.59448e-006	660.543
33.2167	0.228537	-8.7274	0.022518	2.57286	1.74319	27.1107	-6.86007	93.9052	-6.44527	1732.48	-89.414	-91.0997	4972.99	6.59448e-006	660.101
33.2173	0.228537	-8.09953	-0.585468	2.57286	2.05775	25.5826	-9.60409	96.0394	-6.43936	1731.4	-90.4528	-92.7755	4971.31	-0.000145967	659.938
33.2180	0.522371	-9.29249	-0.285228	3.52076	2.35921	29.5609	-11.7527	23.1302	-6.43936	1730.65	-91.092	-93.8494	4970.86	-0.000145967	659.334
33.2187	-0.0816205	-11.1133	0.022518	4.73948	2.35921	32.0111	-13.2801	-109.652	-6.43344	1730.21	-91.891	-94.305	4970.55	0.000159203	658.566
33.2193	-0.99577	-12.0551	0.022518	5.95821	2.35921	32.0111	-15.4028	-138.666	-6.43344	1730.97	-91.2518	-93.6867	4971.62	0.000922151	658.101
33.2200	-0.99577	-12.683	0.022518	8.39565	0.825722	32.6171	-15.7134	-73.659	-6.43344	1732.91	-88.7747	-92.0108	4973.45	0.000616981	657.195
33.2207	-1.90992	-12.3691	0.330264	12.3678	-1.31067	30.7728	-12.6588	-4.03769	-6.43344	1734.32	-86.9369	-90.1722	4974.82	0.000159203	655.823
33.2213	-2.53023	-10.8622	1.24599	12.9546	-2.83105	22.8425	-9.00869	97.5391	-6.43344	1734.48	-86.857	-89.4238	4975.28	0.000159203	654.451
33.2220	-1.90992	-8.41347	1.54623	9.93034	-3.74852	12.1721	-6.54942	210.191	-6.43344	1734.48	-87.0967	-90.0258	4975.28	0.000159203	653.219
33.2227	-0.99577	-5.02297	0.938249	6.545	-3.1325	2.7137	-4.73733	262.681	-6.43344	1734.48	-87.2565	-90.1722	4975.43	0.000464373	652.916
33.2233	-0.685612	0.125574	0.022518	0.767345	-1.61212	-6.13876	-4.11604	217.805	-6.43344	1733.99	-87.4164	-90.0258	4974.82	0.000311811	652.312
33.2240	0.522371	6.52986	-0.893213	-7.17693	-0.996109	-15.5972	-3.20999	6.92176	-6.43344	1733.4	-87.736	-90.4814	4974.06	-0.000145967	651.103
33.2247	0.522371	11.1133	-1.20096	-10.8331	-0.393201	-22.9216	-1.37201	-307.73	-6.43344	1733.56	-88.2154	-90.4814	4973.91	6.59448e-006	650.335
33.2253	0.228537	8.97855	-0.893213	-6.545	-0.0786402	-22.9216	-0.155322	-409.018	-6.43344	1733.24	-88.3752	-90.3349	4973.91	0.000159203	649.568
33.2260	-0.0816205	1.06738	-0.285228	1.35414	-0.996109	-17.1253	-0.155322	-183.484	-6.42654	1733.08	-88.3752	-90.4814	4974.06	0.000311811	648.661
33.2267	-0.391778	-5.3369	0.330264	7.76372	-1.61212	-13.4631	1.37201	88.0794	-6.42654	1733.83	-87.736	-89.7167	4974.98	-0.000145967	647.731
33.2273	-0.391778	-9.29249	0.330264	12.9546	-1.61212	-13.4631	5.64338	251.087	-6.43344	1735.23	-86.5374	-88.2035	4976.04	6.59448e-006	647.429
33.2280	-0.391778	-13.8759	0.330264	18.4614	-1.61212	-12.5673	8.10264	388.08	-6.43344	1736.75	-85.179	-86.674	4977.11	0.000311811	646.964
33.2287	-0.0816205	-18.1455	0.022518	21.5308	-1.61212	-9.51113	7.17071	531.822	-6.42654	1736.75	-84.5398	-86.0557	4977.72	-0.000603745	644.988
33.2293	-0.391778	-15.6968	0.022518	19.3642	-0.996109	-7.98302	6.57531	564.469	-6.42654	1735.56	-85.5785	-87.4388	4976.35	-0.000756307	643.779
33.2300	-0.99577	-7.15773	-0.285228	11.7359	0.222814	-13.7793	7.792	387.503	-6.42062	1734.16	-87.5762	-89.4238	4974.37	-0.000298575	643.779
33.2307	-0.391778	2.26033	-0.585468	2.30203	1.44174	-23.2377	8.69805	143.973	-6.42062	1733.08	-88.6149	-90.3349	4973.45	-0.000145967	643.151
33.2313	0.522371	12.0551	-1.20096	-8.07969	1.74319	-32.6962	8.3874	-106.883	-6.42654	1732.05	-89.414	-90.7905	4972.69	-0.000298575	642.384
33.2320	1.14269	30.075	-1.5012	-26.9925	1.44174	-46.1329	7.792	-352.894	-6.42654	1732.05	-89.7336	-90.937	4972.38	-0.000451137	641.64
33.2327	2.36699	54.7503	-1.20096	-50.8253	1.44174	-61.6774	6.57531	-516.767	-6.42654	1732.32	-89.2542	-90.3349	4973.14	-0.000298575	640.57
33.2333	2.36699	66.9938	0.022518	-62.1098	0.825722	-68.3958	4.42668	-515.556	-6.42654	1732.48	-88.9345	-89.8794	4973.45	-0.000451137	639.198
33.2340	0.522371	62.4103	0.938249	-57.5057	-0.996109	-66.5779	1.68266	-172.236	-6.42654	1733.08	-89.0944	-90.0258	4973.45	-0.000451137	638.268
33.2347	-0.0816205	48.9739	1.54623	-41.9783	-1.61212	-59.2535	-1.68266	121.073	-6.42654	1733.4	-88.7747	-89.8794	4973.91	0.000159203	637.361
33.2353	-0.685612	28.8193	1.54623	-20.3121	-2.21503	-42.7606	-5.02209	68.2947	-6.42062	1733.24	-88.2154	-89.5702	4974.06	0.000464373	636.594
33.2360	-1.59976	8.97855	1.54623	-1.6701	-3.74852	-21.7096	-5.95402	79.8886	-6.42062	1733.56	-87.8958	-89.1146	4974.06	0.000159203	635.989
33.2367	-1.59976	-3.20214	0.938249	8.07969	-4.04997	-4.00469	-5.95402	97.2507	-6.42062	1733.24	-88.3752	-89.2611	4973.75	6.59448e-006	634.757
33.2373	0.522371	-11.1133	0.330264	12.3678	-2.52959	9.7219	-6.86007	-26.0143	-6.42062	1731.73	-90.0532	-90.6441	4972.08	6.59448e-006	634.013
33.2380	2.66083	-16.3246	-0.285228	15.392	-1.31067	19.7863	-6.86007	9.34437	-6.42062	1730.48	-91.4116	-92.0108	4970.86	6.59448e-006	633.385
33.2387	2.36699	-16.6386	-0.585468	15.708	-0.996109	19.7863	-6.86007	132.379	-6.42654	1730.21	-91.2518	-92.4664	4971.01	6.59448e-006	632.316
33.2393	1.43652	-15.1317	-0.585468	14.1733	-0.393201	13.3841	-6.54942	126.553	-6.42654	1730.97	-90.7724	-92.0108	4971.62	0.000159203	631.107
33.2400	1.14269	-15.3828	-0.285228	12.3678	0.222814	11.5662	-4.42668	50.2404	-6.4147	1732.81	-89.5738	-90.3349	4973.14	0.000159203	629.433
33.2407	1.14269	-14.5038	0.630503	8.39565	0.222814	11.856	-2.5887	-78.2159	-6.4147	1733.83	-88.2154	-88.9519	4974.52	0.000616981	628.061
33.2413	0.832529	-11.1133	0.330264	2.88883	-0.0786402	17.3624	-1.68266	-274.159	-6.4147	1734.32	-88.0556	-88.8055	4974.67	0.000311811	627.433
33.2420	0.522371	-11.4272	0.022518	3.20479	0.524268	33.5392	-1.96742	-369.68	-6.40879	1734.48	-87.8958	-88.2035	4975.28	-0.000145967	626.061
33.2427	-0.0816205	-14.8177	-0.285228	6.545	0.524268	44.5258	-2.27806	-280.85	-6.4147	1734.16	-87.5762	-87.8943	4975.43	0.000159203	624.992
33.2433	-0.685612	-16.0107	-0.285228	7.76372	0.222814	44.2096	0.465967	-131.629	-6.42062	1733.99	-87.736	-88.4964	4974.67	0.000311811	624.387
33.2440	-0.391778	-16.9525	0.330264	9.29841	0.524268	44.5258	3.52064	35.0126	-6.4147	1733.72	-88.2154	-88.9519	4974.67	6.59448e-006	623.48
33.2447	0.522371	-17.5804	0.022518	11.7359	-0.0786402	46.3437	4.11604	154.644	-6.4147	1733.56	-88.2154	-88.9519	4974.37	-0.000145967	622.713
33.2453	0.832529	-15.1317	-0.893213	11.465	-0.996109	40.8636	3.20999	155.855	-6.4147	1733.4	-88.0556	-89.1146	4974.06	-0.000145967	621.643
33.2460	0.832529	-11.1133	-1.20096	8.39565	-2.21503	31.089	2.30395	83.5225	-6.4147	1733.72	-88.3752	-89.2611	4974.06	-0.000145967	621.178
33.2467	0.228537	-8.97855	-0.585468	6.27417	-1.91358	25.5826	2.30395	-31.494	-6.4147	1734.91	-87.4164	-88.3499	4975.13	-0.000145967	620.574
33.2473	0.522371	-8.41347	-0.585468	5.64224	-0.694655	24.3706	2.5887	-114.843	-6.40879	1735.83	-86.2178	-87.276	4975.89	-0.000298575	618.737
33.2480	1.14269	-7.15773	-0.585468	3.52076	-0.393201	21.9204	1.37201	-88.3101	-6.40879	1736.31	-85.5785	-86.2185	4976.65	-0.000451137	616.924
33.2487	1.14269	-5.65084	-0.285228	1.6701	-0.996109	16.7301	-0.155322	6.34494	-6.4147	1736.58	-85.2589	-85.9093	4977.11	-0.000298575	615.854
33.2493	0.522371	-4.70903	0.022518	2.30203	-1.31067	13.3841	0.155322	127.476	-6.4147	1735.83	-85.8981	-86.9832	4976.04	-0.000298575	615.087
33.2500	0.522371	-4.70903	0.022518	5.05545	-0.694655	13.7002	1.68266	198.251	-6.4147	1734.16	-87.5762	-88.3499	4974.37	-0.000298575	614.319
33.2507	0.832529	-5.65084	-0.585468	6.86097	-0.0786402	14.3062	2.89935	112.19	-6.4147	1732.48	-89.2542	-89.7167	4972.69	-0.000145967	613.552
33.2513	0.228537	-4.39509	-0.285228	6.545	0.524268	10.9338	4.42668	-34.5511	-6.4147	1731.89	-90.0532	-90.7905	4972.08	-0.000451137	612.785
33.2520	-0.685612	-1.38132	0.330264	3.83672	0.222814	0.869438	4.42668	-93.7898	-6.4147	1731.89	-90.0532	-90.7905	4972.53	-0.000298575	611.576
33.2527	-0.99577	0.43951	0.022518	2.57286	0.222814	-12.2512	2.5887	-129.495	-6.4147	1733.08	-89.2542	-90.0258	4973.14	0.000616981	611.273
33.2533	-0.685612	-0.125574	0.022518	4.73948	0.222814	-21.3935	1.9933	-219.535	-6.4147	1733.56	-88.3752	-89.7167	4973.91	0.000464373	610.204
33.2540	-0.685612	-0.43951	0.330264	5.95821	-0.0786402	-27.5059	0.465967	-289.099	-6.4147	1732.64	-88.535	-89.7167	4974.21	-0.000145967	607.6
33.2547	-0.0816205	-0.753445	0.022518	5.64224	-0.393201	-29.6399	-1.37201	-225.592	-6.4147	1733.08	-88.3752	-89.5702	4973.6	0.000159203	606.693
33.2553	-0.391778	-2.00919	-0.285228	5.32628	-0.393201	-23.8437	-2.27806	-26.9372	-6.4147	1733.4	-88.3752	-89.4238	4973.45	0.000464373	606.088
33.2560	-0.685612	-0.125574	0.022518	1.35414	-0.0786402	-16.5193	-1.96742	159.489	-6.40879	1733.08	-88.2154	-89.5702	4973.91	0.000159203	604.856
33.2567	-0.0816205	8.09953	0.022518	-8.98245	0.222814	-16.5193	-1.37201	179.966	-6.4147	1732.91	-88.535	-89.7167	4973.6	6.59448e-006	604.089
33.2573	0.522371	16.3246	-0.585468	-17.5587	0.222814	-21.1036	-1.37201	69.1599	-6.4147	1732.05	-90.213	-90.7905	4972.08	0.000159203	603.019
33.2580	-0.0816205	19.0873	-0.585468	-19.9961	0.524268	-23.8437	-1.37201	-0.115363	-6.4147	1730.81	-91.2518	-91.8644	4971.01	0.000159203	602.112
33.2587	0.228537	18.1455	0.022518	-17.2427	0.825722	-22.3156	-1.06137	14.5357	-6.42062	1730.48	-90.9322	-92.0108	4971.01	6.59448e-006	601.206
33.2593	0.522371	13.562	0.630503	-11.1491	1.44174	-17.1253	-0.750724	34.3781	-6.42062	1731.13	-90.6126	-91.0997	4972.08	-0.000145967	599.671
33.2600	0.228537	8.41347	0.330264	-5.64224	2.05775	-11.935	-0.750724	150.029	-6.4147	1732.48	-89.2542	-89.5702	4973.75	0.000159203	597.997
33.2607	0.832529	4.39509	0.330264	-0.135414	2.35921	-5.53279	-1.37201	351.164	-6.4147	1734.32	-87.2565	-88.0408	4974.98	0.000464373	596.765
33.2613	0.832529	-3.51608	0.330264	7.4929	2.66066	1.47541	-2.5887	382.312	-6.4147	1734.91	-86.6972	-87.5852	4975.89	6.59448e-006	595.253
33.2620	-0.0816205	-14.1899	0.022518	15.392	2.96211	5.13759	-3.20999	350.241	-6.4147	1734.91	-86.857	-88.0408	4975.59	-0.000145967	594.323
33.2627	-0.0816205	-19.9663	0.022518	19.0933	2.96211	5.74356	-2.89935	467.161	-6.4147	1734.32	-87.2565	-88.4964	4974.52	6.59448e-006	593.254
33.2633	-0.391778	-16.9525	0.022518	13.2706	2.96211	6.05972	-1.68266	516.248	-6.4147	1733.4	-88.0556	-88.8055	4973.91	-0.000145967	591.882
33.2640	0.228537	-3.83001	0.330264	0.135414	2.96211	3.60949	-1.68266	250.164	-6.42062	1733.72	-88.3752	-88.9519	4974.21	-0.000298575	591.277
33.2647	0.832529	13.562	0.022518	-13.5865	2.66066	-3.39871	-1.96742	-180.139	-6.42062	1733.72	-88.3752	-89.2611	4974.21	-0.000298575	589.906
33.2653	0.522371	24.8637	-0.585468	-22.1176	2.96211	-10.4069	-2.27806	-523.458	-6.42062	1733.24	-88.535	-89.5702	4973.75	-0.000298575	588.534
33.2660	-0.391778	28.5053	0.022518	-25.5029	3.57813	-18.0474	-1.37201	-761.797	-6.42062	1733.24	-88.3752	-89.4238	4973.45	-0.000298575	587.929
33.2667	-0.685612	27.9402	0.330264	-24.555	3.27667	-28.7178	-0.155322	-823.17	-6.4147	1733.72	-87.5762	-88.6591	4974.52	-0.000298575	586.557
33.2673	-0.99577	28.2542	0.022518	-23.6523	2.35921	-39.0984	-0.155322	-568.622	-6.42062	1734.64	-86.3776	-87.4388	4976.35	6.59448e-006	585.186
33.2680	-0.99577	31.8958	0.022518	-24.871	1.74319	-44.8946	-0.465967	-88.8869	-6.42062	1736.15	-85.2589	-86.5113	4977.11	0.000311811	584.256
33.2687	-1.30593	28.8193	-0.585468	-20.3121	1.74319	-41.8648	-0.155322	311.479	-6.42062	1737.23	-85.179	-86.0557	4977.42	0.000311811	582.884
33.2693	-1.30593	14.8177	-0.585468	-5.64224	1.74319	-33.0123	-0.155322	396.04	-6.42062	1735.83	-86.3776	-87.4388	4976.2	-0.000451137	581.675
33.2700	-1.30593	-0.753445	0.022518	8.98245	1.74319	-25.9778	-0.465967	271.794	-6.42062	1733.72	-88.3752	-89.8794	4973.3	-0.000603745	581.047
33.2707	-0.99577	-8.41347	0.630503	15.1212	1.44174	-21.3935	-0.155322	165.949	-6.42654	1732.48	-89.2542	-90.937	4972.08	-0.000298575	579.838
33.2713	-0.685612	-8.97855	0.022518	11.7359	1.14028	-14.7014	0.155322	139.358	-6.42062	1731.4	-89.8934	-91.0997	4972.08	-0.000451137	578.606
33.2720	-0.391778	-8.41347	0.022518	6.545	0.524268	-3.08255	-0.465967	94.8281	-6.4147	1731.4	-90.213	-90.937	4972.38	-0.000298575	577.862
33.2727	-0.685612	-10.2343	0.938249	5.32628	0.524268	11.5662	-1.68266	-13.209	-6.42062	1732.16	-89.7336	-90.6441	4972.69	6.59448e-006	576.792
33.2733	-1.59976	-11.7412	0.630503	5.64224	-0.393201	17.9684	-3.49475	-49.5482	-6.42654	1732.81	-88.9345	-90.3349	4972.99	-0.000145967	575.56
33.2740	-1.30593	-10.8622	0.022518	5.95821	-0.0786402	19.7863	-5.64338	-26.9372	-6.42062	1732.91	-88.535	-89.8794	4973.45	-0.000451137	574.188
33.2747	-0.99577	-12.0551	-0.285228	7.17693	0.524268	30.483	-7.48136	-31.494	-6.42062	1732.48	-88.7747	-89.8794	4973.45	0.000159203	573.118
33.2753	-2.53023	-16.3246	0.022518	8.71162	0.222814	43.2875	-7.48136	-28.783	-6.42654	1732.81	-88.7747	-90.0258	4973.45	0.000159203	572.351
33.2760	-2.53023	-16.9525	0.022518	8.39565	0.222814	47.2658	-4.73733	-36.6853	-6.42654	1733.24	-88.3752	-89.2611	4974.06	-0.000145967	571.142
33.2767	-1.30593	-17.8315	-0.285228	8.71162	1.14028	47.5556	-1.96742	-7.0948	-6.42062	1732.91	-88.9345	-89.7167	4973.45	6.59448e-006	570.072
33.2773	-1.59976	-20.5942	-0.285228	12.0518	1.44174	47.5556	-1.06137	97.5391	-6.42062	1731.4	-90.0532	-91.2461	4971.62	0.000159203	568.84
33.2780	-1.90992	-16.9525	0.330264	10.8331	1.14028	42.9977	-0.465967	137.57	-6.42654	1730.21	-90.4528	-92.32	4970.86	0.000159203	568.236
33.2787	-1.59976	-8.97855	0.630503	3.52076	0.825722	38.0972	-0.155322	43.8378	-6.43344	1730.32	-90.6126	-92.0108	4971.16	0.000464373	567.166
33.2793	-1.30593	-5.02297	0.022518	-0.451379	1.14028	34.7512	-1.06137	-115.766	-6.42654	1731.13	-90.213	-91.3925	4972.53	0.000159203	565.492
33.2800	-0.685612	-6.84379	-0.285228	0.451379	2.05775	32.9069	-1.37201	-181.985	-6.42654	1732.48	-88.7747	-90.3349	4973.75	-0.000145967	563.957
33.2807	-0.391778	-9.92036	0.330264	2.30203	2.35921	34.435	-2.5887	-109.652	-6.42654	1734.16	-87.0967	-88.9519	4974.52	-0.000145967	562.144
33.2813	-1.30593	-10.2343	0.330264	4.10755	2.35921	33.5392	-3.49475	-47.9908	-6.42654	1734.64	-86.5374	-87.8943	4975.28	-0.000298575	560.446
33.2820	-1.90992	-8.7274	0.630503	7.17693	2.96211	26.8209	-2.5887	-36.1085	-6.42062	1734.64	-86.5374	-87.5852	4975.74	6.59448e-006	559.842
33.2827	-1.59976	-6.59264	0.938249	9.29841	2.96211	17.0463	1.06137	-84.3301	-6.42062	1734.64	-86.6972	-87.7316	4975.59	0.000464373	559.075
33.2833	-0.685612	-5.02297	1.24599	10.5171	2.05775	6.66569	5.04797	-111.152	-6.42654	1734.32	-87.2565	-88.2035	4974.98	0.000311811	557.703
33.2840	-0.391778	-4.70903	0.938249	11.1491	1.14028	-0.0526932	6.26466	-22.9572	-6.42062	1733.72	-87.736	-88.6591	4974.21	-0.000145967	556.191
33.2847	-0.0816205	-3.51608	0.022518	6.86097	-0.393201	-3.71487	3.83128	15.8047	-6.42062	1733.72	-87.8958	-89.2611	4974.06	0.000159203	555.122
33.2853	0.832529	-0.43951	-0.585468	0.451379	-0.393201	-6.74473	0.155322	-45.2798	-6.42654	1733.83	-87.4164	-89.1146	4974.67	0.000159203	553.89
33.2860	1.14269	1.06738	-1.20096	-0.451379	-0.0786402	-9.51113	-1.68266	-92.5785	-6.42062	1733.72	-87.2565	-88.6591	4974.52	-0.000451137	552.983
33.2867	0.522371	-0.43951	-0.893213	1.98607	-0.0786402	-9.19497	-1.37201	-128.283	-6.42062	1733.56	-87.0967	-88.8055	4974.52	-0.000451137	551.448
33.2873	-0.391778	-5.3369	0.022518	6.27417	-0.0786402	-7.06089	-1.68266	-128.572	-6.42654	1734.32	-86.3776	-87.7316	4976.2	0.000159203	548.867
33.2880	-0.99577	-11.1133	0.630503	13.9025	0.222814	-7.98302	-2.5887	-16.5545	-6.42062	1735.83	-85.179	-86.3649	4977.11	0.000311811	547.798
33.2887	-1.30593	-13.562	0.330264	18.4614	0.524268	-10.7231	-2.5887	169.871	-6.42062	1736.58	-84.5398	-85.9093	4977.11	6.59448e-006	547.635
33.2893	-1.59976	-12.683	0.330264	18.1454	0.524268	-13.1733	-1.68266	340.781	-6.42062	1735.83	-85.2589	-86.9832	4976.35	-0.000451137	547.03
33.2900	-0.99577	-8.7274	0.022518	11.7359	-0.0786402	-16.2295	0.155322	299.885	-6.42062	1733.99	-87.0967	-88.6591	4974.67	-0.000451137	545.798
33.2907	-0.391778	1.69525	-0.893213	-1.6701	-0.694655	-22.9216	-1.37201	-35.8201	-6.4147	1732.64	-88.7747	-89.7167	4972.99	-0.000145967	544.426
33.2913	-0.0816205	13.562	-0.893213	-12.9546	-0.393201	-29.6399	-4.11604	-269.256	-6.42062	1732.16	-89.414	-90.4814	4972.38	-0.000298575	543.357
33.2920	-0.391778	18.4594	-0.285228	-16.9267	1.14028	-34.2243	-3.8054	-223.803	-6.42062	1732.32	-88.6149	-90.4814	4973.14	-0.000451137	542.45
33.2927	-0.685612	23.3568	-0.585468	-21.5308	2.05775	-43.0767	-2.89935	-163.642	-6.42062	1732.64	-88.535	-90.0258	4973.3	-0.000298575	541.38
33.2933	-0.99577	32.7749	-0.893213	-28.8431	2.05775	-55.5914	-0.750724	-127.36	-6.42062	1732.81	-88.7747	-90.3349	4972.69	-0.000145967	540.171
33.2940	-0.685612	34.9724	-0.285228	-26.7217	1.44174	-60.1493	3.20999	-35.474	-6.42062	1732.91	-88.535	-89.8794	4973.14	-0.000298575	537.87
33.2947	0.522371	24.2358	-0.585468	-13.2706	-0.0786402	-56.1973	3.20999	82.0228	-6.42062	1732.64	-88.535	-89.7167	4973.3	-0.000145967	536.195
33.2953	1.43652	14.5038	-1.20096	-4.10755	-2.21503	-50.0849	1.06137	93.9052	-6.4147	1732.48	-88.6149	-90.1722	4973.3	-0.000298575	535.289
33.2960	0.832529	10.2343	-0.893213	-2.88883	-3.74852	-39.4145	1.9933	-30.2827	-6.42062	1732.81	-88.535	-89.8794	4973.45	-0.000451137	533.894
33.2967	0.522371	8.09953	-0.585468	-5.32628	-4.04997	-28.428	3.52064	-116.689	-6.42062	1732.48	-88.7747	-90.0258	4973.14	0.000159203	533.15
33.2973	1.14269	13.8759	-0.585468	-14.4893	-4.35142	-23.2377	1.68266	-22.3803	-6.4147	1730.97	-90.0532	-91.3925	4971.77	0.000311811	532.522
33.2980	1.43652	21.536	-0.285228	-21.8016	-3.44706	-14.3853	-0.155322	153.432	-6.40879	1730.21	-90.7724	-92.32	4970.86	6.59448e-006	531.15
33.2987	2.05684	17.2664	-0.893213	-17.2427	-2.52959	1.1856	-1.06137	104.865	-6.4147	1730.21	-90.9322	-92.0108	4970.7	6.59448e-006	529.639
33.2993	1.43652	10.8622	-1.20096	-12.6838	-2.83105	9.11593	-3.20999	-25.4375	-6.4147	1731.13	-90.0532	-91.2461	4972.08	6.59448e-006	528.569
33.3000	-0.0816205	8.09953	-0.585468	-12.0518	-3.44706	9.7219	-2.27806	173.563	-6.40879	1733.24	-88.0556	-89.5702	4974.06	-0.000298575	527.034
33.3007	-0.0816205	0.753445	-0.585468	-5.64224	-1.91358	16.7301	2.5887	580.966	-6.40879	1734.32	-86.857	-88.2035	4974.98	6.59448e-006	524.895
33.3013	-0.0816205	-7.7856	-0.893213	1.6701	-0.996109	27.4268	5.64338	797.963	-6.4147	1734.16	-86.9369	-88.3499	4975.13	0.000616981	523.082
33.3020	-0.0816205	-8.41347	-0.893213	1.6701	-1.31067	30.7728	6.86007	486.369	-6.4147	1734.32	-86.9369	-88.4964	4974.98	0.000464373	522.012
33.3027	-0.391778	-3.20214	-0.585468	-1.98607	-0.694655	24.9766	8.69805	-235.397	-6.40879	1734.16	-86.6972	-88.0408	4974.98	-0.000145967	521.082
33.3033	-1.30593	-1.69525	-0.285228	-1.98607	1.14028	14.9122	10.8467	-621.401	-6.40287	1733.56	-86.9369	-88.3499	4975.13	6.59448e-006	519.873
33.3040	-1.59976	-5.65084	0.022518	3.52076	2.66066	11.5662	10.8467	-394.367	-6.40287	1733.4	-87.5762	-89.1146	4974.37	-0.000298575	518.641
33.3047	-1.59976	-8.97855	0.630503	7.4929	3.57813	16.1241	9.00869	-83.1188	-6.40287	1733.56	-87.5762	-88.9519	4973.91	-0.000603745	517.269
33.3053	-1.30593	-8.97855	0.938249	6.86097	2.66066	21.6306	8.69805	20.996	-6.40879	1733.24	-87.736	-89.2611	4973.6	6.59448e-006	516.06
33.3060	-0.391778	-8.97855	0.630503	5.64224	1.14028	24.0545	7.792	61.8344	-6.40287	1733.56	-87.2565	-89.4238	4974.21	6.59448e-006	515.293
33.3067	-0.0816205	-12.3691	0.330264	7.76372	-0.0786402	27.1107	4.11604	106.71	-6.39597	1734.48	-86.058	-87.5852	4976.2	-0.000298575	513.758
33.3073	0.832529	-15.1317	0.022518	10.5171	-1.31067	32.6171	1.06137	94.8281	-6.39597	1735.4	-85.4187	-86.8205	4976.65	0.000464373	512.247
33.3080	1.43652	-14.8177	0.330264	12.6838	-1.61212	35.6733	-0.465967	3.57624	-6.39005	1735.99	-85.0192	-86.674	4976.65	0.000159203	511.014
33.3087	1.43652	-13.2481	-0.585468	12.6838	-1.31067	28.9549	-2.89935	-94.3666	-6.39005	1736.31	-84.0603	-86.0557	4977.11	-0.000451137	509.805
33.3093	1.74668	-11.1133	-1.80894	11.465	-1.31067	19.7863	-5.95402	-118.477	-6.39597	1735.4	-84.8594	-87.1296	4976.35	-0.000298575	508.875
33.3100	1.74668	-10.8622	-1.5012	11.7359	-1.61212	20.3923	-8.3874	-96.8469	-6.39597	1733.72	-87.0967	-88.9519	4974.37	-0.000145967	507.968
33.3107	0.832529	-12.683	-0.285228	11.465	-1.91358	24.6868	-10.8208	-85.8298	-6.39005	1732.64	-88.2154	-90.0258	4972.84	-0.000451137	506.899
33.3113	-0.0816205	-14.5038	0.022518	11.465	-3.1325	21.9204	-12.3481	-89.8098	-6.39005	1732.05	-88.7747	-90.937	4972.53	-0.000298575	505.667
33.3120	-0.685612	-16.9525	-0.585468	15.1212	-3.1325	15.8343	-12.3481	-108.441	-6.39597	1732.32	-89.2542	-90.7905	4973.14	6.59448e-006	504.295
33.3127	-1.30593	-18.4594	-0.585468	16.6108	-2.83105	11.5662	-12.3481	-143.223	-6.39597	1733.24	-87.8958	-89.2611	4974.37	6.59448e-006	502.923
33.3133	-1.30593	-19.0873	0.630503	15.392	-2.21503	10.644	-11.7527	-197.847	-6.39597	1733.4	-87.0967	-89.2611	4974.37	6.59448e-006	501.853
33.3140	-2.22008	-18.7733	1.24599	14.8052	-1.61212	10.3279	-9.00869	-210.652	-6.39005	1733.56	-87.5762	-89.5702	4973.6	-0.000145967	500.482
33.3147	-2.82407	-18.4594	1.24599	14.8052	-1.31067	9.11593	-5.33273	-62.6419	-6.38413	1733.4	-87.2565	-89.1146	4974.06	-0.000145967	499.11
33.3153	-1.59976	-16.9525	0.938249	15.708	-0.694655	7.58783	-2.27806	175.063	-6.39005	1733.08	-87.4164	-89.2611	4974.37	6.59448e-006	497.598
33.3160	-1.30593	-10.2343	1.24599	12.0518	-0.0786402	2.08138	-1.06137	299.597	-6.39005	1733.24	-87.5762	-89.5702	4974.21	0.000159203	496.064
33.3167	-1.90992	2.57427	0.938249	0.135414	0.222814	-9.80094	-1.37201	291.637	-6.38413	1732.81	-87.8958	-90.3349	4973.3	6.59448e-006	494.994
33.3173	-1.59976	16.6386	0.330264	-13.5865	-0.0786402	-22.0258	-2.27806	196.463	-6.37822	1731.13	-89.414	-91.5552	4971.31	-0.000145967	493.622
33.3180	-0.99577	29.7611	0.022518	-24.871	-0.393201	-33.0123	-1.96742	-84.6185	-6.38413	1729.57	-91.2518	-92.7755	4970.25	0.000464373	492.39
33.3187	-0.685612	44.3905	0.022518	-36.4714	-0.0786402	-47.0287	-1.06137	-510.018	-6.38413	1729.89	-91.9709	-93.8494	4969.63	0.000311811	491.344
33.3193	-0.99577	52.0505	0.630503	-42.5651	0.222814	-58.6476	0.776611	-707.807	-6.37822	1731.24	-90.2929	-92.0108	4971.16	-0.000298575	489.647
33.3200	-0.99577	44.3905	1.24599	-34.35	-0.393201	-58.0153	3.20999	-416.344	-6.37822	1732.48	-88.0556	-89.5702	4974.37	0.000464373	487.205
33.3207	-1.59976	25.1776	0.630503	-16.6108	-1.31067	-47.9508	2.5887	119.227	-6.37822	1733.56	-87.4164	-89.2611	4975.13	0.000922151	485.996
33.3213	-1.30593	10.8622	0.330264	-4.73948	-1.31067	-37.8864	-0.750724	416.805	-6.3723	1734.91	-86.3776	-88.9519	4974.82	-0.000145967	485.066
33.3220	0.522371	8.09953	0.022518	-2.88883	-0.393201	-26.2939	-3.8054	392.983	-6.3723	1734.75	-85.8981	-88.4964	4975.43	6.59448e-006	483.555
33.3227	1.43652	6.84379	-0.893213	-2.30203	-0.694655	-13.1733	-7.17071	292.906	-6.37822	1733.99	-86.6972	-89.1146	4974.82	0.000616981	482.95
33.3233	1.14269	6.27871	-0.893213	-1.6701	-1.61212	-5.53279	-9.60409	102.442	-6.3723	1734.64	-86.3776	-88.8055	4974.67	6.59448e-006	482.183
33.3240	1.14269	7.15773	-0.285228	-1.98607	-1.91358	-5.53279	-9.00869	-232.917	-6.3723	1734.16	-86.3776	-89.1146	4974.52	-0.000298575	480.811
33.3247	0.832529	6.52986	0.630503	-2.88883	-2.21503	-11.935	-5.95402	-209.152	-6.3723	1733.4	-86.9369	-90.3349	4973.6	6.59448e-006	479.579
33.3253	-0.685612	8.7274	0.938249	-6.27417	-1.61212	-23.2377	-4.11604	364.892	-6.3654	1733.4	-87.0967	-90.3349	4973.91	0.000159203	478.067
33.3260	-1.30593	7.47166	0.330264	-4.42352	0.222814	-20.1815	-5.33273	679.255	-6.3654	1733.72	-86.857	-89.8794	4974.21	6.59448e-006	476.696
33.3267	-1.59976	-2.57427	0.938249	3.52076	1.14028	0.869438	-8.07676	357.855	-6.3654	1734.75	-85.5785	-88.9519	4974.98	6.59448e-006	475.301
33.3273	-1.30593	-11.4272	0.630503	8.98245	1.14028	18.5744	-9.60409	-77.293	-6.3654	1735.83	-84.5398	-88.0408	4976.35	-0.000145967	473.789
33.3280	-0.99577	-16.0107	-0.285228	11.1491	1.74319	30.1669	-9.91474	-238.455	-6.3654	1736.15	-84.2201	-87.1296	4977.42	6.59448e-006	472.255
33.3287	-0.685612	-19.9663	-0.585468	13.2706	0.524268	37.8074	-7.76611	-240.243	-6.3723	1736.31	-84.2201	-87.276	4977.11	0.000311811	471.185
33.3293	-0.0816205	-18.7733	-0.285228	11.465	-0.694655	35.9631	-2.89935	-230.783	-6.3723	1735.4	-85.2589	-89.1146	4975.13	6.59448e-006	470.278
33.3300	0.522371	-13.2481	-0.893213	6.545	-0.393201	35.6733	1.06137	-165.488	-6.3654	1733.56	-87.2565	-90.4814	4973.45	-0.000145967	468.744
33.3307	1.14269	-10.8622	-1.20096	5.64224	0.222814	45.1318	2.89935	-72.7361	-6.35948	1732.16	-88.6149	-91.7017	4972.08	-0.000145967	467.372
33.3313	1.74668	-12.3691	-0.585468	7.4929	0.222814	51.2178	4.11604	-40.6653	-6.35948	1731.4	-88.9345	-92.1573	4971.62	-0.000451137	466.163
33.3320	1.14269	-11.4272	0.022518	5.95821	0.825722	46.0275	5.95402	-61.719	-6.35356	1731.56	-88.6149	-91.3925	4972.23	6.59448e-006	464.931
33.3327	-0.391778	-8.09953	0.022518	1.98607	1.44174	36.2793	8.10264	-77.5814	-6.35948	1732.16	-87.736	-90.7905	4972.99	0.000159203	463.861
33.3333	-0.99577	-5.65084	0.330264	1.08331	1.44174	27.4268	9.91474	-53.4706	-6.35356	1732.81	-87.0967	-90.3349	4973.91	-0.000145967	462.489
33.3340	-1.30593	-4.14395	0.630503	1.6701	2.05775	18.5744	11.1314	27.3986	-6.35356	1733.08	-87.0967	-90.1722	4973.75	-0.000145967	461.117
33.3347	-0.99577	-2.57427	0.630503	0.767345	2.05775	10.644	11.1314	142.761	-6.35356	1733.24	-87.4164	-90.0258	4973.45	6.59448e-006	459.746
33.3353	-0.0816205	-1.06738	0.630503	0.451379	1.74319	7.58783	10.8467	209.845	-6.35356	1733.56	-87.2565	-90.0258	4973.91	6.59448e-006	458.071
33.3360	-0.391778	-3.20214	0.022518	1.98607	1.44174	10.9338	9.62998	199.52	-6.35356	1733.4	-87.2565	-90.1722	4974.06	0.000311811	456.7
33.3367	-1.30593	-7.7856	-0.285228	5.05545	0.825722	17.9684	8.69805	160.758	-6.35948	1732.48	-88.0556	-90.6441	4973.3	0.000159203	455.63
33.3373	-1.30593	-8.97855	0.022518	8.07969	0.825722	23.7646	9.00869	76.4854	-6.35948	1731.24	-89.414	-91.8644	4971.92	-0.000145967	454.398
33.3380	-0.685612	-8.97855	0.022518	9.29841	0.222814	25.5826	10.2254	-34.5511	-6.35356	1730.21	-90.6126	-93.2311	4970.4	-0.000145967	453.026
33.3387	-0.99577	-11.4272	-0.585468	10.5171	-1.61212	24.9766	11.7527	-53.8167	-6.35948	1729.89	-90.6126	-93.0847	4970.4	0.000311811	451.515
33.3393	-0.99577	-13.562	-0.285228	12.6838	-1.31067	21.9204	11.7527	-48.9137	-6.35948	1731.13	-89.5738	-91.7017	4971.62	0.000464373	449.98
33.3400	-0.0816205	-11.1133	0.022518	11.7359	0.524268	13.7002	11.7527	-121.535	-6.35356	1733.24	-87.736	-90.0258	4973.3	-0.000145967	448.143
33.3407	0.832529	-8.41347	0.022518	8.98245	1.14028	3.60949	9.91474	-184.119	-6.35356	1734.48	-85.7383	-88.4964	4974.98	-0.000145967	446.632
33.3413	0.228537	-9.29249	0.022518	8.71162	0.222814	-0.658665	6.86007	-188.676	-6.35356	1735.4	-84.8594	-87.7316	4976.04	0.000159203	445.702
33.3420	0.522371	-7.7856	0.022518	6.86097	-0.996109	0.579626	4.11604	-127.937	-6.35356	1735.23	-85.5785	-88.2035	4975.59	6.59448e-006	444.028
33.3427	0.522371	-0.125574	0.022518	-0.767345	-1.31067	0.263466	1.68266	-23.5917	-6.35356	1734.32	-86.5374	-88.8055	4974.82	6.59448e-006	442.819
33.3433	-0.391778	8.09953	0.022518	-7.4929	-1.91358	-3.39871	-0.155322	6.34494	-6.35356	1733.99	-86.2178	-88.3499	4975.28	0.000159203	442.051
33.3440	0.228537	9.60642	-0.285228	-7.76372	-1.91358	-6.74473	-0.465967	24.3415	-6.35356	1733.83	-86.2178	-88.4964	4975.13	6.59448e-006	440.215
33.3447	0.522371	8.97855	-0.285228	-5.64224	-1.61212	-13.1733	-0.750724	122.284	-6.35356	1733.56	-87.5762	-89.7167	4973.6	-0.000298575	438.238
33.3453	-0.0816205	9.29249	-0.285228	-3.83672	-0.996109	-21.3935	-1.96742	104.288	-6.35356	1733.24	-88.0556	-90.1722	4972.84	-0.000451137	437.308
33.3460	-0.391778	5.96477	0.022518	-0.767345	-0.694655	-22.9216	-2.5887	-16.5545	-6.35356	1732.91	-87.5762	-89.8794	4973.75	-0.000145967	436.099
33.3467	-0.685612	0.43951	0.022518	3.52076	-0.393201	-18.6534	-3.8054	7.84466	-6.35948	1733.83	-86.5374	-88.4964	4975.13	6.59448e-006	434.727
33.3473	-0.0816205	-4.14395	-0.285228	7.76372	-0.0786402	-14.0691	-6.23878	130.821	-6.35356	1735.4	-84.8594	-86.8205	4976.35	6.59448e-006	433.193
33.3480	1.14269	-4.39509	-0.285228	6.86097	0.524268	-13.4631	-6.54942	152.798	-6.35356	1736.31	-83.5809	-86.0557	4977.11	6.59448e-006	431.681
33.3487	1.14269	-2.26033	-0.285228	4.42352	0.524268	-16.2295	-4.11604	15.8047	-6.35948	1736.48	-83.7407	-86.674	4976.96	-0.000298575	430.147
33.3493	0.522371	-0.125574	-0.285228	2.88883	-0.393201	-19.2594	-1.06137	-162.431	-6.35948	1735.07	-85.0192	-87.7316	4975.89	-0.000451137	429.077
33.3500	0.832529	6.84379	0.330264	-4.73948	-0.393201	-26.2939	-0.750724	-246.068	-6.35948	1733.08	-86.9369	-89.1146	4974.06	6.59448e-006	428.31
33.3507	0.522371	17.8315	0.630503	-14.8052	-0.0786402	-36.6745	-1.68266	-184.119	-6.35356	1732.64	-88.2154	-90.1722	4972.84	-0.000298575	427.403
33.3513	0.832529	21.536	0.022518	-15.392	0.524268	-42.4707	-0.155322	-15.9777	-6.35356	1732.48	-88.535	-90.937	4972.23	-0.000451137	426.473
33.3520	1.74668	16.6386	-1.20096	-10.2012	0.825722	-40.0205	1.9933	87.5025	-6.35948	1731.73	-89.414	-91.2461	4971.92	-0.000145967	424.66
33.3527	1.43652	13.2481	-1.5012	-8.71162	0.524268	-33.3021	3.52064	91.4826	-6.35948	1732.16	-89.2542	-90.3349	4972.69	-0.000145967	422.358
33.3533	1.14269	12.3691	-0.585468	-9.29841	1.14028	-25.688	4.73733	178.466	-6.35948	1732.81	-88.2154	-89.4238	4973.91	6.59448e-006	421.451
33.3540	1.43652	7.15773	0.630503	-6.545	1.74319	-15.5972	5.95402	293.482	-6.35948	1733.08	-87.736	-89.2611	4974.06	6.59448e-006	420.684
33.3547	0.832529	2.88821	1.54623	-5.32628	1.74319	-8.27284	6.57531	168.66	-6.35948	1733.24	-87.5762	-89.1146	4973.91	-0.000145967	418.847
33.3553	0.228537	5.96477	1.24599	-10.2012	2.35921	-10.1171	4.73733	-73.3129	-6.35356	1733.24	-87.5762	-89.2611	4973.75	6.59448e-006	417.173
33.3560	-0.0816205	12.3691	0.330264	-16.6108	1.74319	-15.9134	1.37201	-51.6824	-6.34765	1733.24	-87.5762	-89.2611	4974.06	0.000311811	416.266
33.3567	-0.685612	17.5176	0.022518	-21.2148	-0.0786402	-21.1036	-1.06137	71.9286	-6.35356	1732.81	-88.535	-89.8794	4973.6	0.000616981	415.034
33.3573	-0.391778	20.2802	-0.285228	-24.555	-0.0786402	-19.5755	-2.27806	8.76756	-6.35948	1730.97	-90.213	-91.8644	4971.62	0.000311811	413.522
33.3580	0.228537	19.9663	-0.585468	-24.2391	0.222814	-5.24298	-2.89935	-4.38378	-6.35948	1729.73	-91.092	-92.922	4970.7	0.000159203	412.453
33.3587	-0.0816205	13.562	-0.893213	-12.3678	0.222814	13.7002	-3.49475	103.365	-6.35356	1730.48	-91.092	-91.8644	4971.47	0.000311811	411.523
33.3593	-0.685612	2.00919	-0.893213	8.71162	0.524268	26.8209	-6.86007	117.093	-6.35356	1731.89	-89.7336	-90.6441	4972.69	0.000464373	409.546
33.3600	-0.391778	-9.29249	-1.20096	26.4057	0.222814	35.9631	-10.536	51.5094	-6.35948	1733.08	-87.5762	-89.4238	4974.06	0.000159203	407.105
33.3607	1.14269	-14.8177	-1.20096	34.034	0.825722	39.9415	-9.91474	13.036	-6.35356	1734.16	-86.857	-88.2035	4975.59	6.59448e-006	405.268
33.3613	1.74668	-16.0107	-1.20096	35.5687	1.74319	38.7032	-8.3874	-13.8435	-6.34765	1735.07	-86.5374	-87.5852	4975.74	0.000311811	404.198
33.3620	1.43652	-17.2664	-1.80894	37.6902	2.05775	38.7032	-9.00869	-56.8738	-6.34765	1734.64	-86.3776	-87.8943	4975.43	0.000311811	403.292
33.3627	1.43652	-18.4594	-1.20096	39.5408	2.35921	40.5474	-9.29345	-85.253	-6.35356	1734.16	-86.857	-88.4964	4974.98	6.59448e-006	402.059
33.3633	1.14269	-17.8315	-0.285228	37.6902	2.35921	38.7032	-8.07676	-111.152	-6.35356	1733.99	-87.4164	-88.9519	4974.21	-0.000145967	400.548
33.3640	-0.391778	-16.3246	0.022518	37.3742	1.74319	35.041	-8.3874	-137.743	-6.35356	1733.83	-87.5762	-88.9519	4974.21	0.000159203	399.478
33.3647	-0.99577	-14.8177	-0.285228	36.1555	0.524268	32.6171	-7.76611	-134.051	-6.35356	1733.99	-87.2565	-88.8055	4974.82	0.000311811	397.944
33.3653	-0.685612	-12.9969	-0.285228	19.3642	0.524268	31.3788	-5.33273	-153.894	-6.35356	1733.72	-87.5762	-89.1146	4974.67	0.000311811	396.572
33.3660	-0.0816205	-11.4272	-0.893213	-8.07969	1.14028	28.6388	-1.96742	-149.914	-6.34765	1733.99	-87.5762	-88.9519	4974.52	0.000464373	396.27
33.3667	0.522371	-9.60642	-1.20096	-25.7738	0.222814	23.1587	0.776611	-31.8401	-6.34173	1735.07	-86.3776	-87.5852	4975.74	-0.000298575	394.596
33.3673	1.43652	-4.70903	-1.20096	-31.9125	-0.694655	17.0463	2.5887	-5.249	-6.34765	1735.67	-85.179	-86.3649	4977.11	-0.000756307	391.852
33.3680	1.43652	2.26033	-1.20096	-32.8153	-0.694655	10.0381	3.83128	-148.126	-6.34765	1736.48	-84.6996	-86.0557	4977.42	-0.000298575	390.48
33.3687	1.43652	6.84379	-0.893213	-26.0897	-0.393201	2.39754	4.73733	-178.927	-6.34765	1736.48	-84.8594	-86.8205	4976.65	-0.000451137	389.108
33.3693	0.522371	8.09953	-0.585468	-18.4614	-0.996109	-3.71487	4.73733	-96.5008	-6.34765	1734.48	-86.3776	-88.3499	4975.28	-0.000145967	388.039
33.3700	-1.30593	9.29249	-0.893213	-17.2427	-1.61212	-8.90516	5.04797	-76.7161	-6.34173	1732.91	-87.736	-89.5702	4973.91	-0.000145967	387.411
33.3707	-1.59976	9.92036	-0.893213	-16.3399	-1.31067	-13.4631	6.86007	0.230725	-6.34173	1732.32	-88.7747	-90.6441	4972.38	-0.000756307	385.9
33.3713	-0.0816205	7.15773	-0.285228	-10.5171	-0.393201	-12.5673	10.536	185.157	-6.34765	1731.4	-89.7336	-91.2461	4971.92	-0.000145967	384.365
33.3720	-0.391778	2.00919	-0.585468	-2.88883	-0.393201	-8.90516	14.8074	285.58	-6.34173	1731.56	-89.7336	-90.7905	4972.53	0.000311811	383.9
33.3727	-0.391778	-2.00919	-0.585468	1.6701	-0.694655	-8.27284	16.6454	235.801	-6.33483	1732.64	-88.6149	-89.8794	4973.75	0.000311811	382.993
33.3733	0.228537	-3.51608	0.022518	2.88883	-0.694655	-9.51113	14.1861	163.469	-6.33483	1732.64	-88.0556	-89.5702	4974.37	-0.000298575	380.552
33.3740	-0.685612	-5.02297	0.022518	4.42352	-0.393201	-8.589	11.7527	128.687	-6.33483	1732.48	-88.535	-89.4238	4974.37	-0.000451137	378.273
33.3747	-1.90992	-6.27871	0.022518	4.73948	-0.0786402	-8.27284	10.8467	89.9252	-6.33483	1732.91	-88.535	-89.5702	4973.91	0.000311811	377.343
33.3753	-1.59976	-7.47166	0.330264	4.42352	0.825722	-8.90516	9.91474	7.55625	-6.33483	1732.91	-88.2154	-89.8794	4973.3	0.000159203	376.274
33.3760	-1.30593	-9.29249	0.330264	5.95821	2.05775	-7.66687	8.10264	-62.9303	-6.33483	1732.64	-88.3752	-90.0258	4973.3	-0.000298575	375.065
33.3767	-1.30593	-11.7412	-0.285228	8.39565	2.66066	-4.92682	5.33273	-36.3969	-6.32891	1732.16	-89.414	-90.6441	4972.69	6.59448e-006	373.995
33.3773	-0.99577	-15.3828	-0.285228	12.6838	2.05775	-3.71487	3.20999	45.972	-6.32891	1730.48	-90.6126	-92.0108	4971.31	0.000159203	372.763
33.3780	-1.30593	-18.1455	-0.585468	16.9267	1.74319	-4.32085	1.06137	146.107	-6.32891	1729.57	-91.4116	-93.0847	4970.55	0.000159203	371.856
33.3787	-1.59976	-18.1455	-0.585468	19.6801	2.35921	-4.92682	-1.96742	223.284	-6.32891	1730.48	-90.9322	-92.4664	4970.7	0.000311811	370.647
33.3793	-0.391778	-11.7412	0.022518	14.4893	3.57813	-7.06089	-3.8054	175.986	-6.32299	1731.89	-89.0944	-90.937	4972.38	0.000159203	368.647
33.3800	0.228537	4.14395	0.022518	-1.35414	3.57813	-13.4631	-6.54942	92.0594	-6.32299	1733.56	-87.5762	-89.2611	4974.67	0.000159203	367.276
33.3807	-0.99577	15.3828	0.330264	-13.5865	1.14028	-20.4977	-7.17071	-1.90348	-6.31116	1735.07	-86.3776	-87.8943	4975.59	0.000159203	366.067
33.3813	-1.90992	18.4594	0.938249	-17.8746	-1.61212	-26.2939	-5.33273	-318.401	-6.31116	1735.23	-85.179	-87.276	4975.59	0.000159203	364.532
33.3820	-0.99577	23.6707	0.630503	-23.6523	-1.91358	-36.3583	-4.11604	-555.817	-6.31708	1734.75	-85.179	-87.5852	4975.59	0.000311811	362.997
33.3827	-0.0816205	27.3124	-0.285228	-26.0897	-1.31067	-44.2887	-2.5887	-329.995	-6.31116	1734.16	-86.2178	-88.3499	4975.13	0.000311811	362.091
33.3833	0.522371	24.8637	-1.20096	-22.4336	-0.694655	-43.3665	-0.750724	130.244	-6.31708	1734.16	-86.3776	-88.9519	4974.21	0.000311811	361.626
33.3840	0.228537	23.0429	-1.20096	-19.6801	-0.694655	-41.8648	-0.155322	565.392	-6.31116	1733.83	-86.2178	-88.9519	4974.06	6.59448e-006	360.254
33.3847	0.522371	22.7289	-0.893213	-18.1454	-1.31067	-42.1546	-0.155322	764.047	-6.30524	1733.08	-86.9369	-89.4238	4973.45	6.59448e-006	358.277
33.3853	1.14269	21.222	-1.20096	-15.392	-1.31067	-42.7606	-1.68266	576.063	-6.30524	1732.64	-87.8958	-90.1722	4972.99	0.000311811	356.743
33.3860	0.522371	17.5176	-0.585468	-10.5171	-1.61212	-41.8648	-2.27806	101.231	-6.29834	1733.4	-86.857	-89.7167	4973.75	0.000464373	355.836
33.3867	-0.0816205	14.1899	-0.893213	-8.07969	-2.83105	-40.9426	-1.37201	-340.377	-6.30524	1734.91	-84.8594	-87.8943	4975.43	0.000159203	354.766
33.3873	-0.685612	12.9969	-0.893213	-9.29841	-2.83105	-40.0205	-0.465967	-433.417	-6.29834	1735.83	-83.7407	-86.674	4976.96	6.59448e-006	352.79
33.3880	-1.59976	9.92036	0.330264	-8.71162	-2.52959	-35.1464	0.776611	-239.031	-6.29834	1736.58	-83.501	-86.2185	4977.11	6.59448e-006	351.558
33.3887	-1.90992	2.57427	1.54623	-3.20479	-2.21503	-19.5755	2.30395	-43.1456	-6.29242	1736.58	-83.1814	-86.3649	4976.65	-0.000145967	350.651
33.3893	-2.53023	-7.47166	1.54623	4.42352	-1.31067	9.11593	2.30395	22.7841	-6.29242	1734.91	-84.2201	-87.7316	4975.59	0.000159203	349.279
33.3900	-3.44438	-17.8315	0.938249	11.1491	-0.393201	36.5691	0.776611	15.1702	-6.29242	1733.24	-85.8981	-89.5702	4973.45	6.59448e-006	348.512
33.3907	-3.13423	-23.0429	0.022518	16.024	0.222814	48.188	-0.155322	-16.9006	-6.28651	1732.32	-86.6972	-90.4814	4972.38	-0.000298575	347.745
33.3913	-1.59976	-21.8499	-0.893213	16.6108	1.14028	46.0275	-0.750724	-31.8401	-6.28059	1731.56	-87.0967	-90.4814	4972.23	-0.000145967	346.373
33.3920	-1.30593	-20.2802	0.022518	14.8052	1.74319	42.9977	-1.37201	-20.823	-6.28059	1732.05	-87.0967	-90.1722	4972.38	-0.000145967	345.001
33.3927	-1.59976	-20.5942	0.938249	14.8052	1.74319	44.8156	-0.155322	-54.7396	-6.28059	1732.91	-86.3776	-90.0258	4973.3	-0.000298575	343.629
33.3933	-1.30593	-19.7151	0.938249	15.1212	2.66066	45.4216	1.9933	-141.088	-6.27467	1733.24	-85.4187	-89.5702	4974.21	-0.000145967	342.56
33.3940	-1.59976	-17.8315	1.54623	13.9025	3.27667	39.6253	3.20999	-271.679	-6.26777	1733.56	-85.179	-89.2611	4973.91	-0.000145967	340.886
33.3947	-1.90992	-16.3246	1.85398	14.4893	3.27667	31.695	4.11604	-356.24	-6.26777	1733.72	-85.179	-89.5702	4973.45	0.000159203	339.351
33.3953	-1.90992	-13.562	1.85398	14.1733	3.57813	23.4485	4.73733	-227.437	-6.26777	1733.4	-84.5398	-89.2611	4973.75	0.000311811	338.444
33.3960	-1.90992	-8.41347	0.938249	9.29841	3.57813	13.7002	4.73733	-52.6054	-6.27467	1733.08	-84.5398	-89.4238	4973.6	6.59448e-006	337.212
33.3967	-1.59976	-1.69525	0.630503	3.83672	3.27667	3.92565	4.11604	-25.0914	-6.26777	1732.48	-85.4187	-90.4814	4972.99	6.59448e-006	336.003
33.3973	-0.685612	4.70903	0.630503	-0.767345	2.96211	-3.08255	4.73733	-12.2861	-6.26185	1731.24	-86.3776	-92.1573	4971.31	-0.000145967	334.77
33.3980	-0.391778	8.09953	0.630503	-4.10755	2.66066	-4.61066	7.17071	4.21074	-6.26185	1730.32	-87.0967	-92.7755	4969.94	-0.000603745	332.957
33.3987	-0.99577	8.7274	0.630503	-5.95821	2.05775	-1.87061	8.10264	-47.414	-6.26185	1729.89	-87.4164	-92.1573	4970.55	-0.000451137	331.26
33.3993	-1.30593	10.8622	0.630503	-9.29841	2.05775	-0.658665	8.10264	-128.86	-6.25594	1730.97	-86.2178	-91.2461	4972.23	0.000159203	330.353
33.4000	-1.59976	14.8177	0.330264	-12.3678	2.35921	-2.79274	7.792	-167.622	-6.25002	1733.08	-83.9005	-89.7167	4974.06	6.59448e-006	328.516
33.4007	-1.30593	14.5038	0.022518	-10.5171	2.35921	-6.45492	7.17071	-235.051	-6.25002	1733.83	-82.2225	-88.2035	4975.74	0.000311811	326.54
33.4013	-0.99577	9.92036	0.330264	-6.27417	1.44174	-10.4069	6.26466	-382.196	-6.25002	1734.32	-81.6632	-87.8943	4975.74	0.000616981	325.772
33.4020	-0.685612	7.7856	0.022518	-4.73948	0.222814	-15.5972	5.33273	-285.119	-6.2441	1734.64	-80.8641	-88.0408	4974.98	0.000159203	324.865
33.4027	-0.685612	5.65084	-0.893213	-3.20479	0.222814	-19.5755	2.89935	61.546	-6.2441	1733.99	-80.2249	-88.4964	4974.67	0.000159203	323.796
33.4033	-1.30593	-0.125574	-0.893213	1.35414	-0.0786402	-20.7875	0.465967	210.479	-6.2441	1734.32	-78.8665	-88.6591	4974.82	0.000159203	323.935
33.4040	-1.30593	-3.20214	-0.585468	4.10755	-1.31067	-18.6534	-1.06137	120.785	-6.2372	1735.07	-76.6291	-88.3499	4975.43	6.59448e-006	323.029
33.4047	-0.99577	0.43951	-0.585468	0.451379	-1.91358	-16.5193	-2.5887	130.244	-6.2372	1733.72	-75.1109	-88.9519	4974.67	0.000159203	320.122
33.4053	-0.685612	6.84379	0.022518	-5.32628	-1.31067	-14.0691	-5.02209	192.483	-6.2372	1733.08	-72.6339	-89.7167	4973.75	-0.000145967	318.448
33.4060	0.522371	10.8622	0.022518	-8.07969	-0.393201	-6.45492	-8.3874	192.771	-6.2372	1733.72	-68.9582	-89.1146	4974.21	-0.000145967	318.146
33.4067	1.14269	8.97855	-0.285228	-6.86097	0.222814	3.92565	-12.0375	383.523	-6.23128	1734.64	-64.5634	-87.5852	4975.59	6.59448e-006	316.611
33.4073	1.14269	5.02297	-1.20096	-3.83672	1.14028	10.644	-12.6588	533.956	-6.22537	1736.31	-59.849	-86.5113	4976.81	6.59448e-006	314.937
33.4080	1.14269	3.51608	-1.20096	-3.20479	1.14028	10.0381	-11.4421	337.724	-6.21945	1736.75	-56.5729	-86.2185	4977.57	-0.000145967	313.868
33.4087	0.522371	3.83001	0.022518	-2.57286	0.222814	3.92565	-11.4421	153.086	-6.21945	1735.99	-54.8949	-86.674	4976.5	-0.000451137	312.356
33.4093	-0.685612	-0.125574	0.630503	1.35414	-1.91358	1.1856	-9.91474	251.664	-6.21353	1734.64	-54.4954	-87.7316	4974.52	-0.000756307	310.822
33.4100	-2.22008	-8.09953	0.630503	7.76372	-3.74852	3.60949	-5.95402	367.315	-6.21353	1732.91	-54.4954	-88.8055	4974.06	-0.000145967	310.217
33.4107	-2.53023	-10.8622	0.330264	9.29841	-4.04997	1.1856	-3.49475	338.07	-6.21353	1732.16	-54.1758	-90.1722	4973.75	0.000159203	309.752
33.4113	-1.59976	-3.20214	0.022518	2.57286	-3.74852	-5.24298	-4.11604	285.869	-6.21353	1731.89	-54.1758	-91.3925	4968.26	-0.000145967	308.845
33.4120	-1.30593	8.09953	0.022518	-8.39565	-3.44706	-8.90516	-5.02209	44.1839	-6.20762	1732.16	-53.3767	-90.6441	4960.94	-0.000298575	307.148
33.4127	-1.30593	15.1317	0.022518	-15.708	-3.1325	-12.5673	-5.33273	-463.066	-6.20762	1732.64	-52.3379	-89.8794	4999.85	-0.000145967	305.776
33.4133	-0.685612	16.3246	0.022518	-17.2427	-2.83105	-17.7313	-5.95402	-750.838	-6.20762	1732.81	-52.0183	-89.4238	4895.48	6.59448e-006	304.707
33.4140	-0.0816205	14.1899	0.330264	-15.1212	-1.61212	-18.6534	-6.54942	-559.163	-6.20762	1733.08	-52.1781	-89.1146	4958.5	0.000311811	303.335
33.4147	-0.0816205	10.5482	0.330264	-11.465	-0.996109	-15.9134	-5.64338	-204.25	-6.20072	1733.24	-52.4978	-89.4238	4999.85	6.59448e-006	301.661
33.4153	-0.0816205	7.15773	0.022518	-6.545	-0.393201	-12.5673	-4.73733	59.7002	-6.20072	1732.91	-53.2169	-89.5702	3197.94	-0.000908915	300.452
33.4160	-0.0816205	1.69525	-0.285228	-1.08331	0.524268	-9.19497	-3.20999	210.479	-6.20072	1733.08	-54.4954	-89.4238	39.3677	-0.000451137	299.824
33.4167	-0.391778	-5.96477	0.022518	4.10755	1.14028	-1.5808	0.155322	248.03	-6.20072	1732.16	-56.0136	-90.0258	-317.841	0.000159203	298.917
33.4173	-0.685612	-12.3691	-0.285228	7.76372	1.14028	9.40574	1.68266	175.409	-6.20072	1730.81	-58.7304	-91.0997	56.9153	6.59448e-006	297.383
33.4180	-0.685612	-16.0107	0.022518	10.5171	1.14028	20.3923	0.155322	31.667	-6.1948	1729.57	-61.7668	-91.8644	-126.343	6.59448e-006	295.708
33.4187	-0.99577	-16.6386	1.24599	11.465	2.05775	32.301	-1.37201	-106.595	-6.1948	1729.57	-63.285	-91.3925	-100.861	0.000159203	294.034
33.4193	-1.90992	-15.6968	1.54623	9.93034	2.66066	44.5258	-1.96742	-167.045	-6.1948	1731.56	-63.0452	-88.9519	-77.5146	0.000464373	292.965
33.4200	-1.59976	-15.1317	1.85398	7.76372	2.66066	53.6681	-3.49475	-153.894	-6.1948	1733.56	-62.7256	-86.0557	-88.0432	0.000311811	291.895
33.4207	-0.685612	-14.5038	2.46197	6.86097	2.05775	54.274	-5.95402	-119.4	-6.1948	1734.64	-63.0452	-84.3799	-85.907	6.59448e-006	290.826
33.4213	0.228537	-12.683	1.54623	6.86097	2.35921	48.7939	-7.76611	-90.7327	-6.1948	1735.56	-64.084	-83.6151	-85.2966	6.59448e-006	289.617
33.4220	-0.0816205	-10.2343	0.938249	8.71162	2.35921	44.2096	-8.69805	-69.3906	-6.1948	1734.91	-65.762	-83.7778	-85.907	0.000159203	288.245
33.4227	-0.391778	-9.29249	1.24599	16.6108	2.05775	41.7594	-6.23878	-58.6619	-6.1948	1733.83	-67.1204	-83.9243	-86.2122	0.000311811	286.71
33.4233	-0.685612	-8.41347	0.938249	24.555	1.14028	37.2014	-4.11604	-55.6048	-6.1948	1733.72	-68.3989	-83.4687	-86.2122	0.000159203	285.803
33.4240	-0.391778	-7.7856	0.630503	29.4299	1.44174	31.3788	-4.42668	-47.7024	-6.1948	1733.56	-69.9171	-83.7778	-87.2803	-0.000145967	284.571
33.4247	0.832529	-7.15773	1.24599	38.0061	2.05775	25.8987	-4.11604	-33.3398	-6.1948	1732.64	-71.5951	-84.0707	-87.738	0.000159203	282.432
33.4253	1.14269	-5.96477	1.54623	47.1691	1.74319	19.4965	-2.5887	-18.1119	-6.1948	1732.32	-72.1544	-83.7778	-87.5854	0.000159203	281.362
33.4260	-0.0816205	-4.70903	1.85398	51.4121	1.74319	13.9901	0.155322	-5.59509	-6.18888	1733.24	-71.7549	-83.0131	-87.1277	-0.000298575	280.921
33.4267	-0.685612	-3.83001	1.85398	49.8774	1.74319	9.7219	3.52064	-0.403769	-6.18888	1734.32	-70.7961	-81.4837	-85.907	6.59448e-006	279.549
33.4273	-1.59976	-2.57427	1.54623	47.44	1.14028	5.45375	6.26466	0.230725	-6.18888	1735.56	-69.7573	-79.6451	-84.8389	6.59448e-006	278.177
33.4280	-1.59976	-2.00919	0.630503	45.3185	0.825722	-0.0526932	9.00869	5.71045	-6.18296	1736.75	-68.6386	-78.4248	-84.2285	-0.000145967	277.41
33.4287	0.832529	-1.69525	0.022518	41.0304	0.524268	-4.61066	11.4421	-1.90348	-6.18296	1736.58	-68.6386	-78.2784	-84.5337	-0.000145967	276.805
33.4293	2.97098	-1.38132	-0.893213	41.6623	-0.0786402	-7.37705	12.374	-26.0143	-6.18888	1735.23	-69.9171	-79.1895	-85.907	-0.000603745	276.177
33.4300	3.57498	-1.69525	-1.80894	35.8395	0.222814	-9.51113	15.4287	-40.0885	-6.18888	1732.91	-71.5951	-80.2634	-87.2803	-0.000603745	274.968
33.4307	3.57498	-3.20214	-2.11669	6.545	1.14028	-11.935	21.8228	-67.5448	-6.18296	1731.24	-72.9535	-81.4837	-88.6536	-0.000298575	273.434
33.4313	2.66083	-5.3369	-1.5012	-14.8052	1.14028	-14.7014	23.0395	-102.327	-6.18296	1731.4	-72.6339	-81.6301	-89.2639	-0.000298575	272.667
33.4320	1.74668	-6.84379	-1.5012	-18.7774	1.14028	-16.5193	15.7134	-107.518	-6.18296	1732.05	-71.4353	-80.719	-88.6536	-0.000298575	271.597
33.4327	2.05684	-7.47166	-1.20096	-31.2806	1.14028	-17.4415	8.10264	-89.8098	-6.18296	1732.16	-70.4764	-80.1007	-88.0432	-0.000145967	270.388
33.4333	1.14269	-4.70903	0.330264	-31.5966	-0.0786402	-20.4977	5.95402	-47.9908	-6.17705	1732.64	-69.7573	-79.9542	-87.8906	-0.000145967	269.318
33.4340	-0.0816205	1.69525	1.24599	-15.1212	-2.21503	-25.3718	5.95402	-4.03769	-6.18296	1732.81	-69.2779	-79.9542	-87.8906	-0.000145967	267.784
33.4347	-0.0816205	4.39509	0.630503	-6.86097	-3.44706	-28.428	5.33273	61.8344	-6.17705	1732.91	-68.6386	-79.3522	-87.5854	-0.000145967	266.714
33.4353	0.522371	2.26033	0.630503	-2.57286	-2.83105	-29.6399	3.20999	145.472	-6.17015	1733.08	-68.2391	-78.8804	-87.2803	-0.000145967	266.11
33.4360	-0.0816205	1.06738	0.630503	-0.451379	-1.61212	-30.2459	-0.465967	87.2141	-6.17015	1732.91	-68.2391	-79.3522	-87.5854	6.59448e-006	265.04
33.4367	-0.391778	6.84379	0.630503	-16.6108	-1.31067	-34.8302	-3.49475	-111.786	-6.17705	1732.16	-69.118	-80.2634	-88.501	0.000159203	263.831
33.4373	-0.99577	19.4012	0.630503	-44.4157	-1.61212	-44.2887	-3.20999	-317.478	-6.17015	1730.97	-70.1568	-81.0281	-89.7217	0.000159203	262.762
33.4380	-0.99577	35.5375	0.938249	-61.7938	-0.996109	-53.1411	-1.68266	-542.377	-6.17015	1730.21	-70.6362	-81.6301	-90.332	-0.000145967	262.157
33.4387	0.228537	51.1087	1.24599	-73.0783	-0.694655	-59.8595	-2.89935	-522.535	-6.17015	1730.65	-69.9171	-81.1745	-90.0269	-0.000145967	261.087
33.4393	0.522371	57.513	0.938249	-78.9011	-0.393201	-63.2055	-4.11604	-101.692	-6.16423	1732.05	-68.6386	-79.6451	-88.3484	-0.000145967	259.251
33.4400	-0.685612	52.0505	0.330264	-69.1062	-2.21503	-62.3097	-2.89935	173.851	-6.17015	1733.56	-67.2802	-77.8228	-86.5173	6.59448e-006	257.716
33.4407	-1.59976	43.1975	0.938249	-51.4121	-3.74852	-62.3097	-1.96742	85.3683	-6.17705	1734.16	-66.5611	-77.2045	-86.0596	0.000159203	256.507
33.4413	-0.99577	35.8514	1.85398	-35.2527	-4.35142	-61.6774	-1.06137	115.593	-6.17015	1733.83	-66.641	-76.9116	-85.907	0.000159203	254.972
33.4420	-0.99577	23.0429	1.85398	-20.5829	-4.04997	-52.219	-0.750724	459.489	-6.17015	1733.56	-66.8008	-76.7489	-86.2122	0.000311811	253.763
33.4427	-1.30593	2.88821	1.54623	-7.17693	-3.74852	-29.9561	-1.96742	739.359	-6.16423	1733.4	-67.1204	-77.2045	-86.8225	0.000159203	253.136
33.4433	-0.391778	-13.2481	1.54623	-0.135414	-3.1325	-4.32085	-1.96742	668.872	-6.16423	1733.24	-67.44	-77.3672	-87.1277	-0.000145967	252.229
33.4440	0.228537	-22.7289	1.24599	1.6701	-1.91358	21.0246	-0.465967	398.174	-6.16423	1733.08	-67.44	-77.3672	-87.2803	6.59448e-006	250.996
33.4447	-0.0816205	-28.8193	0.630503	2.88883	-0.996109	47.2658	1.37201	173.851	-6.16423	1733.24	-67.2802	-77.058	-87.1277	6.59448e-006	250.252
33.4453	-0.0816205	-28.8193	0.330264	2.57286	-0.0786402	64.0486	3.20999	61.8344	-6.17015	1733.08	-66.9606	-76.4398	-87.1277	-0.000145967	249.322
33.4460	0.522371	-24.8637	0.330264	1.08331	0.825722	72.5849	6.57531	-5.59509	-6.17705	1733.08	-66.2415	-75.8377	-86.8225	-0.000145967	247.951
33.4467	0.522371	-23.9847	0.330264	1.98607	1.44174	83.2817	12.374	-62.3535	-6.17015	1734.32	-64.7233	-74.7639	-85.7544	0.000159203	247.044
33.4473	0.228537	-23.9847	0.330264	3.52076	1.74319	87.5498	15.7134	-80.9846	-6.16423	1735.56	-63.2051	-72.6324	-84.3811	6.59448e-006	245.974
33.4480	0.522371	-20.9081	0.330264	3.83672	1.74319	76.5633	13.2801	-58.0851	-6.16423	1735.99	-61.607	-71.2657	-83.313	-0.000451137	244.3
33.4487	1.14269	-16.3246	0.330264	2.57286	2.05775	58.2524	11.4421	-22.9572	-6.15831	1735.23	-61.527	-72.486	-84.6863	-0.000756307	243.068
33.4493	1.14269	-12.0551	0.330264	1.98607	1.44174	41.1534	10.8467	-0.980582	-6.16423	1733.56	-62.8854	-74.7639	-87.5854	-0.000451137	242.766
33.4500	0.832529	-7.7856	-0.585468	1.08331	0.825722	28.349	7.792	0.807538	-6.16423	1732.05	-64.084	-76.1469	-88.501	-0.000451137	241.859
33.4507	1.14269	-4.70903	-0.893213	-1.6701	0.222814	20.3923	4.11604	-6.80639	-6.15831	1730.97	-63.6046	-75.8377	-88.6536	-0.000145967	240.789
33.4513	1.43652	-6.27871	0.022518	-3.20479	-0.0786402	14.596	-0.155322	-13.8435	-6.15831	1730.97	-62.7256	-75.2195	-88.8062	-0.000145967	240.185
33.4520	1.14269	-6.84379	0.022518	-3.83672	-0.393201	8.79977	-5.33273	-15.9777	-6.1524	1731.56	-61.527	-74.471	-88.3484	-0.000451137	238.952
33.4527	1.43652	-4.39509	-0.285228	-4.73948	-0.0786402	4.84778	-8.3874	-12.9206	-6.1524	1732.48	-60.5682	-73.5436	-88.0432	-0.000298575	237.743
33.4533	2.36699	-3.83001	0.022518	-2.88883	-0.393201	6.37588	-9.91474	-7.44089	-6.1524	1732.91	-59.9289	-72.486	-87.5854	6.59448e-006	236.813
33.4540	2.05684	-5.02297	0.022518	-0.135414	0.222814	10.3279	-11.4421	-9.8635	-6.1524	1732.64	-59.3696	-71.8677	-87.4329	0.000311811	235.906
33.4547	0.832529	-5.3369	-0.285228	1.35414	-0.0786402	12.1721	-9.29345	-25.0914	-6.14648	1732.16	-58.7304	-71.4121	-87.4329	0.000159203	234.837
33.4553	0.832529	-6.27871	-0.285228	4.42352	-1.91358	10.644	-4.73733	-25.0914	-6.13958	1732.64	-58.2509	-70.7938	-86.9751	-0.000145967	233.465
33.4560	-0.0816205	-6.84379	0.022518	7.17693	-2.52959	6.66569	-1.68266	-4.03769	-6.13958	1732.81	-58.7304	-70.7938	-87.5854	-0.000298575	232.535
33.4567	-0.99577	-7.15773	0.022518	7.76372	-1.91358	1.79157	-1.68266	20.0731	-6.13958	1731.4	-60.0888	-71.7213	-89.2639	-0.000145967	232.093
33.4573	-0.99577	-6.59264	-0.285228	5.05545	-1.61212	-0.342506	-4.42668	32.8783	-6.13366	1729.57	-61.3672	-72.1768	-90.1794	6.59448e-006	231.024
33.4580	-0.391778	-3.83001	0.022518	0.135414	-0.694655	-2.79274	-11.7527	19.727	-6.12774	1729.3	-61.7668	-71.8677	-90.332	-0.000145967	230.094
33.4587	1.14269	-1.38132	0.022518	-1.08331	-0.0786402	-6.45492	-21.8228	-29.9943	-6.12774	1730.05	-61.7668	-70.7938	-89.4165	6.59448e-006	229.024
33.4593	2.05684	-4.39509	-0.585468	4.73948	-0.996109	-7.37705	-23.6349	-112.075	-6.12774	1731.56	-60.8878	-68.9715	-88.0432	0.000159203	227.815
33.4600	1.14269	-9.92036	0.022518	12.0518	-2.21503	-7.06089	-18.1468	-62.6419	-6.12183	1732.91	-59.5294	-66.84	-86.8225	-0.000145967	226.583
33.4607	0.832529	-11.7412	0.630503	15.708	-1.31067	-8.27284	-12.6588	227.264	-6.11591	1732.91	-59.849	-65.7662	-86.0596	-0.000145967	224.606
33.4613	1.74668	-11.1133	0.330264	15.1212	0.222814	-7.98302	-6.86007	554.721	-6.10901	1732.91	-61.0476	-65.6197	-86.0596	0.000159203	223.397
33.4620	1.74668	-5.65084	0.022518	9.61438	0.825722	-10.1171	-0.750724	664.258	-6.10901	1733.24	-61.7668	-65.1479	-86.6699	-0.000145967	222.932
33.4627	1.14269	7.15773	0.022518	-1.6701	1.74319	-18.6534	2.5887	471.429	-6.10901	1732.91	-62.5658	-64.5459	-86.8225	6.59448e-006	222.467
33.4633	1.14269	21.222	0.330264	-13.5865	2.35921	-29.034	3.83128	125.053	-6.10901	1732.64	-63.9242	-64.3994	-87.1277	0.000159203	221.7
33.4640	1.43652	29.7611	0.022518	-21.2148	1.74319	-37.5703	5.33273	-309.518	-6.10309	1732.64	-64.5634	-63.7812	-87.1277	-0.000298575	220.793
33.4647	0.832529	32.7749	0.022518	-23.9682	0.825722	-45.527	5.64338	-816.133	-6.09717	1732.48	-64.8831	-63.3256	-87.1277	-0.000298575	219.886
33.4653	-0.0816205	31.8958	-0.285228	-22.7495	0.524268	-52.825	4.11604	-834.764	-6.09126	1732.16	-65.762	-63.3256	-87.5854	-0.000145967	218.956
33.4660	0.228537	30.075	-0.285228	-19.3642	1.14028	-56.4871	3.83128	-181.985	-6.09126	1732.81	-65.6022	-62.5609	-86.9751	-0.000145967	218.352
33.4667	0.832529	26.1194	0.022518	-12.9546	2.05775	-54.6692	4.11604	386.234	-6.09126	1734.32	-64.084	-60.5758	-85.4492	-0.000145967	217.887
33.4673	1.43652	16.6386	0.330264	-4.73948	2.05775	-45.527	4.11604	416.805	-6.07942	1735.23	-63.6046	-59.502	-84.6863	6.59448e-006	215.91
33.4680	1.74668	8.09953	0.022518	0.135414	1.74319	-34.2243	5.04797	169.583	-6.07942	1734.91	-64.2438	-59.3555	-84.6863	6.59448e-006	214.236
33.4687	1.43652	2.57427	-0.585468	2.57286	2.35921	-24.1598	5.04797	-28.783	-6.07252	1734.48	-64.2438	-59.3555	-85.2966	-0.000603745	213.934
33.4693	1.43652	-1.38132	-0.285228	3.52076	2.96211	-16.2295	3.20999	-154.817	-6.07252	1732.81	-65.6022	-59.8111	-86.5173	-0.000603745	213.469
33.4700	0.522371	-0.43951	-0.285228	1.08331	2.05775	-11.329	1.06137	-207.941	-6.07252	1731.24	-66.8008	-60.5758	-88.0432	0.000159203	212.865
33.4707	-0.0816205	-0.43951	-0.585468	1.08331	0.524268	-2.47658	-0.750724	-186.253	-6.0666	1730.48	-66.9606	-61.0314	-88.8062	6.59448e-006	212.097
33.4713	-0.99577	-5.3369	-0.585468	5.05545	0.222814	13.9901	-2.89935	-178.927	-6.06069	1730.05	-67.2802	-61.1941	-88.8062	-0.000145967	211.33
33.4720	-1.59976	-9.29249	-0.585468	8.71162	0.222814	26.2149	-3.8054	-138.031	-6.05477	1730.48	-66.4013	-60.5758	-88.8062	-0.000298575	210.423
33.4727	-0.391778	-10.2343	-0.585468	10.5171	0.524268	27.4268	-2.27806	-63.8532	-6.04885	1730.97	-64.963	-59.6647	-88.6536	-0.000756307	209.051
33.4733	0.832529	-11.4272	-0.585468	11.465	0.825722	26.8209	-1.37201	-69.0445	-6.04885	1731.24	-64.2438	-58.8999	-88.1958	-0.000298575	207.68
33.4740	0.522371	-13.562	-0.585468	11.465	0.825722	29.2447	-1.37201	-116.055	-6.04885	1731.24	-64.084	-58.7535	-88.1958	-0.000451137	206.447
33.4747	-0.0816205	-13.8759	-0.585468	9.93034	-0.393201	28.349	-0.155322	-111.152	-6.04195	1731.24	-63.9242	-58.1352	-88.0432	-0.000451137	205.54
33.4753	0.228537	-11.1133	-0.893213	9.29841	-0.996109	21.6306	0.776611	-66.3335	-6.03603	1731.4	-63.2051	-57.2241	-88.0432	0.000311811	205.238
33.4760	0.832529	-8.7274	-0.893213	10.5171	-0.0786402	15.5182	-0.155322	-26.6488	-6.03603	1731.13	-62.0864	-56.7685	-88.1958	0.000464373	204.936
33.4767	1.43652	-8.41347	-1.20096	11.465	0.825722	14.596	-0.155322	-4.67219	-6.03012	1730.21	-62.5658	-57.2241	-88.8062	0.000159203	204.471
33.4773	2.66083	-8.09953	-1.80894	10.5171	0.524268	15.2283	1.37201	-4.67219	-6.03012	1728.81	-63.4448	-57.5332	-90.0269	0.000159203	203.704
33.4780	2.66083	-6.84379	-1.80894	8.39565	0.222814	14.9122	2.5887	-18.6887	-6.0242	1728.54	-63.285	-57.5332	-90.7898	6.59448e-006	203.099
33.4787	2.05684	-4.70903	-1.5012	3.83672	-0.393201	13.0679	2.89935	-29.0714	-6.0242	1729.3	-62.406	-56.9149	-90.1794	-0.000145967	202.495
33.4793	2.05684	-2.00919	-1.20096	-1.35414	-0.996109	9.7219	3.52064	-33.9743	-6.0242	1730.32	-61.0476	-54.9299	-89.2639	-0.000298575	200.658
33.4800	1.74668	-2.00919	-0.893213	-0.135414	-1.31067	6.98185	4.11604	-34.8972	-6.01828	1731.13	-59.849	-52.7984	-87.738	6.59448e-006	198.658
33.4807	0.832529	-3.51608	-0.585468	5.64224	-1.91358	7.90399	3.52064	-29.9943	-6.01138	1732.05	-58.4107	-51.1225	-86.3647	0.000464373	198.216
33.4813	0.522371	-3.51608	-0.585468	7.4929	-1.61212	10.9338	3.52064	-22.9572	-6.00546	1733.24	-57.0524	-50.3578	-85.7544	6.59448e-006	197.751
33.4820	0.522371	-2.88821	-0.585468	8.71162	-0.694655	14.9122	4.11604	-17.7658	-6.00546	1732.05	-58.171	-50.5043	-86.2122	-0.000298575	196.077
33.4827	-0.0816205	-2.88821	-0.285228	10.5171	-0.393201	17.9684	3.20999	-12.9206	-5.99955	1730.48	-60.2486	-51.5781	-87.5854	-0.000145967	195.473
33.4833	-0.99577	-3.51608	0.022518	10.5171	-0.393201	17.9684	1.68266	-3.46088	-5.99955	1731.24	-59.9289	-51.1225	-88.0432	-0.000451137	195.17
33.4840	-0.99577	-3.83001	0.022518	9.29841	0.825722	17.3624	0.155322	10.6134	-5.99955	1731.24	-59.5294	-49.5931	-87.2803	6.59448e-006	194.24
33.4847	-0.685612	-4.14395	0.938249	7.4929	1.44174	17.6522	-1.37201	21.8612	-5.99363	1730.97	-59.5294	-48.8284	-86.9751	0.000616981	193.775
33.4853	-0.685612	-4.14395	0.630503	6.27417	1.44174	17.3624	-3.20999	28.2638	-5.99363	1731.13	-59.2098	-48.5192	-87.2803	-0.000451137	193.031
33.4860	-0.391778	-3.20214	0.022518	5.05545	1.74319	14.9122	-5.02209	14.8818	-5.98771	1731.13	-59.5294	-47.7545	-86.5173	-0.000908915	191.497
33.4867	-0.0816205	-3.83001	0.022518	4.42352	1.74319	10.644	-5.33273	-81.273	-5.98081	1731.73	-59.05	-46.5342	-85.6018	-0.000298575	190.892
33.4873	0.522371	-6.84379	-0.585468	2.88883	0.524268	6.66569	-4.42668	-259.162	-5.98081	1733.4	-57.5318	-44.4027	-84.6863	-0.000145967	190.125
33.4880	0.832529	-10.5482	-1.20096	1.98607	-0.694655	3.00351	-5.02209	-361.431	-5.97489	1733.83	-57.0524	-43.036	-84.2285	-0.000298575	189.358
33.4887	1.74668	-14.5038	-0.585468	10.2012	-0.694655	0.869438	-5.33273	-334.552	-5.97489	1732.48	-58.0112	-43.9472	-85.4492	-0.000145967	188.753
33.4893	2.36699	-17.8315	-0.585468	27.9404	-0.694655	-0.658665	-5.95402	-260.72	-5.96898	1730.65	-59.5294	-45.3139	-86.9751	-0.000451137	188.288
33.4900	2.05684	-17.5804	-0.893213	40.1276	-0.996109	-4.61066	-9.00869	-126.726	-5.95714	1728.97	-61.527	-46.3878	-88.501	-0.000603745	187.846
33.4907	1.14269	-7.7856	-0.285228	35.5687	-0.0786402	-12.8571	-11.1314	-26.3604	-5.95123	1728.54	-62.0864	-46.5342	-89.1113	-0.000298575	187.521
33.4913	0.228537	8.7274	-0.585468	20.5829	1.44174	-24.4497	-10.536	-179.562	-5.94432	1729.41	-60.8878	-44.8583	-88.0432	6.59448e-006	187.218
33.4920	-0.0816205	23.3568	-0.285228	8.07969	2.35921	-36.3583	-9.91474	-505.75	-5.94432	1729.89	-60.4084	-44.0936	-88.0432	-0.000603745	186.312
33.4927	0.832529	29.1332	0.630503	6.545	2.35921	-43.6827	-9.29345	-596.079	-5.93841	1729.41	-60.5682	-43.9472	-88.3484	-0.000756307	184.777
33.4933	2.05684	28.5053	1.24599	12.9546	2.35921	-46.4227	-8.07676	-292.444	-5.93249	1728.97	-60.2486	-43.4916	-87.738	-0.000145967	183.87
33.4940	2.66083	32.2098	0.630503	14.4893	3.27667	-55.5914	-7.48136	240.704	-5.92066	1729.14	-59.5294	-43.036	-87.8906	-0.000145967	183.266
33.4947	2.05684	37.6722	-0.285228	12.6838	2.96211	-69.9239	-6.54942	720.44	-5.91375	1729.41	-59.2098	-42.4177	-87.738	-0.000145967	182.498
33.4953	0.832529	40.1209	-0.585468	1.98607	0.524268	-76.3261	-5.02209	927.631	-5.91375	1729.73	-58.7304	-41.8157	-87.4329	0.000159203	182.336
33.4960	0.228537	40.4349	0.022518	-30.3778	-0.393201	-71.452	-2.89935	978.333	-5.90784	1729.57	-58.171	-41.1974	-87.738	0.000311811	182.033
33.4967	0.832529	33.4027	0.330264	-56.0162	0.825722	-60.4655	-1.06137	786.023	-5.896	1728.22	-58.8902	-41.9621	-88.8062	0.000159203	180.964
33.4973	0.522371	21.536	-0.285228	-55.3842	0.524268	-46.7389	1.68266	350.529	-5.89009	1726.71	-59.5294	-43.036	-90.1794	-0.000145967	180.522
33.4980	0.522371	15.3828	-0.585468	-46.8532	-0.0786402	-37.5703	5.04797	154.009	-5.89009	1726.06	-59.05	-42.8733	-90.6372	-0.000298575	179.894
33.4987	1.43652	13.2481	0.330264	-36.4714	-0.0786402	-33.0123	7.48136	245.261	-5.87727	1726.38	-58.0112	-41.3439	-89.7217	-0.000298575	178.081
33.4993	1.43652	6.52986	0.330264	-18.4614	-0.393201	-23.5539	9.91474	251.664	-5.87135	1727.46	-56.7327	-39.668	-88.1958	0.000159203	176.546
33.5000	1.43652	-1.06738	0.330264	1.6701	-0.996109	-8.27284	12.9694	76.8315	-5.86543	1729.14	-54.815	-38.1548	-87.1277	0.000616981	176.546
33.5007	2.66083	-4.70903	0.022518	13.5865	-0.393201	6.05972	16.0241	-39.1656	-5.85952	1730.81	-52.6576	-36.1698	-86.2122	6.59448e-006	176.383
33.5013	3.28114	-10.8622	0.022518	17.8746	-0.694655	19.7863	16.9301	9.05597	-5.8467	1731.13	-51.5389	-34.9495	-85.907	0.000159203	175.639
33.5020	2.97098	-18.7733	0.022518	20.5829	-1.61212	34.7512	15.118	2.65334	-5.8467	1730.05	-52.3379	-35.0959	-86.5173	0.000311811	174.872
33.5027	2.97098	-21.8499	-0.285228	25.187	-0.996109	48.7939	12.0634	-102.615	-5.84078	1729.3	-53.137	-35.405	-87.1277	0.000159203	174.244
33.5033	2.97098	-21.222	-1.5012	31.5966	0.222814	59.7805	9.31934	-154.182	-5.83487	1729.3	-53.137	-34.9495	-87.4329	0.000311811	174.244
33.5040	2.66083	-18.7733	-1.20096	36.7874	0.222814	62.2044	6.86007	-140.8	-5.83487	1729.3	-52.6576	-34.3312	-87.1277	0.000159203	173.64
33.5047	1.74668	-16.0107	-0.285228	30.9646	-0.393201	53.6681	4.73733	-121.535	-5.82303	1728.97	-52.8174	-34.022	-87.4329	6.59448e-006	172.873
33.5053	-0.99577	-14.8177	-0.285228	14.8052	-1.31067	44.2096	2.5887	-109.364	-5.81021	1729.14	-53.137	-34.022	-88.0432	-0.000145967	172.431
33.5060	-1.90992	-15.1317	0.330264	4.42352	-1.91358	44.2096	0.465967	-102.038	-5.8043	1729.3	-52.8174	-32.9644	-87.5854	0.000159203	171.361
33.5067	-1.59976	-15.6968	0.330264	5.05545	-1.91358	48.4778	-1.68266	-100.769	-5.79838	1730.32	-51.5389	-30.6703	-85.7544	-0.000145967	170.431
33.5073	-0.685612	-15.6968	-0.285228	26.9925	-1.31067	52.14	-3.20999	-98.635	-5.79246	1731.56	-50.6599	-29.1408	-84.5337	-0.000603745	169.989
33.5080	0.522371	-12.3691	-0.285228	66.3979	-1.31067	55.1962	-4.73733	-89.5214	-5.79246	1731.56	-50.8197	-28.8317	-84.6863	-0.000451137	169.222
33.5087	0.832529	-8.7274	-0.285228	90.7724	-1.61212	57.0141	-7.17071	-77.9274	-5.77964	1730.65	-51.5389	-28.5388	-85.144	-0.000145967	168.757
33.5093	0.832529	-6.59264	-0.285228	87.7481	-1.91358	54.88	-8.07676	-69.0445	-5.77373	1729.3	-53.3767	-29.3035	-86.5173	-0.000145967	169.059
33.5100	0.832529	-3.83001	0.022518	74.297	-1.91358	48.4778	-8.3874	-59.9309	-5.76189	1728.06	-55.0547	-29.45	-87.8906	-0.000451137	168.618
33.5107	1.43652	1.38132	0.022518	73.7102	-1.61212	41.1534	-9.91474	-50.7596	-5.76189	1726.98	-56.5729	-29.5964	-88.501	-0.000603745	167.385
33.5113	2.05684	5.96477	0.630503	80.1198	0.524268	34.1452	-11.4421	-41.8766	-5.76189	1726.71	-57.2122	-30.052	-88.8062	-0.000298575	167.246
33.5120	1.43652	7.7856	0.330264	65.134	1.74319	27.4268	-10.8208	-33.0514	-5.74907	1727.14	-57.0524	-29.1408	-88.501	-0.000145967	167.083
33.5127	0.522371	7.7856	0.022518	49.8774	1.74319	23.7646	-8.69805	-25.7259	-5.74316	1727.14	-57.372	-28.2297	-88.1958	-0.000298575	165.874
33.5133	-0.0816205	6.84379	0.630503	52.6308	1.74319	21.0246	-6.23878	-18.6887	-5.73724	1727.3	-57.5318	-27.3185	-87.8906	6.59448e-006	165.548
33.5140	0.832529	6.27871	0.630503	32.1833	1.44174	19.4965	-1.68266	-13.4974	-5.73132	1727.46	-57.6916	-26.3911	-87.738	-0.000145967	164.944
33.5147	0.832529	7.7856	0.630503	-10.8331	1.14028	17.9684	3.52064	-10.1519	-5.72541	1726.98	-58.5706	-26.5538	-87.8906	-0.000145967	163.735
33.5153	0.522371	10.5482	1.24599	-12.3678	1.74319	15.8343	6.57531	-5.88349	-5.7185	1726.98	-58.7304	-25.4799	-87.5854	0.000464373	163.27
33.5160	0.832529	11.7412	0.938249	23.9682	2.05775	15.2283	8.69805	-2.24957	-5.70667	1726.54	-59.3696	-25.1708	-88.0432	0.000464373	162.805
33.5167	1.43652	8.41347	0.630503	34.9368	0.825722	14.9122	9.62998	-1.90348	-5.70667	1724.98	-61.3672	-26.7002	-90.1794	-0.000145967	162.363
33.5173	2.36699	4.14395	0.022518	26.4057	1.14028	13.3841	10.536	-2.24957	-5.70075	1724.12	-62.2462	-27.1558	-91.095	-0.000145967	162.2
33.5180	2.66083	2.26033	-0.285228	33.4021	1.74319	11.5662	12.374	-0.692176	-5.68793	1724.39	-62.406	-26.5538	-90.9424	0.000159203	161.898
33.5187	2.05684	1.38132	0.022518	20.5829	1.74319	9.11593	13.2801	-0.115363	-5.68793	1725.3	-61.607	-25.3335	-90.0269	-0.000451137	161.131
33.5193	2.05684	1.06738	0.022518	-38.9089	1.44174	5.74356	11.1314	2.94175	-5.6761	1726.38	-60.4084	-23.1858	-88.1958	-0.000298575	159.596
33.5200	1.74668	1.69525	-0.285228	-71.5436	1.44174	1.79157	7.792	5.42204	-5.66427	1727.14	-59.5294	-21.0543	-86.8225	0.000464373	158.689
33.5207	2.05684	3.51608	0.022518	-49.2906	1.14028	-2.79274	5.33273	-2.24957	-5.66427	1728.38	-58.2509	-19.5248	-86.0596	0.000464373	158.852
33.5213	1.74668	4.14395	-0.285228	-31.2806	1.14028	-6.74473	6.26466	-0.403769	-5.65736	1728.65	-57.8514	-18.4672	-85.4492	0.000159203	158.852
33.5220	0.832529	2.00919	0.022518	-4.42352	1.14028	-8.90516	12.9694	2.36493	-5.65145	1728.22	-58.4107	-18.4672	-86.0596	6.59448e-006	158.387
33.5227	-0.0816205	0.125574	0.630503	32.1833	0.825722	-12.2512	19.0788	-11.0748	-5.63961	1727.62	-59.05	-18.7764	-87.1277	6.59448e-006	157.62
33.5233	-0.685612	-2.00919	0.938249	35.2527	0.524268	-16.2295	18.7681	20.0731	-5.6337	1726.81	-59.5294	-19.0693	-87.5854	6.59448e-006	157.015
33.5240	-0.391778	-3.83001	0.938249	26.4057	0.524268	-19.5755	16.6454	63.6802	-5.62088	1726.81	-59.05	-18.1581	-86.8225	-0.000298575	156.852
33.5247	0.522371	-2.26033	0.630503	26.4057	2.05775	-23.5539	14.8074	65.2376	-5.61496	1727.3	-58.171	-16.6287	-86.3647	-0.000298575	156.713
33.5253	0.832529	1.06738	0.630503	26.4057	2.66066	-27.2161	12.374	89.9252	-5.60904	1727.14	-58.2509	-16.7914	-87.2803	-0.000298575	156.411
33.5260	0.522371	4.70903	0.330264	35.2527	2.35921	-29.3501	10.2254	100.596	-5.60313	1726.81	-58.4107	-16.6287	-87.2803	-0.000451137	155.341
33.5267	1.43652	8.41347	0.022518	56.0162	2.35921	-31.774	6.57531	68.5831	-5.59721	1727.62	-57.2122	-14.4972	-85.7544	-0.000298575	153.969
33.5273	2.66083	9.60642	-0.285228	57.8217	1.74319	-33.0123	-0.465967	61.546	-5.58439	1728.54	-56.0136	-12.8213	-84.6863	6.59448e-006	153.342
33.5280	3.57498	4.39509	-2.11669	38.5929	1.74319	-28.428	-8.3874	63.3918	-5.57847	1728.54	-56.0136	-12.3657	-84.8389	6.59448e-006	153.504
33.5287	3.28114	-3.20214	-3.03242	17.8746	2.05775	-20.1815	-14.1861	40.4923	-5.57256	1727.73	-56.5729	-12.3657	-85.7544	-0.000298575	153.667
33.5293	2.97098	-8.7274	-2.41693	-17.2427	0.825722	-16.8355	-18.7681	2.65334	-5.55974	1725.9	-58.4107	-13.586	-86.9751	-0.000298575	153.039
33.5300	1.43652	-10.8622	-1.80894	-59.9883	-1.31067	-17.1253	-19.9848	-23.3032	-5.55382	1724.12	-60.4084	-15.2619	-88.8062	0.000159203	152.9
33.5307	0.228537	-9.29249	-1.5012	-79.1719	-2.21503	-14.0691	-18.1468	-24.5146	-5.5479	1723.63	-60.4084	-14.8063	-89.5691	6.59448e-006	152.9
33.5313	0.522371	-5.3369	-0.893213	-71.5436	-1.91358	-9.51113	-15.0921	-17.4774	-5.53607	1723.79	-59.6892	-13.2769	-88.9587	0.000159203	152.597
33.5320	0.228537	1.06738	-0.285228	-25.5029	-0.694655	-7.66687	-11.1314	-18.4003	-5.52917	1723.63	-59.6892	-12.9677	-88.501	0.000311811	151.97
33.5327	-1.30593	7.47166	0.330264	111.22	1.14028	-5.24298	-5.95402	-26.0143	-5.52325	1724.12	-59.2098	-12.0566	-88.0432	-0.000145967	151.365
33.5333	-1.90992	8.09953	0.938249	305.945	1.14028	2.7137	-1.68266	-30.6288	-5.51142	1724.87	-58.171	-10.5271	-87.5854	-0.000298575	151.226
33.5340	-2.22008	6.27871	0.630503	434.723	-0.996109	10.3279	-0.155322	-30.6288	-5.5055	1724.98	-57.6916	-9.45328	-87.1277	-0.000145967	150.761
33.5347	-1.59976	7.7856	0.022518	474.986	-1.31067	17.0463	-1.96742	-31.2056	-5.49268	1724.98	-57.372	-8.9977	-87.1277	6.59448e-006	149.993
33.5353	0.522371	10.5482	-0.585468	511.954	-0.0786402	24.0545	-7.17071	-33.9743	-5.48676	1724.87	-57.0524	-8.70483	-87.1277	0.000311811	149.831
33.5360	1.14269	12.683	-1.20096	598.303	-1.31067	29.2447	-11.7527	-35.474	-5.47493	1724.12	-57.6916	-9.16041	-87.738	0.000464373	149.993
33.5367	0.832529	17.2664	-0.893213	682.215	-3.1325	32.0111	-10.536	-32.763	-5.46901	1722.39	-59.3696	-10.3807	-89.7217	-0.000145967	149.389
33.5373	-0.0816205	23.6707	0.630503	677.024	-4.04997	35.9631	-7.17071	-26.9372	-5.4562	1721.2	-59.849	-10.9827	-90.9424	-0.000145967	148.784
33.5380	-0.685612	26.9984	1.54623	598.303	-4.66598	39.9415	-2.89935	-23.3032	-5.45028	1720.88	-59.05	-10.3807	-90.7898	6.59448e-006	148.622
33.5387	-1.90992	22.101	0.938249	508.253	-6.18636	42.3654	-0.155322	-22.6688	-5.44436	1721.47	-57.8514	-8.54212	-89.7217	-0.000298575	148.319
33.5393	-3.13423	14.1899	1.24599	385.884	-7.10383	44.5258	0.155322	-22.6688	-5.43845	1723.31	-55.8538	-6.41066	-87.8906	0.000159203	147.552
33.5400	-3.13423	11.4272	1.24599	169.809	-6.80238	44.5258	-1.06137	-25.0914	-5.42563	1724.71	-53.8561	-4.73477	-86.5173	0.000311811	146.947
33.5407	-1.59976	9.29249	0.330264	-104.81	-5.88491	39.9415	-1.96742	-27.8601	-5.41379	1725.47	-52.3379	-3.20533	-85.907	0.000159203	146.645
33.5413	-1.30593	6.27871	0.330264	-305.042	-3.74852	35.9631	-1.68266	-26.3604	-5.40196	1725.47	-51.2992	-2.29417	-85.907	0.000159203	146.482
33.5420	-1.30593	-3.51608	0.330264	-340.114	-1.91358	32.9069	-1.37201	-23.8801	-5.39506	1724.55	-50.6599	-2.74975	-86.3647	0.000159203	146.18
33.5427	-0.685612	-31.5819	-0.585468	-249.793	-2.21503	29.8771	-1.06137	-21.7459	-5.38914	1723.95	-50.6599	-2.89619	-86.9751	6.59448e-006	145.878
33.5433	-0.0816205	-69.4425	-0.585468	-120.067	-1.91358	27.4268	-1.06137	-15.6316	-5.38322	1723.95	-50.0207	-1.98503	-87.1277	0.000311811	146.017
33.5440	0.228537	-104.54	-0.585468	-18.1454	0.222814	27.7166	-5.64338	-7.0948	-5.37139	1723.95	-48.8221	-1.36674	-86.8225	0.000159203	145.878
33.5447	-0.0816205	-145.729	-0.893213	-2.57286	1.14028	30.1669	-11.1314	0.230725	-5.35265	1722.87	-48.5025	-1.52945	-86.9751	6.59448e-006	144.646
33.5453	-0.99577	-214.104	-0.285228	-19.3642	0.524268	26.8209	-12.9694	4.78755	-5.34082	1722.12	-48.6623	-1.83859	-87.8906	6.59448e-006	143.902
33.5460	-2.53023	-301.064	0.330264	11.465	-0.0786402	14.3062	-11.7527	7.55625	-5.34082	1723.47	-46.2651	-0.309143	-87.1277	-0.000145967	143.902
33.5467	-1.90992	-358.137	0.330264	83.1441	0.524268	8.1938	-11.7527	9.69046	-5.32208	1724.71	-43.0689	1.98503	-85.6018	-0.000145967	143.739
33.5473	-0.391778	-346.208	-0.893213	177.482	2.05775	22.5527	-17.8362	11.4786	-5.31025	1725.63	-40.5919	3.97005	-84.3811	-0.000145967	143.437
33.5480	0.832529	-280.909	-1.5012	271.144	4.19414	38.0972	-23.3501	13.9589	-5.29743	1726.06	-38.5942	5.19035	-83.9233	-0.000298575	143.134
33.5487	1.43652	-225.343	-1.20096	294.66	5.41307	33.5392	-25.1622	16.6699	-5.29743	1724.39	-38.2746	4.57207	-85.2966	-0.000451137	142.669
33.5493	1.43652	-189.052	-0.893213	178.701	4.79705	18.2582	-27.6215	19.1502	-5.27968	1722.39	-38.7541	3.35176	-87.1277	-0.000756307	142.832
33.5500	1.74668	-160.986	0.022518	38.3221	3.57813	6.66569	-28.8382	21.8612	-5.26094	1721.47	-37.955	3.35176	-87.8906	-0.000298575	143.437
33.5507	1.14269	-177.75	0.630503	-72.4915	2.05775	-2.79274	-27.9062	20.3615	-5.24911	1720.88	-35.8775	3.97005	-88.6536	-0.000145967	143.576
33.5513	0.522371	-158.851	0.022518	-289.154	0.524268	-7.06089	-25.1622	16.0931	-5.23629	1720.88	-34.0396	4.57207	-89.4165	-0.000603745	142.669
33.5520	1.74668	-46.2113	-0.585468	-469.525	-0.393201	-1.87061	-16.3347	12.1131	-5.22446	1720.72	-32.042	5.79237	-88.9587	-0.000298575	142.065
33.5527	2.97098	23.3568	-0.893213	-448.445	-0.996109	4.24181	-0.750724	6.34494	-5.21854	1720.72	-28.686	7.63096	-88.3484	-0.000145967	141.902
33.5533	3.57498	10.2343	-0.585468	-381.912	-1.61212	-9.19497	17.2408	3.28783	-5.20572	1720.88	-25.1702	9.30684	-87.8906	-0.000145967	141.46
33.5540	2.97098	5.3369	0.022518	-326.979	-2.21503	-42.4707	28.8382	3.86465	-5.18797	1720.88	-22.6132	10.9827	-87.5854	6.59448e-006	140.995
33.5547	2.36699	48.66	0.630503	-216.527	-2.21503	-72.664	29.4595	6.34494	-5.16923	1720.61	-20.1361	12.3657	-87.8906	-0.000451137	140.391
33.5553	2.05684	108.182	0.630503	-144.487	-2.21503	-77.8542	30.0549	11.1902	-5.15148	1720.28	-17.0997	12.9677	-87.738	-0.000298575	140.53
33.5560	2.05684	70.3215	0.022518	-196.079	-2.52959	-62.5996	33.4202	12.7476	-5.13867	1719.69	-13.9035	13.7325	-88.0432	6.59448e-006	141.135
33.5567	2.66083	-41.9418	-0.893213	-297.685	-1.91358	-43.6827	31.8928	8.13306	-5.12683	1718.77	-12.0657	13.8789	-89.4165	-0.000298575	141.135
33.5573	3.57498	-87.4624	-1.20096	-416.397	0.222814	-18.3636	29.4595	8.47915	-5.115	1717.85	-9.90825	14.1881	-90.332	-0.000145967	141.135
33.5580	3.57498	-102.092	-1.20096	-534.207	2.66066	14.3062	30.3655	15.1702	-5.10218	1717.21	-6.55223	15.8639	-90.332	6.59448e-006	140.53
33.5587	2.36699	-88.9693	-0.893213	-574.516	2.66066	25.8987	21.5121	21.5728	-5.08443	1717.85	-2.15744	18.3045	-89.4165	6.59448e-006	139.763
33.5593	0.832529	-13.8759	0.022518	-548.877	1.14028	4.24181	2.89935	28.6099	-5.07161	1719.8	3.99526	21.5099	-87.8906	0.000159203	139.461
33.5600	0.522371	5.96477	0.938249	-494.531	0.825722	-17.7313	-3.8054	38.9926	-5.05386	1721.04	9.90825	25.0243	-86.5173	6.59448e-006	139.019
33.5607	-0.391778	-57.8269	0.938249	-381.325	0.825722	-29.9561	-2.5887	52.3746	-5.03512	1721.36	14.9423	27.6114	-85.6018	6.59448e-006	138.693
33.5613	-1.59976	-91.9831	2.16173	-206.145	0.524268	-51.3232	-6.86007	63.9686	-5.01737	1721.36	19.0974	29.3035	-85.7544	0.000464373	138.856
33.5620	-1.90992	-137.19	2.76971	-9.29841	0.222814	-70.5299	-7.76611	70.7173	-5.00455	1720.88	22.6132	30.2147	-86.3647	0.000159203	138.693
33.5627	-0.99577	-318.456	1.85398	184.479	0.222814	-71.7682	-12.9694	76.197	-4.9868	1720.12	26.8482	31.7441	-86.9751	6.59448e-006	138.554
33.5633	-0.0816205	-488.421	1.24599	340.746	0.825722	-68.3958	-21.8228	76.8315	-4.96215	1719.69	31.7224	34.022	-87.2803	-0.000145967	138.554
33.5640	1.14269	-521.698	1.85398	418.835	2.66066	-77.8542	-17.2408	68.5831	-4.94341	1719.96	37.076	36.4626	-86.8225	-0.000298575	139.158
33.5647	2.66083	-365.421	1.85398	415.495	5.41307	-115.398	-8.69805	60.6231	-4.93158	1720.12	42.2699	38.6104	-86.8225	-0.000603745	138.856
33.5653	2.97098	183.841	1.54623	378.888	7.54946	-188.642	3.52064	57.5659	-4.91284	1719.2	46.6647	40.5954	-87.1277	-0.000756307	137.624
33.5660	2.05684	745.094	0.330264	348.375	8.15237	-263.703	28.5275	51.7978	-4.88918	1719.2	51.6987	43.3289	-86.5173	-0.000451137	137.182
33.5667	1.74668	705.727	-0.285228	280.893	7.54946	-285.07	53.8709	39.281	-4.86452	1720.61	57.8514	46.6969	-85.4492	-0.000145967	137.484
33.5673	1.43652	341.059	-0.285228	145.118	5.09851	-255.483	66.0637	17.3044	-4.84579	1721.47	64.4036	50.0487	-84.2285	6.59448e-006	137.182
33.5680	0.832529	127.395	-0.285228	-24.2391	1.74319	-217.333	62.103	-7.44089	-4.83395	1721.36	69.5975	52.4893	-83.9233	6.59448e-006	136.577
33.5687	1.14269	85.0137	-0.285228	-147.556	0.524268	-154.47	49.9102	-17.189	-4.8093	1720.12	73.5128	53.856	-85.6018	-0.000298575	136.88
33.5693	2.05684	107.868	-0.285228	-195.176	1.44174	-89.157	45.9236	-14.4203	-4.78465	1717.85	77.0287	54.4743	-87.5854	-0.000451137	137.182
33.5700	2.97098	192.128	-0.285228	-216.211	2.66066	-93.7413	51.7223	-18.6887	-4.7669	1716.29	80.7043	55.5482	-88.501	-0.000603745	137.182
33.5707	3.57498	306.526	0.330264	-163.399	3.27667	-127.597	51.4376	-26.0143	-4.74816	1716.61	85.8981	58.2817	-88.8062	-0.000603745	137.786
33.5713	2.97098	290.704	0.022518	-3.20479	2.96211	-123.039	48.3829	-23.5917	-4.73633	1716.18	91.4116	61.1941	-88.6536	0.000159203	137.484
33.5720	2.97098	211.027	0.022518	120.067	0.222814	-109.286	52.9649	-15.3432	-4.71759	1715.53	96.4456	63.9276	-88.3484	0.000464373	136.112
33.5727	2.36699	243.363	0.938249	177.166	-3.74852	-74.5082	45.0176	-12.9206	-4.69393	1716.29	102.359	67.4421	-87.8906	-0.000298575	136.112
33.5733	1.14269	283.986	0.938249	272.994	-6.48781	57.3302	19.7	-12.2861	-4.67519	1716.29	108.671	71.103	-87.4329	-0.000451137	136.577
33.5740	0.832529	279.716	0.630503	344.718	-8.0213	198.627	-14.8074	-1.90348	-4.65645	1716.02	114.105	74.6174	-87.5854	0.000159203	136.252
33.5747	-0.0816205	268.98	0.938249	304.726	-10.1577	216.622	-55.683	20.6499	-4.6387	1715.7	119.778	78.2784	-87.8906	0.000159203	135.345
33.5753	-0.99577	213.79	1.85398	220.499	-11.0752	189.459	-80.7158	44.7607	-4.62588	1715.1	125.451	81.7928	-88.0432	6.59448e-006	135.043
33.5760	-1.59976	139.638	2.16173	154.552	-10.4591	190.987	-79.8098	63.3918	-4.61405	1713.86	130.325	84.3799	-88.8062	-0.000298575	135.508
33.5767	-2.22008	8.97855	2.16173	63.3285	-10.4591	165.668	-61.1711	74.3512	-4.59531	1712.51	134.88	86.9832	-89.8743	-0.000451137	135.647
33.5773	-1.90992	-214.104	2.16173	-81.6545	-8.93877	63.7325	-33.4202	69.506	-4.57756	1712.02	140.394	90.6441	-90.4846	-0.000145967	136.252
33.5780	-1.90992	-466.759	2.46197	-212.239	-5.58345	-67.7898	-10.2254	49.952	-4.55883	1712.02	146.786	95.3626	-89.8743	0.000311811	137.019
33.5787	-2.22008	-723.119	2.76971	-254.668	-2.83105	-126.069	1.68266	21.5728	-4.53516	1712.35	153.658	100.716	-88.9587	0.000159203	136.415
33.5793	-1.30593	-813.469	1.85398	-214.089	-0.694655	-136.159	7.792	-13.8435	-4.52234	1713.86	161.249	106.362	-87.8906	-0.000145967	135.647
33.5800	0.522371	-601.626	1.24599	-88.0641	2.35921	-183.768	13.2801	-40.0885	-4.51051	1714.94	168.76	112.3	-86.3647	6.59448e-006	135.345
33.5807	1.74668	-305.334	1.85398	73.3943	4.19414	-279.274	20.6061	-55.028	-4.49177	1714.78	174.993	116.889	-85.6018	0.000616981	135.647
33.5813	1.14269	-60.9035	2.76971	116.14	3.57813	-376.625	28.8382	-67.2564	-4.47402	1714.94	182.024	120.55	-85.7544	0.000311811	136.415
33.5820	-1.59976	128.965	3.3777	78.2692	2.05775	-434.93	39.5295	-68.7561	-4.45528	1714.02	188.736	124.211	-86.5173	-0.000298575	136.252
33.5827	-2.82407	163.435	3.3777	21.8016	2.05775	-409.901	40.1249	-62.9303	-4.43063	1712.78	194.729	126.798	-87.4329	6.59448e-006	136.415
33.5833	-3.13423	69.1286	3.3777	-112.439	2.35921	-220.389	18.4575	-64.1993	-4.40696	1712.94	202.16	129.547	-87.8906	6.59448e-006	137.182
33.5840	-3.13423	-43.1975	3.07746	-216.527	2.35921	20.1025	5.64338	-72.7361	-4.39415	1712.78	210.55	133.517	-86.9751	-0.000298575	136.88
33.5847	-0.0816205	-53.8713	2.76971	-164.934	1.74319	105.545	10.2254	-76.7161	-4.3764	1711.76	218.381	136.414	-86.9751	0.000159203	136.88
33.5853	2.66083	101.778	2.16173	-87.7481	0.524268	77.7752	-0.155322	-76.0816	-4.35174	1711.59	226.771	138.545	-87.4329	0.000159203	137.484
33.5860	-0.391778	146.357	1.24599	-117.945	-0.0786402	23.4485	-21.2015	-77.293	-4.32709	1712.35	236.52	140.986	-86.5173	6.59448e-006	137.182
33.5867	-4.35853	-78.6094	0.938249	-218.061	0.524268	-46.4227	-31.2715	-75.7932	-4.31526	1713.1	246.747	142.824	-85.2966	0.000159203	137.019
33.5873	-7.70497	-210.399	0.330264	-377.353	2.05775	-79.3824	-39.2189	-70.6019	-4.29652	1713.43	257.135	143.426	-84.6863	6.59448e-006	137.019
33.5880	-11.0677	2.00919	-0.585468	-568.693	4.19414	-56.8033	-51.7223	-66.9103	-4.27187	1713.1	267.603	142.515	-84.6863	0.000159203	137.484
33.5887	-12.5859	297.673	-0.285228	-665.423	4.4956	34.7512	-58.4271	-62.0651	-4.25412	1711.76	277.671	139.31	-86.0596	-0.000145967	138.391
33.5893	-13.2062	406.044	0.630503	-593.699	3.27667	205.635	-56.615	-55.3164	-4.22946	1709.43	287.899	135.502	-87.738	-0.000451137	138.391
33.5900	-14.1203	417.911	0.330264	-435.626	2.66066	355.785	-48.9783	-50.4711	-4.20481	1707.76	299.964	132.134	-89.1113	-0.000298575	138.693
33.5907	-14.7243	463.996	-0.893213	-290.056	2.35921	385.082	-41.031	-42.5111	-4.18706	1707.01	313.708	129.856	-89.7217	-0.000298575	139.019
33.5913	-16.569	485.407	-0.585468	-132.299	1.74319	326.803	-37.3809	-33.0514	-4.17424	1707.17	328.091	129.092	-89.2639	-0.000298575	139.321
33.5920	-22.364	404.537	0.938249	1.08331	2.05775	289.865	-33.1095	-26.3604	-4.15057	1708.25	343.353	129.694	-88.3484	6.59448e-006	140.53
33.5927	-21.1397	391.101	0.630503	33.1312	3.57813	271.871	-28.5275	-19.6116	-4.13184	1708.35	357.496	130.149	-87.738	6.59448e-006	140.228
33.5933	-1.30593	350.791	0.022518	30.9646	4.19414	198.311	-27.3108	-17.7658	-4.11409	1707.6	369.562	129.856	-87.8906	6.59448e-006	139.623
33.5940	11.8186	-5.3369	0.630503	100.567	2.35921	139.426	-24.2562	-20.823	-4.10127	1707.33	380.828	129.401	-88.3484	-0.000145967	139.926
33.5947	1.43652	-300.122	0.938249	223.523	-0.0786402	158.027	-19.0788	-16.2661	-4.08352	1707.01	392.175	129.694	-88.3484	-0.000145967	140.065
33.5953	-12.292	-201.546	0.938249	299.851	-2.21503	195.281	-13.8755	-1.32667	-4.06478	1706.84	402.962	130.312	-87.738	0.000311811	140.53
33.5960	-18.0871	-12.683	0.630503	340.746	-4.35142	212.064	-11.4421	19.4386	-4.04605	1706.25	411.992	129.547	-88.1958	0.000311811	141.6
33.5967	-20.8295	2.57427	-0.585468	369.409	-4.35142	217.544	-13.5648	26.4757	-4.0283	1704.85	420.062	127.871	-89.5691	0.000159203	141.762
33.5973	-20.2256	-34.6585	-1.80894	367.874	-2.52959	224.262	-15.7134	10.9018	-4.01646	1703.33	428.931	126.488	-90.6372	0.000159203	141.6
33.5980	-20.2256	73.712	-1.5012	450.883	-0.996109	226.713	-16.3347	-2.24957	-3.99773	1703.01	438.52	126.196	-90.7898	-0.000298575	142.065
33.5987	-25.4166	205.251	-0.585468	604.081	-1.61212	196.177	-18.4575	-4.38378	-3.98589	1703.66	449.547	127.416	-89.4165	-0.000298575	141.297
33.5993	-21.4499	183.841	0.022518	647.413	-1.91358	135.764	-17.8362	-11.3632	-3.96716	1705.17	460.334	128.783	-87.5854	0.000311811	140.832
33.6000	4.48913	70.6355	0.022518	633.375	-1.61212	84.1774	-16.3347	-29.3598	-3.94842	1706.25	470.402	130.149	-86.5173	6.59448e-006	141.46
33.6007	20.9765	-44.0765	-0.893213	659.014	-1.61212	24.0545	-19.6742	-49.5482	-3.93659	1706.68	480.071	131.386	-85.6018	0.000159203	141.762
33.6013	13.9571	-188.424	-1.5012	590.043	-1.61212	-44.2887	-25.4729	-55.3164	-3.92475	1706.84	487.981	131.532	-85.7544	0.000311811	142.204
33.6020	6.62758	-299.557	-0.585468	409.988	-0.694655	-66.2617	-31.5822	-41.5882	-3.91193	1705.76	493.894	130.914	-86.8225	-0.000451137	142.367
33.6027	1.74668	-218.687	0.630503	206.777	-0.694655	-20.4977	-34.6369	-22.6688	-3.90602	1704.74	499.887	130.768	-86.9751	-0.000145967	142.971
33.6033	-0.0816205	-154.582	0.630503	-71.5436	-2.83105	54.88	-29.4336	-17.4774	-3.88827	1704.58	505.561	131.386	-86.5173	0.000769543	143.739
33.6040	0.228537	-329.444	0.330264	-409.988	-4.04997	115.609	-25.4729	-22.0343	-3.88136	1704.25	510.674	131.679	-86.5173	0.000159203	143.437
33.6047	-0.99577	-415.211	0.630503	-737.148	-3.1325	165.984	-25.4729	-20.5345	-3.86361	1703.33	515.868	131.386	-87.1277	-0.000298575	143.437
33.6053	0.228537	-193.321	0.938249	-945.279	-3.44706	200.761	-20.2954	-12.5745	-3.84488	1703.17	521.701	131.532	-87.1277	0.000159203	144.041
33.6060	2.66083	109.375	0.330264	-958.73	-3.74852	206.268	-9.00869	-2.82638	-3.82713	1704.25	529.292	133.208	-85.907	0.000159203	144.343
33.6067	5.10944	319.084	0.630503	-869.311	-3.44706	180	1.37201	9.05597	-3.81431	1705.33	537.842	135.193	-84.8389	-0.000145967	144.343
33.6073	7.85189	414.583	1.54623	-736.561	-3.1325	144.906	4.42668	25.2644	-3.80247	1705.6	545.993	135.649	-84.6863	6.59448e-006	143.902
33.6080	10.3005	415.525	2.16173	-551.315	-1.31067	139.11	0.465967	40.2039	-3.78374	1704.74	553.584	135.047	-84.9915	-0.000145967	144.343
33.6087	10.9045	361.465	2.16173	-385.568	1.44174	147.673	-4.42668	49.0291	-3.7719	1702.9	561.334	133.664	-86.2122	-0.000603745	145.111
33.6093	8.76604	256.485	2.76971	-217.745	1.74319	120.193	-7.48136	54.2204	-3.76007	1700.58	568.686	132.134	-87.2803	-0.000451137	145.273
33.6100	6.62758	173.795	3.07746	-8.98245	0.825722	53.3519	-7.76611	47.241	-3.74133	1699.39	576.916	131.223	-88.0432	6.59448e-006	146.18
33.6107	6.62758	196.712	1.54623	106.345	0.825722	-4.61066	-5.64338	33.8012	-3.7226	1698.75	585.466	130.312	-88.6536	0.000159203	146.785
33.6113	6.02359	173.795	0.630503	157.622	0.825722	-28.1118	-2.5887	34.7241	-3.71077	1698.75	594.335	129.856	-88.6536	6.59448e-006	146.947
33.6120	2.05684	-66.052	0.938249	245.821	0.524268	-35.7524	4.11604	43.261	-3.68611	1699.66	604.403	130.768	-88.0432	-0.000298575	147.715
33.6127	-1.30593	-365.421	1.24599	292.81	0.825722	-60.1493	12.374	49.3752	-3.66836	1699.66	614.152	131.532	-87.738	-0.000298575	147.715
33.6133	-2.82407	-455.143	0.330264	303.823	1.74319	-99.5375	19.3894	54.2204	-3.64963	1699.39	623.021	131.842	-87.5854	6.59448e-006	147.715
33.6140	-3.73822	-357.51	-0.893213	276.334	2.35921	-116.32	25.4987	51.1633	-3.62497	1699.23	632.21	132.134	-87.2803	6.59448e-006	148.784
33.6147	-3.73822	-305.02	-0.585468	148.143	3.27667	-105.624	27.9321	37.7236	-3.60131	1698.75	641.639	132.606	-87.5854	-0.000145967	148.924
33.6153	-4.35853	-437.751	0.022518	32.8153	3.87958	-94.3472	27.0002	20.996	-3.57665	1698.58	651.228	133.517	-87.5854	-0.000145967	149.226
33.6160	-5.87667	-607.151	-0.285228	25.5029	4.19414	-90.9749	26.0941	4.49914	-3.552	1697.56	660.097	133.517	-88.3484	0.000159203	150.156
33.6167	-6.18683	-474.105	-1.20096	84.3628	4.4956	-71.1359	22.7288	-7.44089	-3.52735	1695.72	668.487	132.297	-89.8743	0.000159203	150.458
33.6173	-6.79082	-100.585	-2.11669	135.324	4.4956	-41.5486	18.7681	-14.7664	-3.50368	1694.64	677.197	132.134	-90.6372	-0.000298575	150.761
33.6180	-8.61912	139.952	-2.11669	152.431	3.57813	-56.1973	19.7	-25.7259	-3.47311	1694.48	686.466	133.062	-90.4846	-0.000145967	151.063
33.6187	-8.61912	322.098	-2.41693	145.118	1.44174	-85.1786	25.7835	-39.1656	-3.44846	1695.08	695.655	133.664	-89.1113	0.000311811	150.761
33.6193	-7.70497	582.413	-2.72468	14.8052	0.222814	-55.8812	31.2974	-38.8195	-3.41789	1696.64	705.404	134.575	-87.2803	0.000464373	150.761
33.6200	-6.49699	680.989	-1.80894	-248.575	0.222814	-21.1036	32.2035	-26.6488	-3.38732	1697.99	714.992	135.649	-86.2122	0.000311811	151.365
33.6207	-5.27268	589.759	-0.585468	-429.533	0.825722	-59.8595	28.2428	-21.4574	-3.35675	1698.15	723.542	135.958	-85.6018	0.000616981	151.667
33.6213	-4.35853	413.641	-1.20096	-501.573	1.44174	-96.4813	24.2562	-18.1119	-3.32026	1697.24	730.893	134.575	-86.0596	0.000464373	151.83
33.6220	-3.44438	243.677	-1.80894	-603.81	2.35921	-56.8033	26.0941	-13.209	-3.29561	1696.32	737.925	132.606	-87.2803	0.000311811	152.597
33.6227	-2.22008	195.142	-1.80894	-671.833	4.79705	-25.3718	26.0941	-17.189	-3.26504	1696.32	745.836	131.842	-87.4329	0.000311811	153.504
33.6233	-0.685612	114.272	-2.11669	-589.456	6.63199	-39.7043	24.2562	-29.0714	-3.22855	1696.16	755.025	132.134	-86.9751	-0.000298575	153.667
33.6240	1.14269	48.66	-2.11669	-373.065	4.79705	-33.0123	26.7154	-41.2998	-3.19798	1694.81	763.894	132.134	-86.8225	-0.000145967	153.807
33.6247	0.832529	123.753	-1.80894	-121.286	2.05775	-7.98302	33.7308	-47.9908	-3.17333	1694.48	772.524	132.134	-87.1277	-0.000145967	154.876
33.6253	0.228537	121.305	0.330264	107.564	0.825722	-24.4497	41.9629	-51.048	-3.13093	1694.81	781.074	132.899	-87.1277	-0.000451137	155.178
33.6260	0.832529	42.5696	2.76971	370.628	-0.0786402	-77.8542	46.2343	-50.4711	-3.10036	1695.24	790.423	133.827	-86.3647	6.59448e-006	155.643
33.6267	1.43652	37.1072	3.3777	614.779	-0.694655	-64.4438	47.451	-38.5311	-3.06979	1696.32	800.81	135.047	-84.9915	-0.000298575	156.108
33.6273	-0.0816205	24.2358	2.46197	713.36	-0.694655	42.9977	41.6523	-19.6116	-3.04513	1696.48	809.44	136.869	-83.4656	-0.000603745	155.783
33.6280	-2.22008	-46.8392	1.85398	704.513	0.222814	121.405	23.0395	-4.96059	-3.00865	1696.48	817.431	137.487	-83.6182	-0.000451137	157.015
33.6287	-2.22008	-100.271	1.24599	631.254	1.44174	133.92	1.06137	1.73044	-2.97808	1694.81	823.983	135.502	-85.907	-0.000298575	157.922
33.6293	-0.685612	-135.369	0.938249	515.611	2.35921	115.003	-13.5648	-4.03769	-2.94751	1691.57	829.337	133.355	-87.8906	0.000159203	157.922
33.6300	-0.0816205	-197.905	1.24599	392.294	1.44174	70.767	-11.1314	-19.3232	-2.91694	1690.54	836.608	133.062	-88.6536	6.59448e-006	158.852
33.6307	0.228537	-320.591	1.24599	250.109	0.524268	32.301	1.68266	-24.2261	-2.88045	1690.22	844.918	132.899	-89.1113	-0.000145967	159.596
33.6313	0.522371	-477.433	0.630503	104.539	1.74319	16.7301	7.48136	-13.4974	-2.84988	1689.62	853.388	133.062	-88.9587	-0.000298575	159.759
33.6320	0.522371	-562.007	-0.285228	-106.977	2.35921	22.8425	8.10264	-3.74928	-2.81931	1690.06	863.456	133.517	-88.3484	-0.000451137	159.759
33.6327	1.43652	-535.762	-1.20096	-319.667	1.74319	47.8718	12.9694	1.15363	-2.78874	1690.81	873.844	133.827	-88.1958	-0.000145967	160.363
33.6333	3.57498	-253.471	-0.585468	-301.341	1.14028	62.8103	14.8074	9.05597	-2.75226	1690.38	883.672	134.119	-87.8906	-0.000298575	160.526
33.6340	3.28114	265.966	1.54623	-138.709	-0.694655	49.6897	8.69805	20.6499	-2.72169	1689.14	893.101	133.973	-87.2803	0.000159203	160.526
33.6347	0.832529	454.892	2.16173	-29.4299	-0.0786402	5.74356	-0.750724	38.3581	-2.69112	1689.14	902.69	133.208	-87.738	0.000464373	161.131
33.6353	-3.13423	258.62	1.85398	36.4714	2.05775	-100.143	-11.7527	62.7573	-2.65463	1688.98	912.358	132.753	-88.1958	6.59448e-006	162.037
33.6360	-6.49699	197.905	1.85398	78.2692	3.87958	-269.21	-23.3501	80.177	-2.62406	1687.47	920.828	131.223	-88.501	6.59448e-006	163.107
33.6367	-7.10098	203.995	1.24599	126.476	5.41307	-387.928	-32.7989	75.9086	-2.59349	1686.12	928.979	129.092	-90.1794	0.000159203	164.037
33.6373	-8.01513	62.7243	0.630503	208.898	4.79705	-350.068	-37.0702	55.4317	-2.55701	1685.79	937.688	128.929	-90.9424	0.000159203	165.246
33.6380	-8.92928	-142.966	1.24599	312.039	3.87958	-238.068	-34.0156	31.0325	-2.52644	1686.12	946.957	130.149	-89.7217	6.59448e-006	165.711
33.6387	-8.01513	-535.762	1.85398	447.859	3.27667	-195.966	-27.6215	14.2473	-2.49587	1686.22	955.827	131.223	-88.3484	0.000464373	164.804
33.6393	-6.49699	-877.198	1.24599	517.732	1.14028	-213.671	-23.0395	9.97887	-2.4653	1687.3	964.936	132.134	-87.738	0.000922151	165.107
33.6400	-4.65237	-594.342	0.630503	434.407	-1.31067	-214.277	-22.1334	8.47915	-2.42881	1688.38	975.004	134.282	-86.6699	6.59448e-006	166.176
33.6407	-3.73822	24.2358	0.938249	274.8	-3.1325	-206.347	-21.8228	-4.67219	-2.39824	1688.55	983.394	135.795	-85.6018	6.59448e-006	166.316
33.6413	-3.13423	264.145	0.630503	142.049	-2.52959	-222.813	-17.8362	-29.3598	-2.36767	1687.95	990.426	135.193	-86.2122	0.000616981	167.246
33.6420	-2.82407	254.35	0.630503	25.7738	-1.31067	-206.953	-15.4028	-57.4506	-2.33118	1687.14	997.457	134.282	-87.2803	0.000616981	168.315
33.6427	-3.44438	517.428	0.938249	-174.097	-1.61212	-66.5779	-14.8074	-74.8703	-2.30062	1686.12	1004.01	133.973	-87.4329	0.000311811	168.315
33.6433	-4.35853	789.359	0.630503	-479.906	-2.83105	184.901	-9.29345	-68.1216	-2.27005	1685.2	1010.72	133.973	-87.1277	0.000464373	167.99
33.6440	-4.35853	684.065	0.330264	-731.054	-3.74852	443.071	-0.465967	-47.0679	-2.23948	1685.63	1018.23	134.575	-86.5173	0.000616981	169.524
33.6447	-3.13423	521.384	0.330264	-749.651	-2.52959	559.049	9.31934	-32.1285	-2.19707	1686.12	1025.5	134.575	-86.3647	0.000311811	171.059
33.6453	-1.59976	591.894	0.022518	-626.379	-1.31067	447.655	20.2954	-20.2461	-2.1665	1685.79	1032.3	133.517	-87.4329	-0.000451137	171.361
33.6460	-0.685612	656.564	-0.585468	-579.075	0.222814	267.286	26.7154	-6.1719	-2.14185	1686.39	1039.41	133.973	-86.5173	-0.000756307	171.501
33.6467	0.522371	506.754	-1.20096	-615.997	2.05775	152.547	25.4987	-1.61508	-2.10536	1687.3	1046.76	135.34	-84.0759	-0.000145967	171.803
33.6473	2.05684	287.941	-1.20096	-600.425	2.66066	-5.84895	21.8228	-9.22901	-2.06296	1687.47	1053.47	135.047	-83.9233	0.000159203	172.733
33.6480	1.14269	148.743	-1.80894	-519.854	2.96211	-193.832	17.8621	-20.2461	-2.03831	1687.14	1059.38	134.282	-84.6863	-0.000451137	173.338
33.6487	0.832529	91.418	-1.80894	-437.477	3.27667	-176.127	15.118	-27.2256	-2.00774	1685.31	1064.42	132.606	-85.907	-0.000603745	173.942
33.6493	2.36699	33.0888	-2.41693	-311.723	2.96211	7.90399	16.3347	-29.9943	-1.97717	1682.72	1069.61	130.312	-87.8906	-0.000603745	175.314
33.6500	2.36699	-117.035	-3.33266	-140.514	3.57813	49.3999	15.7134	-27.2256	-1.93477	1681.8	1075.76	129.238	-88.8062	-0.000451137	176.244
33.6507	2.36699	-166.197	-3.33266	-59.6723	3.57813	-34.2243	13.2801	-13.209	-1.89236	1681.53	1082.64	129.856	-88.501	0.000311811	177.151
33.6513	2.66083	-55.6921	-3.03242	-100.567	1.74319	-65.0498	10.2254	7.21016	-1.86179	1681.2	1089.51	130.621	-88.1958	6.59448e-006	177.313
33.6520	2.05684	-84.6998	-2.72468	-193.642	0.524268	-43.6827	5.64338	20.0731	-1.83714	1680.93	1096.22	130.768	-88.0432	-0.000451137	177.151
33.6527	-0.0816205	-273.312	-1.20096	-247.672	0.222814	10.3279	1.37201	20.996	-1.80065	1680.93	1103.81	131.532	-87.738	6.59448e-006	178.22
33.6533	-2.82407	-412.448	-0.285228	-143.9	-0.694655	69.2389	-0.465967	16.3815	-1.76417	1681.2	1111.32	132.444	-87.4329	-0.000145967	179.127
33.6540	-2.53023	-398.698	-1.5012	84.3628	-1.31067	93.3461	-2.27806	17.3044	-1.7336	1680.77	1117.24	132.606	-87.738	-0.000451137	179.592
33.6547	-0.685612	-328.188	-2.11669	291.591	-1.61212	50.928	-5.02209	18.2273	-1.69711	1680.61	1123.79	133.062	-87.5854	-0.000145967	180.522
33.6553	0.228537	-265.966	-1.5012	360.562	-2.21503	-70.2401	-5.95402	2.94175	-1.66654	1680.77	1130.5	133.208	-87.1277	6.59448e-006	181.568
33.6560	0.228537	-204.623	-1.20096	317.229	-2.21503	-161.478	-4.42668	-20.823	-1.62907	1679.85	1135.85	132.606	-88.0432	0.000159203	182.498
33.6567	0.228537	-266.908	-2.11669	369.725	-2.83105	-110.524	-2.89935	-22.9572	-1.59258	1678.02	1140.57	131.532	-89.5691	6.59448e-006	183.266
33.6573	0.522371	-375.216	-2.72468	550.999	-4.66598	-17.7313	-1.96742	2.65334	-1.5561	1676.62	1145.76	130.149	-90.6372	6.59448e-006	183.87
33.6580	0.832529	-352.298	-2.72468	651.385	-6.18636	-48.267	-1.96742	22.2073	-1.52553	1676.51	1152.31	129.856	-90.6372	0.000311811	184.777
33.6587	1.14269	-353.554	-3.03242	572.665	-6.18636	-129.441	-1.96742	18.8041	-1.49496	1677.7	1159.98	130.768	-89.4165	0.000616981	185.242
33.6593	1.74668	-420.673	-2.72468	388.954	-4.96744	-97.6933	-0.750724	8.13306	-1.45255	1678.61	1167.58	132.134	-87.738	0.000769543	184.638
33.6600	2.36699	-462.803	-2.72468	276.65	-4.66598	-22.6317	1.06137	0.519132	-1.41607	1678.94	1174.93	132.606	-86.5173	0.00107471	185.405
33.6607	2.97098	-655.371	-3.33266	415.811	-4.66598	-18.0474	3.20999	-1.32667	-1.3855	1680.02	1182.52	132.444	-86.3647	0.000311811	186.777
33.6613	2.97098	-741.139	-3.33266	733.807	-4.35142	8.50996	7.17071	-0.115363	-1.35493	1680.02	1189.87	132.444	-86.0596	-0.000603745	186.777
33.6620	1.43652	-480.509	-3.33266	877.211	-3.74852	74.719	12.0634	-2.82638	-1.32436	1678.29	1194.9	131.679	-86.0596	6.59448e-006	187.381
33.6627	1.43652	-384.069	-3.64041	603.178	-2.21503	54.5902	14.4967	-12.2861	-1.29379	1677.86	1200.58	130.914	-86.8225	0.000464373	189.358
33.6633	2.36699	-404.537	-3.94815	53.2628	-1.61212	1.47541	12.0634	-26.9372	-1.26322	1678.18	1207.77	131.532	-86.9751	-0.000145967	190.125
33.6640	2.36699	15.3828	-3.94815	-485.097	-1.61212	-10.4069	7.792	-41.8766	-1.22673	1677.53	1214.16	131.532	-86.9751	-0.000298575	190.427
33.6647	2.05684	530.865	-3.33266	-916.3	-1.61212	-41.8648	5.33273	-51.048	-1.19025	1676.94	1219.67	131.077	-87.5854	-0.000451137	191.334
33.6653	1.74668	507.633	-2.41693	-1044.45	-2.21503	-59.2535	3.20999	-51.048	-1.15968	1676.78	1225.27	131.988	-86.9751	-0.000603745	191.799
33.6660	0.832529	218.373	-2.72468	-761.251	-2.21503	-12.5673	1.06137	-40.3769	-1.12319	1677.37	1231.98	133.827	-85.7544	-0.000451137	192.566
33.6667	0.832529	258.055	-3.03242	-468.306	-1.61212	-4.32085	0.776611	-20.823	-1.09262	1678.45	1239.49	135.649	-84.6863	6.59448e-006	193.473
33.6673	2.05684	518.37	-2.41693	-362.412	-0.393201	-99.5375	2.30395	2.01885	-1.06205	1678.94	1246.2	136.869	-84.0759	-0.000298575	193.938
33.6680	3.28114	643.442	-1.80894	-349.593	0.524268	-140.111	2.89935	13.6705	-1.03148	1678.02	1251.24	136.869	-84.3811	-0.000298575	194.543
33.6687	3.57498	725.253	-1.20096	-431.383	0.222814	-17.4415	2.30395	4.21074	-0.994994	1676.02	1255.07	134.884	-86.2122	-0.000145967	195.914
33.6693	3.88513	729.837	-2.11669	-477.153	-0.393201	84.1774	-0.155322	-9.8635	-0.958507	1674.67	1259.79	133.208	-87.8906	-0.000298575	197.449
33.6700	3.88513	533.878	-2.72468	-409.717	-0.996109	97.2981	-2.27806	-8.30611	-0.927938	1673.76	1264.82	132.606	-88.3484	-0.000451137	198.658
33.6707	3.88513	409.686	-2.41693	-329.417	0.222814	173.308	-0.465967	9.05597	-0.897368	1671.92	1268.74	131.077	-88.3484	-0.000145967	198.519
33.6713	4.19529	406.358	-2.72468	-256.203	2.05775	244.707	4.11604	28.8983	-0.860882	1671.76	1273.93	130.312	-88.3484	-0.000145967	199.286
33.6720	4.19529	347.15	-3.33266	-160.375	2.05775	170.542	6.26466	35.9355	-0.830312	1673	1281.12	130.914	-87.8906	-0.000145967	200.658
33.6727	4.48913	242.735	-2.72468	-90.7724	2.05775	7.90399	8.69805	26.7641	-0.79284	1673	1287.67	130.914	-87.5854	-0.000145967	201.099
33.6733	4.48913	114.272	-2.11669	-94.1577	2.66066	-123.039	11.1314	7.84466	-0.763256	1673.11	1293.91	130.914	-87.4329	-0.000145967	202.029
33.6740	3.88513	46.2113	-1.80894	-131.081	3.27667	-153.864	11.4421	-7.7293	-0.732686	1672.51	1300.38	130.768	-87.1277	6.59448e-006	202.936
33.6747	3.28114	43.5114	-1.5012	-151.212	2.96211	-132.181	12.0634	-11.9977	-0.695214	1671.92	1306.29	130.621	-87.4329	6.59448e-006	203.401
33.6753	2.66083	76.4747	-0.893213	-158.254	2.66066	-112.658	12.6588	-18.6887	-0.658727	1672.08	1311.8	130.458	-87.8906	6.59448e-006	204.471
33.6760	2.05684	194.577	-0.893213	-181.409	2.66066	-78.4602	12.0634	-32.763	-0.622241	1671	1316.68	129.856	-88.501	6.59448e-006	205.68
33.6767	1.74668	281.851	-0.893213	-202.805	3.57813	-11.6452	11.1314	-39.7424	-0.585755	1668.68	1321.23	129.092	-89.8743	0.000159203	206.61
33.6773	1.74668	272.684	-0.585468	-186.329	4.4956	54.88	7.792	-31.494	-0.549268	1667.17	1325.55	128.473	-90.9424	0.000616981	207.052
33.6780	2.05684	253.157	-0.893213	-76.7345	4.79705	54.274	4.73733	-9.22901	-0.512782	1666.74	1330.58	128.636	-90.1794	0.000769543	207.052
33.6787	2.66083	174.109	-1.5012	128.327	3.27667	-4.32085	3.83128	10.9018	-0.476295	1668.41	1338.17	131.223	-88.3484	0.000311811	207.819
33.6793	2.36699	-54.1852	-1.80894	287.032	-0.0786402	-43.9988	4.11604	10.9018	-0.438823	1670.84	1346	134.119	-86.9751	-0.000451137	209.051
33.6800	2.05684	-295.288	-1.20096	363.631	-2.52959	-21.7096	5.95402	1.44203	-0.39642	1671	1351.92	135.502	-85.6018	6.59448e-006	209.493
33.6807	2.05684	-345.894	0.630503	390.172	-2.52959	22.2365	7.48136	2.36493	-0.359933	1670.84	1357.27	135.502	-85.4492	0.000616981	211.19
33.6813	1.14269	-202.802	1.54623	381.641	-2.21503	39.6253	7.792	17.3044	-0.329364	1670.84	1362.94	135.047	-86.3647	-0.000298575	212.4
33.6820	0.228537	-66.6799	1.24599	349.277	-2.52959	36.2793	5.33273	37.4352	-0.298794	1669.44	1367.5	134.738	-86.2122	-0.000451137	212.097
33.6827	0.522371	-154.268	0.630503	245.505	-1.61212	40.5474	1.68266	48.7407	-0.262308	1668.41	1371.57	133.517	-86.8225	0.000616981	213.306
33.6833	0.522371	-409.372	0.938249	123.452	0.825722	65.2606	-0.750724	57.5659	-0.219904	1668.25	1377.09	132.297	-88.0432	0.000159203	214.539
33.6840	1.14269	-580.278	0.022518	-16.6108	3.87958	66.4725	-3.49475	58.8349	-0.176515	1667.93	1382.92	132.134	-87.8906	-0.000298575	215.004
33.6847	1.74668	-642.563	-1.5012	-119.164	6.01597	17.6522	-5.02209	33.8012	-0.140029	1667.93	1388.51	132.297	-87.4329	6.59448e-006	216.375
33.6853	0.832529	-626.364	-1.5012	114.605	6.63199	-35.1464	-4.42668	-7.7293	-0.103542	1668.09	1394.67	132.134	-86.9751	-0.000145967	217.585
33.6860	-0.391778	-507.947	-1.20096	599.522	6.63199	-74.5082	-4.73733	-30.6288	-0.0729728	1669.01	1401.22	132.444	-85.907	6.59448e-006	218.352
33.6867	-0.685612	-312.052	-0.893213	907.453	6.63199	-92.503	-6.54942	-12.9206	-0.0305697	1669.92	1408.25	133.355	-84.6863	-0.000298575	219.119
33.6873	-0.0816205	-98.1362	-0.585468	992.899	5.09851	-45.527	-5.95402	17.9389	0.0187363	1669.6	1414.64	133.517	-84.5337	-0.000756307	219.259
33.6880	0.228537	-58.1408	-1.20096	1013.93	2.96211	38.4134	-4.11604	24.9183	0.0552227	1668.25	1419.04	132.297	-85.4492	-0.000603745	220.189
33.6887	-0.0816205	-251.588	-0.893213	858.298	1.74319	82.6493	-3.8054	19.4386	0.0857923	1666.25	1422.87	131.386	-86.6699	-0.000603745	221.398
33.6893	-1.90992	-493.632	1.24599	511.007	1.14028	59.7805	-2.27806	20.6499	0.122279	1664.58	1427.19	130.458	-88.0432	-0.000298575	222.467
33.6900	-4.04838	-505.499	2.16173	208.898	-0.393201	29.2447	1.9933	24.9183	0.164682	1663.82	1432.46	129.547	-89.2639	6.59448e-006	224.141
33.6907	-5.27268	-233.631	2.16173	-53.5787	-0.996109	72.9011	5.64338	23.707	0.208071	1663.34	1438.13	130.149	-89.2639	6.59448e-006	225.211
33.6913	-5.58284	-143.908	2.16173	-347.743	-0.694655	149.491	5.95402	12.7476	0.244557	1663.23	1444.21	131.223	-88.8062	6.59448e-006	226.141
33.6920	-5.58284	-257.741	2.16173	-601.959	-0.0786402	215.726	5.33273	-7.44089	0.281044	1664.26	1450.04	131.988	-88.8062	-0.000145967	227.652
33.6927	-5.87667	-41.6278	1.24599	-711.825	0.524268	272.793	4.42668	-25.0914	0.31753	1664.58	1455.55	132.297	-88.8062	-0.000298575	228.28
33.6933	-6.49699	272.056	1.24599	-587.29	1.14028	248.686	3.20999	-30.9172	0.359933	1663.66	1461.31	132.899	-88.1958	0.000159203	228.885
33.6940	-6.18683	283.044	2.16173	-392.61	1.74319	136.686	1.68266	-27.8601	0.39642	1663.82	1466.98	133.517	-87.5854	0.000464373	230.559
33.6947	-4.65237	220.194	1.54623	-347.156	1.14028	1.79157	1.06137	-18.6887	0.433892	1664.15	1472.89	133.973	-87.2803	0.000159203	231.93
33.6953	-3.44438	224.15	1.24599	-329.733	0.524268	-90.6851	0.465967	-3.11479	0.470379	1662.91	1477.93	133.664	-87.8906	6.59448e-006	232.093
33.6960	-2.53023	196.398	0.630503	-248.575	0.222814	-100.749	-1.37201	16.0931	0.500948	1661.23	1481.92	131.988	-88.9587	0.000311811	232.861
33.6967	-1.30593	220.508	0.330264	-243.7	0.524268	-92.2132	-2.89935	36.2239	0.543351	1659.83	1486.96	130.149	-90.332	6.59448e-006	234.07
33.6973	-1.59976	456.085	0.938249	-311.452	1.44174	-110.208	-4.73733	52.0862	0.579838	1659.07	1492.95	129.401	-91.2476	6.59448e-006	235.441
33.6980	-2.22008	589.131	0.330264	-359.975	2.35921	-196.572	-8.07676	54.5088	0.616324	1659.24	1500.06	129.238	-90.6372	0.000311811	236.674
33.6987	-1.90992	419.48	-0.893213	-325.174	2.66066	-362.898	-10.8208	47.5294	0.652811	1660.75	1508.21	130.312	-88.6536	0.000159203	237.418
33.6993	-3.44438	354.433	0.022518	-204.023	2.96211	-435.22	-10.8208	42.3381	0.690283	1661.66	1515.8	131.842	-86.6699	0.000311811	237.883
33.7000	-5.58284	464.938	1.54623	-124.987	2.35921	-352.518	-11.7527	23.4186	0.719867	1661.83	1523.31	132.899	-85.6018	0.000311811	237.883
33.7007	-6.49699	347.15	2.16173	-131.667	0.524268	-247.553	-12.9694	-16.5545	0.763256	1661.83	1530.59	132.753	-85.4492	0.000159203	238.79
33.7013	-7.10098	77.0397	1.85398	-177.437	-0.393201	-170.015	-13.2801	-34.8972	0.805659	1661.07	1536.9	132.297	-85.6018	0.000464373	240.022
33.7020	-6.79082	2.88821	0.630503	-250.38	-0.996109	-163.929	-14.1861	-12.5745	0.842145	1659.99	1542.33	131.679	-86.5173	0.000616981	241.091
33.7027	-6.79082	-23.9847	0.630503	-351.399	-1.61212	-206.637	-13.5648	13.9589	0.872715	1659.72	1548.64	131.532	-87.2803	0.000311811	242.766
33.7033	-7.10098	-76.1607	1.24599	-423.123	-1.61212	-112.948	-9.29345	18.8041	0.903285	1659.83	1555.6	132.444	-87.2803	0.000159203	244.742
33.7040	-6.49699	0.125574	1.24599	-363.902	-0.996109	67.7108	-4.42668	6.34494	0.946674	1659.07	1562.31	133.355	-87.1277	6.59448e-006	245.37
33.7047	-6.18683	132.292	0.938249	-196.982	-0.996109	100.354	-2.5887	-13.8435	0.970341	1658.64	1568.94	134.119	-87.2803	-0.000145967	246.114
33.7053	-6.79082	211.969	0.938249	-11.465	-0.393201	43.6036	-1.37201	-28.1485	1.00683	1659.72	1576.21	135.502	-86.5173	-0.000298575	247.811
33.7060	-8.32529	157.909	0.330264	161.278	-0.393201	57.6464	-0.750724	-32.1285	1.05022	1660.91	1584.04	137.634	-84.9915	-0.000603745	249.183
33.7067	-9.23944	41.0627	0.938249	288.251	-1.31067	136.686	-1.37201	-36.3969	1.0867	1661.07	1590.59	137.943	-84.5337	6.59448e-006	249.485
33.7073	-9.23944	14.5038	1.85398	372.162	-0.996109	268.209	-1.06137	-38.8195	1.11727	1660.91	1596.67	137.325	-84.5337	0.000311811	250.392
33.7080	-8.32529	68.5007	1.85398	464.921	-1.31067	370.433	0.776611	-34.8972	1.15376	1660.48	1602.9	136.56	-84.9915	-0.000451137	251.764
33.7087	-7.70497	153.326	1.85398	581.512	-1.91358	303.618	1.06137	-26.0143	1.19025	1658.48	1608.25	134.429	-86.5173	-0.000451137	252.996
33.7093	-7.41114	177.436	1.24599	693.228	-1.61212	137.292	0.155322	-10.7864	1.22673	1656.48	1613.93	132.297	-88.0432	6.59448e-006	254.67
33.7100	-7.41114	91.7319	0.630503	768.293	-0.694655	49.0837	0.155322	-0.980582	1.26322	1655.57	1620.8	131.223	-88.9587	-0.000145967	256.205
33.7107	-7.10098	5.02297	1.24599	791.178	-0.393201	40.2313	0.465967	-6.80639	1.29379	1654.97	1628.15	130.768	-88.8062	6.59448e-006	256.949
33.7113	-5.87667	-48.0949	0.330264	750.599	0.524268	28.6388	-0.465967	-14.1319	1.33027	1654.97	1635.9	129.856	-88.6536	6.59448e-006	258.018
33.7120	-4.35853	-118.228	-1.20096	616.313	0.524268	-0.0526932	-3.49475	-15.0548	1.37366	1655.4	1644.13	129.694	-88.3484	0.000159203	259.088
33.7127	-3.13423	-214.418	-2.11669	332.802	0.222814	-45.527	-7.48136	-19.0348	1.40423	1655.57	1652.04	130.768	-87.8906	0.000464373	260.018
33.7133	-2.82407	-310.796	-2.72468	-87.1162	0.524268	-94.637	-10.2254	-24.803	1.44072	1654.65	1659.07	131.077	-88.1958	0.000311811	260.32
33.7140	-1.90992	-370.632	-2.41693	-404.21	1.44174	-142.878	-12.0375	-21.7459	1.47721	1654.22	1665.94	130.914	-88.3484	0.000159203	261.529
33.7147	-2.82407	-433.796	-2.41693	-392.61	1.74319	-176.443	-11.4421	-11.7093	1.51369	1654.49	1673.3	131.679	-88.3484	6.59448e-006	263.203
33.7153	-5.58284	-439.635	-2.72468	-215.308	1.74319	-148.358	-8.69805	-1.61508	1.55018	1653.73	1680.57	132.444	-88.3484	6.59448e-006	263.971
33.7160	-6.79082	-346.208	-3.94815	-103.592	1.74319	-49.7951	-6.86007	15.4586	1.59357	1652.22	1686.56	131.679	-89.1113	0.000159203	265.342
33.7167	-6.18683	-178.692	-4.85638	-57.8217	1.44174	59.7805	-6.86007	46.8949	1.63005	1650.98	1692.23	130.768	-90.332	0.000311811	267.179
33.7173	-5.27268	79.4884	-5.16412	-27.3084	1.14028	72.2951	-6.23878	82.9457	1.66062	1650.06	1698.95	130.458	-91.095	0.000311811	268.249
33.7180	-4.04838	224.464	-4.85638	-94.4737	0.222814	-10.4069	-4.42668	109.479	1.70303	1650.06	1707.02	130.914	-90.6372	-0.000145967	269.016
33.7187	-1.59976	-33.7167	-1.80894	-272.994	-0.393201	-28.1118	-2.27806	118.65	1.75233	1651.79	1717.08	132.753	-88.6536	-0.000145967	269.621
33.7193	0.228537	-453.637	0.938249	-386.516	-0.0786402	64.3384	-1.06137	114.324	1.78882	1653.14	1726.11	133.973	-86.8225	0.000311811	270.388
33.7200	0.228537	-404.537	6.12489	-399.922	1.14028	71.0568	-0.465967	116.17	1.82531	1653.73	1734.18	134.282	-86.2122	0.000159203	271.457
33.7207	-0.391778	-66.052	18.6374	-360.562	3.57813	-98.9315	-1.06137	116.516	1.86771	1653.14	1741.77	133.973	-85.6018	0.000464373	272.364
33.7213	-0.99577	-9.60642	29.6262	-296.466	5.41307	-220.995	-1.37201	93.9052	1.91011	1652.22	1748.49	132.134	-86.5173	0.000464373	273.736
33.7220	-1.59976	-184.154	31.4576	-225.374	5.71452	-232.272	-1.68266	64.3147	1.94758	1652.22	1755.68	131.223	-87.5854	-0.000298575	274.968
33.7227	-1.59976	-369.125	30.2341	-119.796	5.71452	-278.984	-2.27806	42.3381	2.00182	1651.14	1762.55	131.223	-87.1277	-0.000298575	275.573
33.7233	-0.99577	-491.811	32.6736	26.7217	5.41307	-296.373	-0.750724	21.2844	2.05113	1650.71	1769.26	130.621	-86.5173	6.59448e-006	277.247
33.7240	-1.59976	-325.174	37.2522	107.564	4.4956	-229.242	1.37201	-6.51799	2.08761	1650.87	1776.45	130.003	-86.9751	-0.000145967	279.084
33.7247	-4.04838	170.718	37.8677	26.0897	3.57813	-195.36	1.9933	-34.8972	2.11818	1650.22	1783.49	129.547	-87.738	-0.000145967	280.456
33.7253	-5.87667	404.223	32.3734	-68.5194	3.57813	-201.762	2.30395	-42.7995	2.16059	1650.22	1791.4	130.003	-87.1277	-0.000298575	281.362
33.7260	-5.58284	286.435	22.6081	-141.733	4.79705	-114.186	1.9933	-30.2827	2.20989	1651.3	1800.27	131.679	-85.6018	-0.000298575	281.99
33.7267	-4.35853	173.481	11.6193	-249.477	4.4956	32.9069	0.465967	-24.5146	2.2523	1652.54	1809.06	133.355	-84.3811	6.59448e-006	283.06
33.7273	-3.44438	-49.6018	-3.64041	-251.915	0.524268	106.467	0.465967	-40.6653	2.2947	1652.81	1817.05	134.429	-83.9233	-0.000298575	284.129
33.7280	-3.73822	-245.184	-16.4531	-152.115	-3.1325	197.415	-0.750724	-56.2393	2.344	1651.3	1822.64	133.827	-84.9915	-0.000451137	285.501
33.7287	-3.73822	-145.729	-17.9844	-105.442	-5.26889	380.208	-3.8054	-47.0679	2.38641	1649.2	1827.35	132.134	-86.9751	-0.000298575	287.478
33.7293	-2.82407	39.2419	-16.7609	-102.102	-6.80238	469.022	-6.54942	-25.4375	2.4298	1647.79	1832.71	132.134	-87.738	-0.000451137	288.687
33.7300	-2.82407	143.594	-21.0318	-53.2628	-7.10383	374.096	-8.3874	-16.5545	2.4722	1646.71	1837.74	132.606	-87.738	-0.000603745	289.756
33.7307	-3.44438	204.309	-28.9656	-25.7738	-6.80238	231.271	-7.76611	-25.0914	2.5146	1646.12	1843.09	131.988	-88.8062	-0.000756307	290.686
33.7313	-3.73822	252.216	-29.2734	-107.88	-5.88491	89.6839	-5.64338	-36.6853	2.55799	1645.96	1849.33	132.444	-88.8062	-0.000908915	291.593
33.7320	-4.35853	360.9	-18.5923	-225.96	-4.35142	-45.8168	-4.11604	-44.6453	2.60631	1645.63	1855.48	133.062	-88.1958	-0.000451137	292.825
33.7327	-5.27268	479.003	-8.82705	-276.018	-3.44706	-68.712	-4.42668	-46.4911	2.65562	1646.12	1861.15	133.208	-87.738	6.59448e-006	294.197
33.7333	-5.87667	354.182	-6.07985	-241.262	-3.1325	-15.5972	-5.64338	-43.1456	2.69802	1646.55	1867.23	133.355	-87.1277	0.000159203	295.708
33.7340	-5.58284	109.124	-7.30333	-131.667	-3.1325	0.579626	-5.95402	-41.0114	2.74042	1646.12	1872.98	132.899	-87.2803	6.59448e-006	297.243
33.7347	-5.87667	118.542	-9.13479	12.3678	-3.74852	48.7939	-5.95402	-37.0314	2.78381	1645.63	1879.13	132.753	-87.2803	6.59448e-006	298.313
33.7353	-6.49699	146.922	-9.13479	149.091	-4.35142	145.223	-5.33273	-24.803	2.82622	1645.04	1885.36	131.988	-88.0432	0.000311811	299.824
33.7360	-6.79082	-64.5451	-9.43503	314.476	-3.44706	184.295	-4.11604	-8.9406	2.87454	1643.53	1890.72	129.694	-89.8743	-0.000451137	301.056
33.7367	-6.18683	-235.765	-9.13479	495.75	-2.21503	132.102	-2.5887	4.21074	2.92384	1641.37	1895.75	128.327	-90.332	-0.000603745	301.359
33.7373	-4.96252	-183.589	-7.91132	628.185	-1.61212	57.3302	-1.06137	15.8047	2.96625	1640.45	1901.11	127.871	-90.6372	0.000311811	302.591
33.7380	-4.65237	-4.39509	-7.30333	727.082	-1.31067	43.2875	-1.37201	25.2644	3.00963	1641.1	1908.14	128.327	-90.4846	0.000311811	304.102
33.7387	-5.27268	104.54	-6.99559	738.998	-0.694655	65.8665	-4.11604	28.8983	3.05204	1642.94	1916.85	130.149	-88.6536	-0.000145967	304.869
33.7393	-4.96252	92.297	-5.47187	582.415	0.222814	15.5182	-8.69805	26.1296	3.09444	1643.96	1924.76	132.134	-86.2122	6.59448e-006	305.172
33.7400	-5.58284	30.954	-6.07985	282.428	0.222814	-111.13	-12.6588	20.3615	3.14375	1643.96	1931.15	133.062	-85.144	0.000464373	306.102
33.7407	-5.58284	-77.0397	-6.68784	-85.8975	-0.0786402	-181.634	-12.6588	2.94175	3.19207	1644.12	1937.22	133.062	-85.7544	0.000311811	308.078
33.7413	-3.73822	66.052	-5.77211	-413.373	0.222814	-150.202	-9.91474	-23.5917	3.23546	1644.12	1942.9	133.062	-86.5173	-0.000145967	309.589
33.7420	-1.30593	452.758	-5.16412	-556.506	0.825722	-26.5837	-6.86007	-37.6082	3.27786	1643.53	1948.41	133.827	-86.3647	6.59448e-006	310.984
33.7427	0.228537	396.877	-5.16412	-417.345	0.825722	133.024	-3.49475	-36.1085	3.32026	1642.45	1953.28	133.517	-86.6699	0.000616981	312.798
33.7433	-0.391778	26.6845	-4.24839	-140.83	1.14028	153.759	0.155322	-29.0714	3.36365	1642.02	1958	133.062	-87.5854	-0.000145967	314.03
33.7440	-1.30593	-170.153	-3.03242	32.1833	1.44174	23.7646	1.68266	-22.3803	3.40605	1641.69	1963.35	133.827	-87.5854	-0.000756307	314.333
33.7447	-2.22008	-142.087	-1.80894	90.5015	1.44174	-150.492	0.465967	-17.7658	3.44846	1640.94	1968.23	133.517	-87.1277	6.59448e-006	315.704
33.7453	-4.65237	156.403	-0.585468	143.9	1.14028	-250.583	-1.06137	-10.7864	3.49086	1641.1	1973.9	133.355	-86.6699	6.59448e-006	317.239
33.7460	-6.18683	265.338	-0.893213	224.471	1.74319	-148.358	-1.96742	-8.9406	3.54017	1641.69	1979.33	134.429	-85.6018	-0.000145967	317.844
33.7467	-4.65237	-78.8606	-1.5012	293.126	2.66066	19.7863	-1.96742	-16.5545	3.58257	1642.61	1984.37	134.738	-84.8389	0.000311811	319.215
33.7473	-4.35853	-404.788	-1.80894	284.279	2.96211	87.8396	1.06137	-20.2461	3.61906	1643.04	1989.16	134.119	-84.8389	0.000464373	320.889
33.7480	-3.73822	-412.448	-2.41693	262.928	3.27667	74.719	4.73733	-13.209	3.66245	1641.26	1992.84	132.444	-86.0596	-0.000298575	321.959
33.7487	-1.30593	-122.56	-3.64041	327.611	3.57813	10.644	6.57531	2.94175	3.69893	1639.7	1996.27	130.914	-87.2803	-0.000145967	324.098
33.7493	0.228537	119.798	-4.24839	309.285	4.19414	-35.1464	10.536	18.5157	3.74133	1639.1	2000.27	130.003	-87.8906	0.000159203	326.237
33.7500	0.832529	23.9847	-3.64041	101.154	5.09851	-24.7658	17.8621	26.1296	3.78472	1638.19	2003.78	128.636	-88.9587	-0.000145967	327.446
33.7507	2.05684	-130.158	-2.72468	-84.092	5.41307	3.60949	25.7835	32.8783	3.81529	1637.11	2006.82	127.871	-89.4165	-0.000298575	328.516
33.7513	1.74668	-189.052	-1.20096	-164.934	5.09851	41.7594	30.6761	39.281	3.8577	1637.27	2011.53	128.783	-88.6536	-0.000298575	329.446
33.7520	-0.99577	-104.227	1.54623	-189.986	4.79705	84.4936	29.4595	36.5123	3.90602	1637.59	2016.89	130.003	-87.8906	6.59448e-006	330.516
33.7527	-2.22008	181.141	1.54623	-144.216	4.19414	98.8262	21.8228	33.1668	3.94349	1637.43	2020.88	130.458	-87.5854	0.000311811	331.422
33.7533	-3.44438	204.623	-1.20096	-66.6687	2.96211	78.0914	13.5907	38.6465	3.97998	1637.11	2024.4	130.621	-87.738	-0.000145967	332.794
33.7540	-5.87667	-107.554	-2.41693	57.5057	1.74319	54.5902	9.31934	43.261	4.01055	1636.94	2028.32	131.223	-87.5854	0.000159203	334.329
33.7547	-6.18683	-219.88	-1.80894	183.576	1.44174	25.2928	10.2254	40.2039	4.04703	1636.94	2032.63	132.134	-86.9751	0.000311811	335.701
33.7553	-6.18683	-96.8804	0.022518	231.783	1.74319	1.1856	11.1314	34.0897	4.08352	1636.03	2034.79	131.679	-87.2803	0.000159203	336.77
33.7560	-7.10098	40.7488	0.938249	229.03	0.524268	36.5691	9.91474	24.9183	4.12	1633.76	2035.35	130.312	-89.2639	0.000311811	338.444
33.7567	-5.87667	185.096	-0.285228	125.574	0.222814	89.3677	9.91474	8.47915	4.15649	1632.52	2037.02	129.694	-90.9424	0.000159203	339.816
33.7573	-4.04838	147.236	0.630503	17.5587	0.825722	68.9228	11.1314	-18.1119	4.19298	1632.25	2039.18	129.694	-90.7898	6.59448e-006	340.281
33.7580	-4.04838	-119.798	7.95635	1.98607	-0.0786402	-3.71487	9.31934	-40.0885	4.22355	1632.25	2041.9	130.149	-89.8743	0.000159203	341.188
33.7587	-3.73822	-196.084	13.143	-86.8002	-1.91358	-23.2377	4.11604	-36.6853	4.25412	1634.08	2046.69	131.386	-88.3484	0.000159203	342.722
33.7593	-3.73822	5.3369	12.2273	-318.448	-4.35142	10.0381	2.5887	-10.1519	4.2906	1635.92	2051.25	132.606	-86.6699	-0.000145967	343.792
33.7600	-3.73822	96.0014	10.3958	-552.804	-7.40528	-23.2377	1.68266	7.55625	4.32709	1635.92	2053.96	132.899	-85.7544	6.59448e-006	344.699
33.7607	-3.73822	56.8851	11.6193	-617.848	-8.32275	-96.4813	-4.11604	-3.11479	4.35766	1635.59	2055.96	132.134	-85.907	0.000311811	346.233
33.7613	-3.73822	52.9295	15.5899	-460.678	-6.80238	-74.798	-8.69805	-22.3803	4.39513	1635	2058.44	131.223	-86.6699	0.000159203	347.907
33.7620	-2.53023	6.52986	21.9926	-176.85	-5.58345	9.7219	-9.60409	-27.8601	4.43162	1633.92	2060.28	130.458	-86.9751	-0.000145967	348.675
33.7627	-1.59976	-34.9724	26.5712	64.8632	-4.35142	75.325	-9.29345	-22.6688	4.46219	1633	2061.64	130.312	-86.6699	0.000922151	349.884
33.7633	-1.30593	-29.1332	24.1318	141.733	-2.52959	102.488	-8.3874	-15.0548	4.49276	1632.84	2064.19	130.914	-86.8225	0.000922151	351.86
33.7640	-1.30593	-57.8269	16.1979	105.126	-2.21503	74.719	-8.07676	-6.1719	4.52333	1633.17	2065.71	130.768	-87.5854	-0.000451137	353.395
33.7647	-1.30593	-91.7319	0.938249	77.9532	-3.1325	22.8425	-7.76611	2.01885	4.55291	1632.84	2066.19	130.768	-88.0432	-0.000603745	354.464
33.7653	-2.82407	-74.591	-24.0867	115.192	-2.83105	-65.0498	-6.86007	7.84466	4.57756	1632.68	2068.03	132.297	-86.8225	-0.000298575	355.534
33.7660	-2.82407	-54.4992	-39.6467	237.29	0.825722	-185.586	-6.23878	15.1702	4.60813	1633.92	2070.19	133.973	-85.2966	-0.000145967	356.743
33.7667	-2.53023	-152.133	-33.244	358.756	3.57813	-227.398	-5.95402	20.6499	4.6387	1634.84	2071.86	135.502	-84.2285	6.59448e-006	357.673
33.7673	-4.04838	-320.277	-19.8158	398.117	2.05775	-188.036	-9.60409	20.6499	4.66336	1634.35	2072.74	136.267	-84.0759	-0.000298575	359.045
33.7680	-5.58284	-309.289	-11.5742	343.455	1.44174	-158.422	-9.00869	22.7841	4.69393	1632.84	2072.02	135.047	-84.9915	-0.000298575	360.882
33.7687	-5.87667	-119.17	-7.30333	233.905	1.44174	-139.216	13.2801	30.1096	4.73041	1631.01	2070.58	133.062	-86.8225	-0.000145967	362.695
33.7693	-8.01513	52.3644	-5.47187	225.69	-0.694655	-116.61	45.0176	36.8584	4.76098	1630.41	2070.58	132.297	-88.1958	-0.000451137	364.695
33.7700	-9.23944	28.5053	-3.03242	319.983	-1.61212	-89.157	60.265	38.3581	4.78563	1629.01	2070.03	131.679	-88.6536	-0.000603745	365.137
33.7707	-6.49699	-392.921	0.022518	400.87	-0.694655	-43.6827	64.2516	26.4757	4.8162	1627.17	2068.75	130.458	-88.9587	-0.000298575	365.439
33.7713	-3.13423	-640.428	-3.33266	286.084	-0.694655	6.05972	68.523	1.73044	4.85269	1627.98	2069.87	130.149	-88.501	0.000311811	367.276
33.7720	-1.30593	-127.395	-9.43503	-124.039	-1.61212	22.2365	70.9564	-22.3803	4.87734	1629.01	2071.54	130.621	-88.0432	0.000311811	369.252
33.7727	-1.59976	388.652	-9.74278	-514.979	-1.31067	-44.8946	67.9017	-40.3769	4.90693	1628.9	2072.26	130.458	-87.5854	6.59448e-006	370.322
33.7733	-2.53023	345.894	-5.47187	-529.648	-0.996109	-141.35	61.7924	-43.434	4.9375	1628.42	2072.74	129.856	-87.4329	-0.000145967	371.252
33.7740	-2.22008	183.589	-0.585468	-273.581	-0.996109	-125.173	56.9256	-28.4946	4.96807	1628.25	2073.7	129.401	-87.8906	-0.000298575	372.623
33.7747	-1.30593	200.667	2.46197	-158.524	-0.0786402	-0.658665	32.7989	-8.30611	4.99864	1627.98	2074.58	129.547	-87.8906	-0.000451137	373.53
33.7753	-0.685612	290.955	2.16173	-191.204	0.524268	69.8449	-8.07676	12.4015	5.02921	1626.58	2074.1	129.547	-88.3484	-0.000145967	374.297
33.7760	0.832529	356.882	0.330264	-165.566	0.825722	29.5609	-36.7596	33.4552	5.05386	1625.39	2073.22	128.327	-89.7217	0.000311811	376.437
33.7767	3.28114	350.163	0.022518	-160.962	2.96211	3.00351	-66.0637	39.5694	5.08443	1624.48	2073.06	127.709	-90.6372	6.59448e-006	378.413
33.7773	3.88513	322.726	1.54623	-173.781	4.79705	18.2582	-94.1512	24.3415	5.12091	1623.67	2072.9	128.473	-90.6372	-0.000145967	379.343
33.7780	3.88513	329.13	1.85398	-127.108	5.09851	-24.7658	-95.9633	9.97887	5.15148	1624.48	2074.1	130.149	-89.5691	0.000311811	380.413
33.7787	3.28114	273.312	-0.285228	-121.602	5.09851	-129.731	-82.5538	16.3815	5.18205	1626.26	2076.58	131.988	-87.8906	0.000159203	381.784
33.7793	3.28114	183.841	0.022518	-210.117	2.66066	-202.974	-65.1577	31.3209	5.21262	1626.74	2077.78	133.355	-86.5173	0.000159203	382.528
33.7800	4.19529	235.765	2.76971	-288.251	-0.996109	-134.631	-42.8689	41.7036	5.23728	1626.42	2078.1	133.827	-86.0596	0.000311811	383.156
33.7807	3.28114	284.551	4.29343	-323.639	-1.91358	43.6036	-22.4182	56.0662	5.26785	1626.58	2078.97	133.973	-86.2122	6.59448e-006	384.226
33.7813	0.228537	116.721	4.60117	-304.726	-1.31067	181.238	-12.9694	70.4289	5.30433	1626.15	2078.9	133.827	-86.0596	0.000159203	386.039
33.7820	-1.59976	-24.2358	3.3777	-170.757	-1.31067	247.158	-12.9694	70.0828	5.34082	1625.23	2078.26	132.899	-86.6699	0.000311811	388.039
33.7827	-2.22008	-132.606	-1.20096	-38.5929	-0.694655	213.592	-17.8362	64.6031	5.37139	1625.07	2078.9	132.444	-87.2803	6.59448e-006	390.015
33.7833	-2.22008	-367.556	-8.82705	25.187	-0.0786402	83.8876	-24.8774	57.2775	5.40196	1625.23	2079.29	132.899	-86.6699	0.000159203	391.852
33.7840	-1.30593	-355.375	-14.9294	108.196	-1.61212	0.263466	-30.6761	38.6465	5.43253	1624.58	2078.97	132.753	-86.9751	0.000159203	392.619
33.7847	-1.90992	-261.383	-11.5742	271.775	-4.66598	-14.0691	-31.8928	11.1902	5.4631	1623.23	2078.9	131.842	-87.4329	6.59448e-006	393.224
33.7853	-6.79082	-535.762	-5.77211	550.367	-6.18636	-43.6827	-29.1488	-11.9977	5.49958	1623.67	2080.57	132.444	-86.3647	-0.000145967	395.061
33.7860	-11.3779	-789.924	-8.5193	738.998	-7.40528	-63.2055	-25.7835	-28.783	5.53607	1625.39	2082.33	133.664	-85.2966	-0.000145967	396.433
33.7867	-14.4305	-646.205	-10.0505	649.58	-8.93877	-40.6265	-23.9455	-40.3769	5.56664	1626.15	2083.13	134.119	-84.6863	-0.000145967	397.037
33.7873	-18.3973	-212.22	-5.47187	487.535	-9.24022	-79.3824	-22.7288	-49.2022	5.59721	1625.5	2083.93	133.517	-84.6863	-0.000298575	398.409
33.7880	-16.8628	-15.1317	-1.5012	361.465	-7.71984	-171.253	-20.6061	-62.0651	5.6337	1623.67	2083.45	131.679	-85.907	-0.000451137	400.083
33.7887	-6.79082	-200.354	5.51691	121.286	-5.88491	-101.355	-17.5514	-73.9474	5.67018	1621.99	2082.25	130.003	-87.738	-0.000603745	402.059
33.7893	1.14269	-125.888	19.5531	-129.546	-4.66598	124.778	-13.2801	-78.2159	5.70075	1621.4	2082.33	129.694	-88.6536	-0.000451137	403.757
33.7900	0.228537	313.245	22.3003	-141.462	-4.35142	267.286	-7.76611	-70.2558	5.73724	1620.64	2083.77	129.694	-88.8062	-0.000756307	405.268
33.7907	1.74668	433.796	9.17983	-37.6902	-2.21503	240.439	-5.33273	-43.434	5.77373	1619.89	2084.33	129.694	-88.9587	-0.000756307	406.64
33.7913	5.71343	-27.3124	-6.68784	-13.9025	-0.0786402	128.73	-6.23878	-8.9406	5.8043	1619.89	2084.49	130.003	-89.1113	6.59448e-006	407.407
33.7920	1.14269	-324.86	-21.9475	14.4893	0.222814	65.2606	-8.07676	23.9954	5.83487	1619.89	2084.97	130.458	-88.8062	-0.000145967	408.314
33.7927	-6.79082	-19.0873	-23.779	24.871	0.222814	87.2337	-7.76611	56.0662	5.87135	1619.24	2085.61	131.223	-88.0432	-0.000145967	409.709
33.7933	-10.1536	385.889	-9.13479	-47.44	0.825722	106.756	-6.23878	75.6202	5.90882	1618.97	2085.45	131.679	-87.8906	0.000311811	411.081
33.7940	-14.1203	624.857	5.51691	-164.347	1.14028	118.375	-4.11604	71.6402	5.94531	1619.56	2086.33	131.988	-87.5854	6.59448e-006	413.057
33.7947	-21.4499	690.155	14.9745	-337.677	1.14028	138.504	-1.68266	61.2575	5.97588	1619.73	2086.65	132.134	-87.4329	6.59448e-006	414.731
33.7953	-26.6246	365.735	20.7766	-491.507	2.05775	120.799	1.68266	67.0257	6.01237	1618.48	2086.33	131.223	-88.3484	-0.000145967	416.103
33.7960	-29.6772	-164.942	23.5238	-427.682	3.87958	90.606	6.26466	74.9857	6.04294	1616.54	2086.65	129.401	-89.2639	6.59448e-006	417.475
33.7967	-23.8821	-186.603	22.3003	-94.4737	4.4956	99.1423	10.536	66.4489	6.07351	1615.14	2087.29	127.562	-90.0269	0.000311811	419.149
33.7973	-6.79082	277.268	14.9745	223.523	4.19414	100.064	11.7527	45.3952	6.10999	1615.3	2089.04	126.651	-90.6372	6.59448e-006	420.521
33.7980	11.5085	445.411	13.143	228.714	3.87958	6.66569	11.1314	21.5728	6.14056	1616.22	2092.16	126.651	-89.7217	-0.000145967	421.288
33.7987	23.1149	301.378	22.3003	18.1454	4.4956	-64.4438	10.2254	6.63335	6.18296	1616.81	2095.91	127.709	-87.4329	0.000159203	421.916
33.7993	20.3725	206.758	35.4208	-79.4879	4.4956	-4.32085	8.10264	4.49914	6.21945	1617.46	2099.27	129.092	-86.2122	0.000464373	423.288
33.8000	13.043	25.4916	47.0175	-53.5787	3.57813	31.089	4.42668	-0.692176	6.25002	1618.81	2102.23	129.401	-86.2122	0.000311811	424.962
33.8007	11.5085	-245.497	59.53	-115.508	2.66066	-1.87061	2.5887	-12.2861	6.28059	1618.48	2103.75	129.401	-85.7544	0.000311811	426.031
33.8013	7.54173	-374.902	74.7897	-144.216	2.05775	-15.3074	4.42668	-30.6288	6.31708	1616.97	2104.46	128.636	-86.8225	0.000159203	427.705
33.8020	8.45588	-335.848	81.5076	-16.6108	1.44174	-11.0392	6.26466	-52.6054	6.35356	1616.05	2105.98	128.327	-87.738	6.59448e-006	428.775
33.8027	18.5278	-141.459	78.1449	204.023	0.524268	10.0381	6.57531	-61.1422	6.38413	1615.46	2107.1	128.473	-87.4329	0.000616981	430.147
33.8033	20.9765	72.7702	58.6143	307.75	-1.61212	5.74356	7.48136	-62.3535	6.42062	1615.46	2109.1	128.636	-87.738	6.59448e-006	431.984
33.8040	13.3531	63.9172	25.6555	41.0304	-3.44706	-72.9801	9.62998	-73.659	6.45119	1614.98	2111.34	129.092	-87.738	-0.000451137	433.053
33.8047	3.28114	-81.6232	5.51691	-383.447	-3.74852	-141.639	9.62998	-84.0417	6.48176	1614.54	2112.7	129.238	-87.738	6.59448e-006	434.565
33.8053	-7.70497	-2.26033	-14.0137	-538.495	-4.04997	-163.612	9.91474	-79.7156	6.51825	1615.46	2115.97	130.914	-86.6699	-0.000145967	436.239
33.8060	3.28114	197.905	-37.8227	-347.427	-5.58345	-205.108	12.374	-58.6619	6.55572	1616.65	2119.89	133.208	-84.6863	6.59448e-006	437.471
33.8067	33.7909	124.946	-42.0936	-138.077	-7.40528	-250.293	14.1861	-27.8601	6.5922	1617.73	2122.68	134.282	-83.9233	0.000159203	439.005
33.8073	43.2588	-3.51608	-34.1598	-106.029	-8.32275	-197.494	13.5907	-6.51799	6.62277	1617.3	2123.88	134.119	-84.2285	6.59448e-006	439.61
33.8080	25.5472	61.2174	-6.3876	-122.82	-8.93877	-98.0094	13.5907	-4.96059	6.64644	1615.3	2124.2	132.606	-85.7544	6.59448e-006	441.284
33.8087	-1.30593	90.7901	27.4869	-141.733	-9.24022	-62.5996	12.0634	-11.3632	6.68391	1613.79	2124.92	130.914	-87.4329	-0.000603745	443.121
33.8093	-13.8102	-22.101	34.2048	-138.393	-8.62421	-32.0902	5.95402	-8.9406	6.72632	1611.3	2125.08	129.547	-88.3484	-0.000298575	443.888
33.8100	-7.70497	-73.712	24.4395	-71.2728	-7.71984	-9.51113	0.465967	6.34494	6.75097	1609.52	2125.24	127.709	-89.5691	0.000464373	445.4
33.8107	-38.231	31.5819	0.630503	-13.5865	-6.48781	-69.3179	0.776611	19.4386	6.78746	1610.12	2127.88	127.416	-89.8743	-0.000145967	447.539
33.8113	-102.923	32.7749	-24.3945	8.07969	-4.35142	-139.505	3.52064	13.9589	6.82394	1611.04	2131.47	128.636	-88.3484	-0.000451137	448.771
33.8120	-134.657	-126.202	-25.3102	57.2349	-2.52959	-144.09	2.89935	0.519132	6.8486	1611.04	2134.67	128.783	-87.4329	-0.000298575	449.515
33.8127	-137.106	-151.191	-14.6292	149.993	-0.996109	-95.2694	1.9933	-11.3632	6.88508	1610.71	2137.79	128.473	-87.8906	6.59448e-006	451.05
33.8133	-132.225	-44.0765	-31.4126	233.318	-0.393201	-52.219	5.33273	-21.7459	6.92157	1610.55	2141.54	128.473	-88.0432	-0.000145967	452.584
33.8140	-108.425	-128.965	-67.4188	292.223	0.524268	-45.8168	8.3874	-21.7459	6.95214	1610.39	2145.7	128.636	-87.738	-0.000298575	453.793
33.8147	-82.7795	-392.294	-76.8839	438.38	1.14028	-1.87061	7.48136	-17.189	6.98862	1610.39	2149.77	129.238	-87.2803	0.000159203	455.165
33.8153	-63.2559	-522.012	-66.5031	655.042	0.524268	67.7108	6.86007	-21.4574	7.01328	1609.63	2153.05	128.929	-87.738	6.59448e-006	456.839
33.8160	-37.6107	-556.482	-55.5218	757.279	-0.0786402	82.0434	6.86007	-25.0914	7.04385	1607.36	2154.57	127.107	-89.8743	-0.000603745	457.769
33.8167	-28.1591	-519.563	-42.7016	752.088	-0.393201	45.7377	5.64338	-17.189	7.07442	1605.96	2157.28	126.488	-91.7053	-0.000603745	459.281
33.8173	-3.13423	-202.488	-36.2915	698.69	-0.996109	-6.74473	2.89935	-3.74928	7.1109	1605.96	2161.44	127.709	-90.7898	-0.000145967	460.815
33.8180	96.051	96.0014	-34.7678	517.416	-1.61212	19.7863	1.9933	1.44203	7.14739	1606.45	2164.79	129.092	-89.1113	0.000464373	461.722
33.8187	171.125	182.962	-27.1342	178.069	-0.393201	156.209	4.42668	-16.2661	7.17796	1607.96	2169.19	131.223	-88.0432	0.000311811	463.419
33.8193	137.253	426.764	-17.0686	-153.063	0.222814	263.334	6.57531	-45.5682	7.20261	1609.63	2173.9	133.517	-86.5173	0.000159203	464.628
33.8200	81.4083	626.992	-9.13479	-436.574	2.35921	246.235	6.57531	-43.1456	7.2391	1609.79	2177.1	134.429	-85.4492	0.000616981	465.861
33.8207	71.0261	527.788	0.938249	-677.656	6.63199	152.547	5.04797	-7.44089	7.27558	1609.2	2180.06	133.827	-85.907	0.000311811	467.232
33.8213	74.0787	374.023	9.17983	-633.691	9.9873	85.4157	3.20999	26.4757	7.30615	1608.12	2182.77	132.444	-86.8225	-0.000145967	468.441
33.8220	57.9016	39.2419	8.56434	-361.781	11.8222	94.2682	2.5887	45.0491	7.33672	1607.53	2185.49	131.386	-87.1277	0.000159203	469.813
33.8227	46.0013	-393.801	2.76971	-195.763	13.0412	124.461	2.5887	42.0497	7.36729	1607.53	2189.16	130.914	-86.8225	6.59448e-006	471.487
33.8233	51.7963	-342.566	-3.64041	-231.151	13.0412	101.276	0.776611	27.687	7.40378	1607.2	2193.32	130.621	-86.9751	-0.000298575	472.859
33.8240	55.1591	62.7243	-7.30333	-301.341	11.5077	11.25	-1.06137	27.9754	7.44027	1606.61	2196.84	130.458	-87.1277	-0.000145967	474.092
33.8247	49.9681	285.807	-7.60357	-315.695	8.76838	-90.0791	-1.68266	45.0491	7.47084	1606.45	2199.87	130.149	-86.8225	0.000159203	475.928
33.8253	44.4668	348.657	-6.99559	-361.781	7.2349	-116.32	-1.96742	56.3546	7.49549	1607.36	2204.11	130.621	-86.3647	-0.000298575	477.137
33.8260	40.2062	251.337	-10.6585	-417.616	7.2349	-88.8408	-1.37201	53.0091	7.52606	1607.8	2209.14	132.444	-84.9915	-0.000451137	477.137
33.8267	36.8435	-38.614	-14.9294	-404.526	6.63199	-96.7711	-0.465967	43.8378	7.56255	1607.36	2212.5	133.062	-83.9233	0.000464373	477.905
33.8273	35.3253	-70.6355	-9.43503	-310.233	6.01597	-103.806	-0.155322	31.9554	7.59311	1607.53	2214.97	132.134	-84.8389	0.000464373	479.742
33.8280	34.101	96.8804	1.85398	-189.67	6.31743	-79.6985	1.9933	16.3815	7.62368	1606.45	2216.81	130.914	-86.8225	-0.000451137	481.578
33.8287	32.5666	19.4012	8.2641	-101.154	7.85091	-88.551	3.83128	2.94175	7.66017	1604.02	2218.49	130.003	-88.0432	-0.000908915	483.09
33.8293	32.5666	-40.7488	11.6193	-38.277	9.68585	-148.042	0.465967	-6.80639	7.69666	1602.34	2220.89	129.856	-88.501	-0.000451137	484.462
33.8300	31.9626	137.755	16.1979	-5.05545	10.5902	-225.87	-5.95402	-20.5345	7.72723	1602.02	2224	129.694	-89.1113	-0.000298575	486.136
33.8307	30.4281	274.505	18.9451	0.451379	9.9873	-251.821	-12.6588	-33.9743	7.75188	1602.18	2227.36	130.149	-88.8062	6.59448e-006	487.972
33.8313	29.8241	250.709	21.9926	-26.4057	9.37129	-226.792	-18.7681	-33.6859	7.78837	1602.45	2230.95	131.223	-88.0432	6.59448e-006	488.903
33.8320	30.1343	163.435	23.5238	-103.321	9.06983	-209.693	-22.4182	-29.0714	7.82485	1602.34	2234.95	131.679	-88.0432	-0.000603745	489.949
33.8327	30.1343	81.6232	21.9926	-164.663	9.68585	-165.747	-27.0002	-28.783	7.85542	1602.02	2238.79	131.532	-87.8906	-0.000451137	491.483
33.8333	27.9958	37.6722	18.3296	-130.449	9.68585	-44.6048	-31.5822	-13.209	7.88008	1601.86	2241.98	131.223	-87.4329	6.59448e-006	492.553
33.8340	25.5472	-97.1944	1.24599	20.5829	9.06983	43.2875	-31.8928	18.8041	7.91656	1601.86	2245.66	130.768	-87.738	-0.000298575	493.46
33.8347	24.6331	-386.831	-22.2553	310.82	9.06983	-1.5808	-34.6369	42.6265	7.95896	1600.78	2248.69	130.149	-87.5854	0.000159203	494.088
33.8353	22.2008	-527.223	-25.0025	663.618	7.2349	-71.7682	-43.8009	36.8584	7.99545	1599.27	2250.85	128.327	-88.3484	0.000464373	495.459
33.8360	19.7522	-329.444	-11.5742	866.874	4.4956	-88.8408	-47.1403	10.6134	8.02602	1598.35	2253.09	126.196	-90.0269	6.59448e-006	498.04
33.8367	17.6137	-93.5527	-3.64041	756.692	0.524268	-89.4468	-35.2323	-0.692176	8.05659	1597.76	2256.44	125.431	-90.332	6.59448e-006	499.877
33.8373	15.1814	-85.3276	-3.94815	495.434	-4.66598	-86.7067	-8.07676	10.6134	8.09308	1597.27	2260.44	125.74	-90.1794	0.000464373	500.482
33.8380	13.6469	-153.64	-5.77211	351.715	-7.71984	-11.329	14.1861	19.727	8.12365	1598.19	2264.83	126.342	-89.7217	0.000616981	500.784
33.8387	14.2673	-212.848	-7.60357	292.223	-7.71984	128.44	19.0788	14.5357	8.16013	1600.19	2270.19	128.181	-88.1958	6.59448e-006	501.714
33.8393	14.8712	-271.742	-5.16412	165.566	-6.80238	217.254	20.9167	7.21016	8.19761	1601.27	2276.02	130.003	-86.5173	-0.000603745	503.388
33.8400	13.3531	-237.586	4.90892	60.2591	-7.40528	263.334	28.5275	1.44203	8.23409	1601.43	2281.06	131.386	-85.7544	0.000159203	505.364
33.8407	11.5085	-144.473	15.5899	45.9504	-8.62421	308.782	36.4748	-6.1719	8.27058	1600.51	2284.09	131.679	-86.0596	0.000311811	506.434
33.8413	10.9045	-115.842	21.3846	-157.622	-10.1577	287.442	40.1249	-5.88349	8.30707	1599.11	2285.77	130.621	-87.1277	6.59448e-006	506.736
33.8420	8.76604	-259.876	24.7398	-425.244	-11.0752	184.901	41.0569	6.34494	8.34355	1598.35	2288.33	130.149	-87.8906	-0.000298575	507.968
33.8427	4.79928	-443.591	27.4869	-447.227	-10.7606	53.3519	36.4748	15.8047	8.38595	1597.76	2291.28	131.077	-87.738	-0.000451137	509.34
33.8433	1.74668	-269.608	31.4576	-444.789	-9.85624	-186.508	28.5275	11.8247	8.42343	1597.43	2293.52	131.679	-87.2803	-0.000298575	510.712
33.8440	0.832529	262.324	38.4757	-477.74	-8.93877	-478.244	20.9167	2.01885	8.454	1597.76	2295.84	131.842	-87.5854	-0.000145967	512.549
33.8447	1.74668	442.335	39.0837	-422.22	-7.10383	-562.184	12.9694	-2.53798	8.49048	1597.43	2298.16	131.988	-87.4329	6.59448e-006	513.921
33.8453	4.19529	52.3644	25.6555	-331.899	-4.35142	-388.534	10.2254	-0.980582	8.52697	1597.92	2300.87	133.355	-85.907	6.59448e-006	514.99
33.8460	6.02359	-131.978	9.78782	-269.022	-3.1325	-94.0311	13.2801	-5.249	8.56346	1598.84	2304.07	134.738	-84.2285	-0.000145967	515.897
33.8467	5.10944	63.3522	-1.80894	-247.04	-4.04997	155.893	14.4967	-15.0548	8.60586	1599.43	2306.7	134.738	-83.9233	6.59448e-006	517.734
33.8473	3.88513	180.199	-18.9001	-255.571	-4.04997	224.579	15.118	-23.3032	8.63643	1599.59	2308.22	134.429	-84.2285	-0.000145967	519.245
33.8480	3.88513	261.069	-28.3576	-279.404	-2.83105	196.493	16.3347	-33.6859	8.67291	1597.27	2308.22	133.062	-85.7544	-0.000756307	519.873
33.8487	3.88513	326.681	-22.563	-257.738	-3.1325	236.777	14.4967	-44.9337	8.7094	1594.84	2308.38	130.768	-87.8906	-0.000908915	521.245
33.8493	3.28114	270.863	-19.5081	-134.421	-4.96744	275.533	12.374	-44.3569	8.74687	1593.92	2309.26	129.401	-88.9587	-0.000451137	523.221
33.8500	3.28114	232.689	-15.2372	100.251	-4.96744	233.405	12.0634	-32.763	8.78336	1593.01	2310.3	129.092	-88.8062	6.59448e-006	524.454
33.8507	2.97098	213.79	-8.82705	376.721	-3.1325	155.287	12.0634	-21.169	8.81985	1592.41	2311.26	128.636	-88.9587	0.000464373	525.523
33.8513	2.97098	185.096	-9.13479	591.578	-2.52959	87.5498	11.7527	-11.7093	8.86225	1593.01	2313.42	128.783	-88.8062	0.000159203	526.732
33.8520	5.4196	74.591	-10.9663	766.758	-1.61212	40.8636	12.0634	-9.5751	8.89874	1593.17	2315.49	129.694	-88.0432	-0.000298575	527.802
33.8527	7.54173	-207.386	-10.6585	877.842	-1.31067	5.74356	11.7527	-10.4403	8.93522	1592.84	2316.77	129.856	-87.5854	0.000311811	529.011
33.8533	8.16205	-283.986	-11.5742	845.479	-0.694655	-18.0474	9.62998	6.34494	8.97861	1592.84	2318.13	129.694	-87.4329	0.000311811	530.406
33.8540	9.0762	90.1622	-12.1822	688.037	0.524268	-37.8864	7.48136	35.5894	9.0151	1592.41	2319.33	129.856	-87.5854	-0.000145967	531.778
33.8547	7.54173	603.195	-10.3508	310.82	-0.996109	-47.661	6.57531	35.9355	9.05158	1592.41	2320.69	130.312	-87.738	6.59448e-006	533.289
33.8553	4.19529	784.462	-8.5193	-215.895	-3.44706	-18.3636	4.73733	5.71045	9.09399	1591.66	2321.01	130.149	-88.501	6.59448e-006	534.661
33.8560	2.97098	370.946	-7.30333	-467.99	-3.74852	59.4643	2.30395	-8.9406	9.13146	1589.82	2320.69	129.238	-89.5691	0.000311811	536.335
33.8567	2.36699	-253.157	-5.47187	-345.305	-2.52959	159.871	-0.750724	-6.1719	9.17386	1588.9	2321.17	129.401	-90.0269	0.000769543	537.73
33.8573	1.43652	-448.174	-4.55614	-219.596	-1.91358	259.356	-3.20999	4.78755	9.20443	1588.9	2321.49	130.312	-90.0269	0.000311811	538.776
33.8580	2.66083	-149.998	-4.85638	-297.414	-1.61212	365.243	-3.8054	28.8983	9.24092	1589.82	2322.37	131.679	-88.501	6.59448e-006	539.846
33.8587	4.19529	105.733	-5.77211	-378.888	-1.31067	460.776	-3.20999	39.5694	9.28924	1591.17	2323.72	133.208	-86.9751	0.000159203	541.078
33.8593	6.02359	-47.781	-8.82705	-308.698	-1.31067	440.621	-3.49475	26.7641	9.32671	1592.09	2323.72	133.827	-86.2122	6.59448e-006	541.683
33.8600	8.45588	-269.922	-11.5742	-207.048	0.222814	223.656	-3.8054	18.5157	9.35728	1592.41	2323.17	133.827	-85.4492	0.000159203	542.613
33.8607	7.54173	-199.098	-9.74278	-102.102	2.05775	-81.8326	-2.27806	23.9954	9.39968	1591.82	2322.21	132.297	-85.6018	0.000159203	543.822
33.8613	4.79928	-5.3369	-5.16412	18.4614	1.44174	-251.505	0.776611	30.1096	9.44209	1591.01	2321.49	130.149	-87.1277	6.59448e-006	545.356
33.8620	2.97098	38.928	0.330264	44.0998	0.222814	-292.711	2.89935	31.667	9.47857	1590.9	2321.49	129.856	-87.5854	-0.000298575	546.728
33.8627	1.74668	-78.2955	6.43264	-21.5308	0.524268	-371.145	2.30395	22.4957	9.51506	1589.98	2321.65	129.694	-86.9751	-0.000145967	548.1
33.8633	0.228537	-132.92	10.7035	-68.8353	1.44174	-444.072	2.30395	5.42204	9.55845	1589.23	2321.65	129.238	-87.1277	0.000311811	549.007
33.8640	-0.0816205	-32.5237	10.7035	-76.7345	1.74319	-412.325	2.30395	-4.03769	9.60085	1589.34	2321.17	129.694	-87.2803	6.59448e-006	550.379
33.8647	-0.0816205	45.3323	7.34837	-94.1577	2.96211	-294.845	1.06137	-13.8435	9.63734	1589.23	2320.53	130.312	-86.9751	-0.000145967	551.75
33.8653	-0.391778	-31.5819	3.07746	-102.373	3.87958	-130.969	0.776611	-29.7059	9.67383	1589.5	2320.37	131.077	-86.3647	0.000311811	552.983
33.8660	1.14269	-212.534	-1.5012	-94.4737	4.79705	47.5556	2.30395	-31.494	9.7113	1590.9	2320.69	133.208	-85.144	-0.000451137	553.89
33.8667	3.28114	-201.546	-2.41693	-79.1719	6.01597	140.954	5.04797	-20.2461	9.74778	1590.9	2319.17	134.738	-83.9233	-0.000908915	554.052
33.8673	4.79928	35.2235	3.3777	12.3678	7.2349	88.1558	6.26466	-18.1119	9.78427	1589.5	2315.97	134.429	-84.0759	-0.000298575	555.122
33.8680	4.19529	149.057	9.78782	137.49	6.63199	12.4619	4.42668	-22.6688	9.82667	1588.42	2313.58	133.062	-85.907	-0.000145967	557.703
33.8687	3.28114	40.1209	9.78782	143.584	5.71452	8.1938	1.68266	-23.8801	9.86316	1586.58	2310.46	131.532	-87.738	6.59448e-006	559.237
33.8693	4.19529	-224.15	7.64861	10.2012	7.54946	6.37588	-0.155322	-23.8801	9.89965	1584.8	2307.42	130.914	-88.8062	-0.000145967	559.842
33.8700	4.48913	-404.223	7.04062	-78.9011	9.06983	-71.7682	-1.06137	-19.9001	9.94304	1584.32	2306.07	130.003	-89.2639	6.59448e-006	561.516
33.8707	3.57498	-347.15	4.60117	8.39565	9.06983	-166.353	-1.68266	-7.0948	9.97952	1584.8	2304.87	129.856	-88.9587	6.59448e-006	563.353
33.8713	5.10944	-254.664	3.3777	109.098	9.37129	-149.28	-3.20999	-0.115363	10.0101	1585.07	2304.07	130.768	-88.0432	-0.000145967	564.585
33.8720	8.16205	-161.614	5.20916	134.737	8.15237	-58.9374	-2.89935	-12.9206	10.0584	1584.64	2303.19	130.914	-87.738	6.59448e-006	565.329
33.8727	7.85189	-7.7856	1.85398	204.926	4.19414	-4.92682	-0.155322	-24.5146	10.0949	1584.91	2301.03	130.621	-87.5854	0.000311811	566.864
33.8733	5.4196	69.7564	-10.3508	396.898	0.222814	25.2928	1.9933	-14.1319	10.1324	1585.56	2298.87	129.856	-87.8906	0.000159203	568.84
33.8740	2.97098	118.542	-25.3102	696.253	-2.52959	67.7108	1.37201	4.78755	10.1689	1585.07	2297.84	129.547	-88.0432	-0.000298575	569.607
33.8747	-0.0816205	73.3981	-21.6473	818.622	-4.35142	89.3677	-0.465967	10.6134	10.2053	1583.88	2295.84	129.401	-88.0432	-0.000451137	569.77
33.8753	-3.73822	-317.2	-2.41693	562.915	-4.04997	42.6815	-2.5887	2.94175	10.2418	1582.64	2292.48	128.018	-88.9587	-0.000298575	571.281
33.8760	-5.87667	-297.673	5.20916	282.744	-4.04997	-20.4977	-6.54942	-11.3632	10.2783	1581.56	2289.61	126.342	-90.1794	6.59448e-006	573.583
33.8767	-7.70497	489.928	1.85398	225.69	-5.88491	-44.6048	-10.2254	-19.9001	10.3148	1580.65	2287.45	125.577	-90.6372	0.000311811	574.49
33.8773	-9.54959	881.468	-1.5012	118.577	-7.40528	-75.4304	-12.9694	-6.1719	10.3582	1580.81	2285.77	126.488	-90.0269	0.000311811	575.257
33.8780	-10.1536	703.906	-4.24839	-219.867	-7.71984	-97.6933	-13.8755	12.4015	10.3888	1581.73	2284.73	128.473	-88.3484	0.000311811	576.025
33.8787	-9.23944	699.95	-7.30333	-552.533	-6.18636	-54.0633	-12.3481	17.3044	10.4252	1582.64	2283.77	129.694	-87.5854	6.59448e-006	576.792
33.8793	-7.70497	534.82	-9.13479	-536.329	-2.52959	36.2793	-8.69805	27.9754	10.4617	1583.24	2283.05	130.312	-87.1277	-0.000145967	577.699
33.8800	-5.58284	-285.493	-9.43503	-259.543	-0.996109	180	-3.20999	59.7002	10.4923	1583.24	2281.38	131.842	-85.907	-0.000145967	578.303
33.8807	-3.13423	-850.953	-8.21906	-45.9504	-1.31067	301.774	0.776611	95.1165	10.5347	1582.97	2278.02	132.134	-85.907	0.000159203	579.675
33.8813	-1.90992	-554.347	-7.30333	16.9267	-0.996109	306.042	2.5887	109.191	10.5653	1582.32	2274.02	131.532	-86.8225	6.59448e-006	581.21
33.8820	-2.82407	-425.885	-4.85638	-75.2449	-0.694655	261.49	4.42668	98.8081	10.6018	1581.56	2270.35	131.223	-86.9751	-0.000298575	582.117
33.8827	-4.65237	-739.569	4.29343	-250.109	-1.31067	216.622	5.64338	66.4489	10.6382	1580.65	2266.67	130.914	-87.738	-0.000756307	582.581
33.8833	-7.10098	-614.748	21.0768	-381.009	-0.996109	159.265	6.86007	18.2273	10.6688	1580.21	2263	130.458	-88.3484	-0.000756307	583.651
33.8840	-8.32529	-101.15	37.8677	-443.254	-0.0786402	119.271	6.86007	-26.6488	10.7053	1580.38	2259.56	130.621	-87.5854	-0.000298575	585.488
33.8847	-8.32529	176.871	43.3546	-467.99	0.825722	59.7805	7.48136	-48.6253	10.7428	1581.13	2257.08	131.386	-86.2122	6.59448e-006	587.464
33.8853	-6.18683	175.929	39.9994	-445.421	1.74319	-137.977	9.31934	-40.6653	10.7724	1581.56	2254.45	131.532	-85.4492	0.000159203	588.232
33.8860	-3.13423	221.701	39.3915	-375.232	2.05775	-397.992	10.536	-12.9206	10.8029	1581.56	2251.01	131.223	-85.144	0.000159203	588.069
33.8867	-0.391778	525.339	41.8309	-367.874	0.524268	-467.573	13.2801	13.036	10.8404	1582.16	2249.01	131.679	-84.5337	0.000159203	589.603
33.8873	1.14269	715.773	41.8309	-438.38	-0.694655	-296.663	16.3347	17.3044	10.8769	1581.56	2246.22	131.386	-84.8389	-0.000145967	591.44
33.8880	2.97098	424.064	44.5781	-444.789	-1.91358	-63.5217	16.0241	5.07595	10.9006	1579.57	2241.98	129.401	-86.5173	-0.000451137	592.649
33.8887	5.10944	-92.6109	45.1861	-332.17	-3.44706	59.1745	10.536	-14.7664	10.938	1577.89	2237.99	128.018	-87.738	-0.000298575	594.021
33.8893	3.88513	-325.488	17.7217	-162.497	-4.04997	39.6253	-1.37201	-36.6853	10.9617	1576.54	2234.95	127.416	-88.3484	-0.000145967	595.253
33.8900	-0.0816205	-111.259	-29.5811	6.27417	-4.96744	38.4134	-12.3481	-36.6853	10.9923	1575.95	2232.07	127.107	-88.8062	-0.000145967	596.765
33.8907	-2.53023	88.9693	-47.588	182.041	-5.88491	101.276	-15.7134	-7.7293	11.0288	1576.06	2230.4	127.871	-88.501	-0.000451137	597.834
33.8913	-4.65237	71.2633	-31.7128	349.864	-5.88491	118.059	-16.6195	23.4186	11.0593	1576.54	2228.56	128.929	-87.738	-0.000298575	598.602
33.8920	-7.70497	70.0076	-13.098	391.075	-5.26889	122.327	-20.2954	30.1096	11.084	1575.95	2225.76	128.327	-87.8906	0.000159203	599.067
33.8927	-9.54959	33.0888	0.022518	220.499	-4.35142	126.306	-23.3501	12.1131	11.1205	1575.3	2223.2	128.181	-88.501	-0.000145967	600.136
33.8933	-9.84343	-88.3414	10.7035	-63.6445	-4.04997	37.4912	-23.3501	-11.0748	11.1451	1575.63	2220.89	129.401	-88.501	-0.000298575	601.345
33.8940	-8.01513	-0.753445	7.95635	-251.328	-3.44706	-75.1142	-22.4182	-27.2256	11.1757	1575.14	2218.65	130.458	-87.738	6.59448e-006	602.415
33.8947	-5.27268	176.871	-8.21906	-225.96	-2.21503	-72.9801	-21.5121	-32.763	11.2122	1574.87	2216.33	131.077	-87.5854	0.000311811	604.089
33.8953	-4.04838	27.9402	-22.563	-83.776	-0.996109	-18.3636	-20.6061	-22.9572	11.2368	1574.22	2212.98	130.458	-88.6536	6.59448e-006	605.763
33.8960	-5.27268	-157.596	-25.6105	4.10755	-0.393201	-35.1464	-19.0788	-8.30611	11.2674	1572.28	2208.74	128.929	-90.0269	-0.000603745	605.926
33.8967	-7.41114	-67.6217	-16.1529	26.4057	-0.694655	-142.245	-16.0241	-0.980582	11.292	1570.44	2205.39	128.473	-90.332	0.000159203	606.693
33.8973	-8.32529	29.1332	-4.55614	73.7102	-0.694655	-238.99	-14.4967	2.01885	11.3285	1570.71	2203.95	128.473	-90.332	0.000616981	608.669
33.8980	-7.70497	-16.9525	0.330264	134.737	-0.0786402	-210.931	-14.8074	1.73044	11.3591	1572.55	2204.59	129.694	-89.1113	6.59448e-006	609.274
33.8987	-6.49699	-81.6232	0.630503	152.747	0.222814	-145.012	-12.0375	-0.403769	11.3828	1574.12	2205.39	131.532	-86.6699	0.000311811	609.599
33.8993	-6.18683	-15.3828	-1.5012	123.452	0.524268	-159.95	-9.60409	-3.74928	11.4133	1574.39	2204.75	131.532	-86.2122	0.000769543	610.971
33.9000	-4.65237	109.689	-5.16412	72.7623	2.05775	-164.218	-7.48136	-9.22901	11.4439	1574.87	2204.27	131.077	-86.3647	-0.000298575	611.715
33.9007	-2.22008	167.39	-7.30333	5.32628	4.4956	-125.779	4.42668	-10.1519	11.4686	1574.12	2203.23	130.914	-85.907	-0.000603745	612.18
33.9013	-2.53023	208.579	-7.60357	-78.2692	6.31743	-115.398	20.9167	-7.0948	11.4991	1572.55	2200.91	129.547	-86.6699	0.000464373	613.854
33.9020	-6.49699	101.464	-6.99559	-75.5158	6.01597	-91.897	29.1488	-8.6522	11.5297	1572.12	2199.71	128.473	-87.5854	0.000311811	615.691
33.9027	-9.54959	-121.305	-6.07985	91.4043	5.71452	-60.7816	32.5141	-15.3432	11.5544	1572.12	2199.39	128.636	-87.1277	6.59448e-006	616.458
33.9033	-9.84343	-179.885	-5.77211	257.106	7.2349	-58.9374	33.7308	-23.3032	11.578	1571.79	2198.75	128.636	-86.8225	0.000159203	617.668
33.9040	-9.23944	-203.43	-6.3876	282.744	8.76838	17.9684	32.7989	-20.823	11.6027	1571.63	2198.19	128.783	-87.2803	-0.000145967	619.039
33.9047	-7.41114	-254.35	-7.30333	328.198	8.45382	150.703	28.2428	-4.03769	11.6392	1571.79	2197.87	129.856	-86.8225	-0.000145967	619.807
33.9053	-5.87667	-238.214	-7.91132	450.883	8.15237	192.225	15.7134	9.05597	11.6697	1572.12	2198.51	130.914	-85.7544	0.000311811	620.272
33.9060	-6.49699	-222.643	-6.99559	480.177	7.54946	174.52	5.04797	16.3815	11.6944	1572.87	2199.87	132.134	-84.9915	6.59448e-006	621.178
33.9067	-7.70497	-213.162	-6.68784	483.879	6.31743	200.155	1.68266	33.8012	11.719	1573.63	2200.19	133.355	-84.8389	-0.000298575	622.248
33.9073	-8.92928	-378.857	-6.68784	516.513	6.31743	278.589	-13.2801	42.9149	11.7496	1572.55	2198.19	133.208	-85.144	-0.000145967	623.178
33.9080	-10.1536	-406.044	-5.77211	324.858	6.31743	351.517	-38.0022	24.3415	11.7743	1569.85	2195	132.134	-86.2122	-0.000298575	623.62
33.9087	-10.1536	174.988	-3.94815	8.07969	7.2349	354.257	-54.777	-3.11479	11.8048	1567.69	2191.96	130.149	-88.0432	6.59448e-006	624.852
33.9093	-7.41114	665.731	-4.24839	-91.0883	8.15237	319.769	-58.7377	-20.5345	11.8285	1566.77	2190.12	128.783	-89.1113	6.59448e-006	626.689
33.9100	-4.35853	437.186	-5.77211	-35.2527	6.31743	306.648	-50.8163	-27.2256	11.8591	1566.77	2189.8	128.783	-88.9587	-0.000145967	628.363
33.9107	-3.13423	-39.4931	-6.3876	96.9111	3.87958	298.718	-33.7049	-19.6116	11.8837	1567.1	2190.28	128.473	-89.1113	-0.000451137	629.572
33.9113	-3.13423	-185.975	-6.99559	267.803	3.57813	321.929	-12.6588	2.65334	11.9084	1567.21	2190.84	127.871	-89.1113	-0.000908915	629.735
33.9120	-4.04838	44.0765	-7.30333	328.514	5.41307	273.399	5.64338	24.6299	11.9389	1566.94	2191.16	128.181	-88.0432	-0.000298575	630.037
33.9127	-3.44438	251.902	-5.77211	253.449	7.2349	-1.87061	18.4575	40.4923	11.9626	1566.77	2191.8	128.327	-87.738	0.000464373	631.409
33.9133	-2.82407	8.41347	-4.24839	68.2034	5.41307	-246.631	28.2428	47.5294	11.9873	1566.94	2193	128.018	-87.8906	0.000311811	632.781
33.9140	-4.04838	-182.334	-4.55614	-210.117	1.14028	-215.805	31.5822	42.0497	12.0178	1566.77	2193.88	128.327	-87.4329	6.59448e-006	633.688
33.9147	-4.35853	137.19	-5.16412	-511.322	-1.31067	-151.098	26.0941	42.9149	12.0425	1565.69	2193.88	127.871	-87.8906	6.59448e-006	634.618
33.9153	-4.96252	370.004	-5.47187	-665.423	-3.44706	-200.55	16.0241	44.4723	12.0671	1564.18	2193.32	126.196	-89.7217	0.000159203	635.687
33.9160	-5.87667	217.432	-6.07985	-541.52	-6.80238	-163.007	6.57531	24.9183	12.0977	1563.1	2193.16	126.342	-91.095	-0.000603745	636.594
33.9167	-6.18683	-33.7167	-6.3876	-231.467	-8.0213	-96.7711	-0.750724	6.92176	12.1283	1562.67	2193.88	127.871	-90.4846	-0.000298575	638.431
33.9173	-6.18683	-75.8468	-7.30333	35.5687	-7.40528	-87.6288	-5.95402	5.07595	12.146	1563.27	2196.04	128.783	-89.5691	0.000311811	639.803
33.9180	-5.87667	55.6921	-5.77211	193.01	-8.62421	-32.38	-8.3874	8.47915	12.1766	1564.02	2197.39	129.694	-89.1113	-0.000145967	639.035
33.9187	-4.96252	121.932	-0.893213	230.881	-11.0752	-73.5861	-9.29345	7.84466	12.2072	1564.35	2199.23	131.532	-87.738	0.000159203	638.896
33.9193	-3.44438	178.692	1.54623	53.8496	-11.9926	-185.902	-9.91474	2.65334	12.2377	1564.94	2201.87	133.355	-86.0596	0.000464373	639.5
33.9200	-2.82407	259.876	2.46197	-177.437	-10.1577	-190.776	-8.07676	-11.3632	12.2624	1564.78	2203.39	134.119	-85.907	0.000159203	640.105
33.9207	-3.13423	278.147	4.29343	-296.782	-7.71984	-166.353	-5.64338	-31.494	12.293	1563.86	2203.79	133.517	-86.8225	0.000464373	641.64
33.9213	-3.44438	207.072	4.29343	-421.904	-7.10383	-126.701	-3.8054	-44.0108	12.3166	1563.7	2204.59	132.899	-87.738	-0.000145967	643.011
33.9220	-5.87667	97.1944	3.68544	-485.368	-6.48781	-82.4386	-4.42668	-46.7795	12.3541	1563.43	2205.54	133.355	-87.1277	-0.000298575	643.779
33.9227	-9.54959	61.4685	2.16173	-340.746	-5.88491	-94.0311	-2.5887	-44.0108	12.3906	1562.35	2206.1	133.355	-86.6699	0.000311811	644.383
33.9233	-10.1536	63.0382	-4.55614	-103.592	-4.04997	-90.3689	6.26466	-38.8195	12.4142	1561.75	2206.9	132.606	-87.4329	0.000311811	645.755
33.9240	-10.1536	-46.8392	-10.9663	62.1098	-2.21503	-68.712	15.4287	-30.2827	12.4448	1562.51	2209.3	132.753	-87.4329	6.59448e-006	647.894
33.9247	-13.2062	-209.834	-8.82705	109.098	-0.694655	-68.106	19.7	-18.4003	12.4754	1563.7	2212.34	133.517	-86.2122	0.000159203	649.103
33.9253	-15.3446	-268.415	-5.77211	127.108	1.14028	-69.0018	23.6608	-8.6522	12.506	1563.43	2214.17	133.355	-84.8389	-0.000145967	648.336
33.9260	-15.0345	-277.833	-4.24839	250.38	3.27667	-59.8595	27.3108	3.86465	12.5424	1563.27	2216.81	133.517	-84.2285	-0.000145967	648.801
33.9267	-13.2062	-300.75	0.022518	387.419	3.87958	-38.4924	27.0002	22.4957	12.5671	1563.86	2219.53	133.062	-84.6863	6.59448e-006	650.335
33.9273	-11.3779	-269.043	3.99319	430.435	3.57813	-33.6183	26.0941	25.2644	12.5918	1563.86	2222.01	131.679	-85.907	-0.000451137	651.544
33.9280	-8.01513	-195.77	1.85398	609.588	4.19414	-58.9374	29.1488	4.49914	12.6282	1562.19	2224.08	130.312	-87.5854	-0.000908915	652.614
33.9287	0.522371	-131.351	-6.68784	909.574	4.4956	-89.157	21.2015	-14.1319	12.6647	1559.92	2225.36	129.092	-88.501	-0.000298575	653.986
33.9293	12.1288	-110.317	-15.5449	931.873	3.57813	-82.4386	-3.8054	-7.44089	12.7012	1558.68	2227.2	128.929	-88.6536	0.000159203	654.916
33.9300	17.3199	-124.381	-20.1161	681.899	2.05775	-2.18677	-27.3108	15.1702	12.7259	1558.35	2230.4	129.092	-88.9587	-0.000145967	655.823
33.9307	12.7328	-12.3691	-17.9844	271.775	1.74319	69.2389	-38.5976	17.9389	12.7564	1558.25	2233.11	129.092	-89.2639	6.59448e-006	657.055
33.9313	6.02359	123.125	-15.8452	-299.535	3.27667	72.2951	-35.5429	6.63335	12.7929	1558.35	2235.99	130.003	-88.1958	0.000159203	657.66
33.9320	4.19529	55.3782	-23.171	-646.827	4.4956	80.2254	-26.6895	25.5528	12.8294	1558.08	2238.79	130.768	-88.0432	-0.000298575	657.66
33.9327	3.57498	-25.8055	-32.9363	-668.177	1.14028	85.0996	-24.2562	71.0057	12.86	1557.76	2240.3	130.458	-88.8062	-0.000298575	658.427
33.9333	5.10944	29.7611	-43.9251	-655.042	-4.96744	66.4725	-25.4729	94.5397	12.8905	1557.76	2242.14	130.458	-88.501	-0.000145967	659.334
33.9340	9.38635	-103.599	-54.9063	-559.846	-9.85624	92.7401	-25.4729	78.0428	12.927	1557.76	2245.18	131.223	-87.5854	6.59448e-006	659.799
33.9347	-4.35853	-508.889	-41.4781	-346.208	-12.5955	226.396	-25.7835	56.9891	12.9576	1557.17	2247.02	131.223	-88.0432	6.59448e-006	660.705
33.9353	-53.4941	-597.356	-10.0505	-173.194	-15.9509	411.64	-26.6895	48.7407	12.9882	1555.66	2248.05	129.694	-89.7217	-0.000145967	661.938
33.9360	-117.272	-403.595	3.68544	-152.431	-18.4018	469.022	-25.1622	44.1839	13.0247	1553.66	2249.57	128.327	-90.332	-0.000298575	662.845
33.9367	-165.184	-53.8713	3.99319	-284.865	-18.0872	327.726	-20.8908	50.5865	13.0552	1552.9	2251.41	127.871	-90.1794	0.000464373	663.612
33.9373	-193.571	444.156	20.7766	-401.773	-21.1411	141.244	-13.2801	45.972	13.0917	1553.66	2254.61	127.709	-90.0269	0.000769543	664.519
33.9380	-207.3	330.637	39.0837	-381.912	-29.6867	40.8636	-5.64338	4.49914	13.1223	1555.17	2259.56	128.636	-88.6536	-0.000145967	664.821
33.9387	-206.99	-216.804	35.1205	-249.793	-33.3434	38.0972	0.155322	-41.8766	13.1529	1556.25	2263.64	129.547	-86.9751	-0.000145967	665.123
33.9393	-198.142	-391.415	29.6262	-65.134	-32.4391	62.2044	8.10264	-60.2193	13.1834	1556.68	2267.15	130.149	-86.2122	0.000464373	665.891
33.9400	-186.242	-214.983	33.5893	81.3386	-25.7153	-35.7524	14.1861	-48.9137	13.214	1556.68	2270.51	130.149	-86.2122	0.000616981	666.821
33.9407	-175.255	72.1423	33.2891	77.6824	6.01597	-219.151	13.9013	-33.6859	13.2505	1556.57	2273.06	129.856	-86.6699	0.000159203	668.03
33.9413	-135.882	408.179	36.3365	-88.3349	34.0905	-322.298	12.374	-31.494	13.2751	1555.93	2276.02	130.003	-86.8225	6.59448e-006	668.797
33.9420	-39.7492	568.662	46.1018	-231.467	24.0246	-331.757	12.0634	-30.9172	13.3057	1554.85	2278.42	129.547	-87.1277	-0.000145967	669.099
33.9427	45.3973	525.967	51.296	-198.201	13.0412	-250.583	11.7527	-29.0714	13.3481	1554.25	2281.22	130.003	-87.1277	-0.000145967	669.866
33.9433	136.339	439.635	53.1199	-71.5436	17.9169	-94.0311	10.8467	-29.3598	13.3728	1554.09	2283.93	131.077	-86.9751	0.000159203	670.773
33.9440	238.87	237.586	54.6511	60.5751	17.3139	-1.26464	10.536	-29.7059	13.4092	1553.66	2285.93	131.077	-87.5854	6.59448e-006	672.006
33.9447	206.222	81.6232	49.7647	171.976	11.5077	-30.5621	10.536	-24.2261	13.4398	1554.25	2288.49	131.988	-87.738	-0.000145967	672.912
33.9453	110.4	94.1178	39.9994	261.981	8.45382	-87.6288	9.62998	-15.0548	13.4704	1554.09	2291.28	133.208	-86.3647	0.000311811	672.308
33.9460	84.4445	150.877	38.7835	336.458	7.85091	-107.468	7.17071	-10.7864	13.501	1554.09	2294.32	134.738	-84.8389	0.000159203	671.843
33.9467	80.7879	261.069	42.1386	281.841	7.85091	-116.32	4.11604	-8.30611	13.5315	1555.49	2297.68	135.795	-84.6863	-0.000451137	673.517
33.9473	72.8544	266.594	32.3734	131.983	6.93344	-141.639	1.06137	2.94175	13.5562	1554.85	2298.71	133.973	-86.0596	-0.000298575	675.656
33.9480	72.5443	122.246	7.34837	29.7459	6.01597	-166.063	-0.465967	16.6699	13.5808	1552.42	2299.35	131.077	-87.8906	-0.000298575	676.423
33.9487	76.8212	77.6676	-18.9001	-46.8532	6.31743	-177.655	1.9933	17.5928	13.6114	1550.91	2301.35	129.694	-88.9587	-0.000908915	676.726
33.9493	78.0455	-38.928	-26.5262	30.9646	6.63199	-122.723	5.64338	0.807538	13.6479	1549.83	2303.35	128.783	-89.1113	-0.000908915	677.191
33.9500	73.7686	-448.174	-12.1822	324.542	6.63199	40.8636	8.3874	-20.2461	13.6716	1549.83	2305.91	128.327	-88.9587	-0.000145967	678.562
33.9507	68.5775	-712.759	-3.64041	542.152	6.93344	153.759	12.0634	-22.9572	13.6962	1550.42	2309.74	128.783	-88.1958	0.000311811	679.469
33.9513	63.4028	-602.254	-8.82705	536.329	7.54946	112.579	14.4967	-12.5745	13.7268	1549.83	2313.26	128.783	-88.1958	0.000159203	679.167
33.9520	55.4529	-525.339	-7.91132	385.568	7.85091	55.5123	13.5907	-8.6522	13.7573	1549.56	2316.29	128.929	-88.501	-0.000756307	679.469
33.9527	49.3641	-525.026	0.022518	254.984	7.54946	50.0059	11.1314	-12.2861	13.7879	1549.23	2318.61	129.092	-88.1958	-0.000603745	680.074
33.9533	46.6053	-253.471	3.07746	285.813	6.01597	46.6599	7.17071	-18.4003	13.8126	1548.91	2320.53	128.636	-88.1958	0.000159203	681.004
33.9540	42.9487	246.439	5.82465	422.807	4.19414	28.6388	3.52064	-16.2661	13.8431	1549.07	2323.17	128.783	-88.0432	0.000311811	681.911
33.9547	38.6718	627.871	6.43264	440.501	3.87958	3.00351	3.52064	-7.0948	13.8737	1548.64	2324.52	128.636	-88.3484	6.59448e-006	682.213
33.9553	37.7576	701.143	-9.43503	250.38	5.09851	-3.39871	5.95402	-9.5751	13.8974	1546.8	2325	127.871	-89.4165	6.59448e-006	683.445
33.9560	37.4475	505.813	-33.244	13.9025	7.54946	36.5691	10.536	-27.2256	13.922	1545.13	2325.4	126.96	-90.6372	0.000464373	684.956
33.9567	34.101	227.478	-42.3939	-149.677	9.06983	93.0299	19.7	-37.6082	13.9526	1545.13	2326.68	126.96	-91.4001	6.59448e-006	685.724
33.9573	31.9626	2.26033	-34.7678	-260.762	9.37129	78.0914	28.2428	-21.7459	13.9772	1545.4	2328.76	128.783	-90.1794	-0.000298575	685.119
33.9580	30.1343	-264.459	-9.43503	-436.845	9.68585	-52.825	30.9868	-6.51799	14.0019	1546.16	2330.76	130.458	-87.8906	0.000616981	685.724
33.9587	26.4614	-479.003	18.0294	-609.588	9.37129	-168.197	30.3655	-25.0914	14.0256	1547.99	2332.43	131.679	-87.2803	0.000464373	686.793
33.9593	24.6331	-123.439	34.8128	-537.864	9.37129	-94.0311	28.8382	-45.8566	14.0502	1548.75	2334.11	133.355	-86.8225	-0.000756307	686.491
33.9600	21.8906	420.987	45.1861	-291.591	10.2888	84.1774	20.9167	-25.4375	14.0808	1547.99	2334.11	133.827	-85.907	-0.000451137	686.352
33.9607	16.6995	377.664	28.7104	-85.3107	11.8222	196.177	8.10264	12.4015	14.1054	1547.4	2332.27	132.134	-86.5173	0.000311811	688.026
33.9613	11.8186	283.986	-2.11669	142.681	11.2062	243.785	5.33273	41.4152	14.1301	1546.91	2331.56	131.223	-87.2803	-0.000451137	688.932
33.9620	4.48913	463.117	-8.5193	468.306	7.85091	180.922	18.4575	64.3147	14.1538	1546.05	2331.4	131.386	-86.8225	-0.000451137	688.932
33.9627	-4.04838	315.379	-3.64041	529.333	4.4956	33.5392	26.4048	68.2947	14.1784	1545.24	2330.44	130.312	-86.9751	0.000464373	689.839
33.9633	-5.58284	-108.182	-12.7977	101.154	4.4956	14.596	16.9301	52.3746	14.2031	1545.4	2330.44	129.401	-87.5854	6.59448e-006	690.769
33.9640	-1.59976	-382.562	-26.2259	-371.259	4.4956	134.236	7.792	38.9926	14.2277	1545.56	2331.24	129.547	-87.4329	-0.000298575	691.234
33.9647	-0.99577	-419.794	-38.7309	-639.198	2.05775	187.324	2.89935	24.3415	14.2514	1545.24	2332.03	130.003	-86.5173	-0.000145967	691.676
33.9653	-0.391778	-265.338	-46.9725	-697.787	0.524268	133.024	-7.17071	2.01885	14.276	1546.16	2333.55	130.768	-85.907	-0.000298575	692.141
33.9660	6.62758	-74.905	-13.098	-496.066	2.05775	32.9069	-16.0241	-10.1519	14.3007	1547.56	2335.63	132.134	-85.144	-0.000603745	692.281
33.9667	10.9045	57.199	33.8971	-259.543	2.96211	-82.4386	-19.9848	-6.51799	14.3194	1546.8	2335.39	132.606	-84.2285	-0.000451137	692.281
33.9673	6.93774	2.00919	36.3365	-158.524	1.74319	-120.588	-23.3501	-3.46088	14.349	1544.97	2332.91	130.768	-85.6018	6.59448e-006	693.513
33.9680	-0.99577	-295.853	23.216	-189.038	-0.0786402	-119.666	-33.1095	-7.7293	14.3796	1543.56	2331.72	129.238	-87.8906	-0.000603745	695.047
33.9687	-7.70497	-485.972	29.9264	-202.489	-0.996109	-178.867	-42.5583	-7.7293	14.4042	1542.05	2330.92	129.401	-88.6536	-0.000908915	694.885
33.9693	-10.1536	-377.978	45.1861	-58.7244	0.524268	-203.896	-44.7069	1.15363	14.423	1540.22	2328.76	128.929	-88.6536	-0.000145967	694.722
33.9700	-8.01513	-247.318	53.7354	114.921	2.66066	-80.3045	-47.7616	25.8412	14.4407	1539.46	2327.4	128.473	-89.1113	0.000311811	695.954
33.9707	-4.35853	-225.343	57.6986	204.023	3.87958	75.0352	-49.2889	63.3918	14.4713	1539.89	2327.24	129.547	-88.8062	0.000311811	696.722
33.9713	-4.65237	-290.704	57.0906	189.986	4.4956	102.488	-46.5449	81.0999	14.4959	1540.06	2326.52	130.914	-87.738	0.000311811	696.257
33.9720	-7.41114	-184.468	28.7104	63.0126	1.44174	88.7617	-40.7462	65.2376	14.5206	1540.22	2325.32	131.077	-87.8906	0.000464373	697.024
33.9727	-8.32529	238.465	-25.6105	-103.908	-3.74852	99.7483	-28.5275	27.3986	14.5512	1540.7	2324.04	130.914	-88.1958	0.000311811	698.233
33.9733	-4.96252	370.946	-68.6423	-144.487	-6.18636	89.9737	-16.9301	-14.7664	14.5758	1540.06	2323.49	131.077	-87.8906	-0.000298575	698.233
33.9740	-0.391778	146.357	-86.6492	25.7738	-5.88491	80.8314	-12.6588	-33.9743	14.5877	1540.06	2322.53	130.458	-88.3484	-0.000451137	698.861
33.9747	-0.391778	105.419	-81.4625	175.316	-5.58345	60.3864	-9.91474	-33.6859	14.6182	1540.38	2321.17	129.238	-88.8062	6.59448e-006	700.372
33.9753	-3.44438	288.569	-58.5693	102.689	-5.88491	9.40574	-9.00869	-44.0108	14.6488	1538.22	2319.65	127.709	-89.1113	0.000311811	700.674
33.9760	-7.10098	383.755	-37.8227	6.86097	-7.40528	-114.792	-10.8208	-57.4506	14.6665	1535.63	2317.01	125.74	-90.9424	-0.000145967	700.535
33.9767	-10.7576	168.583	-29.8814	77.0504	-9.24022	-235.038	-10.536	-55.028	14.6853	1535.63	2315.81	125.431	-91.7053	-0.000603745	701.302
33.9773	-12.896	134.741	-27.7497	146.653	-10.1577	-159.344	-6.86007	-51.6824	14.7159	1536.55	2316.29	126.798	-90.1794	0.000159203	701.604
33.9780	-12.5859	397.505	-26.5262	84.092	-8.62421	-13.1733	0.465967	-48.9137	14.7336	1537.79	2316.61	128.018	-88.3484	0.000769543	701.907
33.9787	-11.6717	409.686	-25.9182	33.1312	-6.18636	43.6036	9.91474	-29.3598	14.7523	1539.46	2317.33	130.149	-87.1277	0.000159203	702.372
33.9793	-11.9819	359.33	-23.171	-22.7495	-4.35142	78.9872	12.9694	1.44203	14.777	1539.62	2316.93	131.679	-85.6018	0.000159203	702.046
33.9800	-12.292	304.078	-17.9844	-64.5472	-1.61212	77.7752	6.26466	27.3986	14.8016	1539.3	2314.62	131.077	-85.4492	0.000769543	702.674
33.9807	-14.1203	-189.052	-12.49	95.9632	-0.996109	12.7781	1.9933	43.261	14.8253	1538.71	2311.98	130.149	-86.3647	0.000922151	704.046
33.9813	-17.4831	-579.085	-9.13479	283.376	-1.91358	-26.5837	6.26466	45.0491	14.8559	1537.63	2309.9	129.547	-87.2803	0.000616981	704.487
33.9820	-19.6052	-259.562	-7.30333	315.695	-1.61212	3.92565	11.7527	24.9183	14.8746	1537.3	2308.46	129.547	-87.738	6.59448e-006	704.813
33.9827	-19.0012	146.043	-6.68784	211.652	-0.694655	58.5422	14.8074	0.230725	14.8924	1537.2	2307.1	130.312	-87.4329	-0.000298575	705.115
33.9833	-17.1729	186.917	-5.16412	-94.7445	0.222814	56.7243	13.5907	-5.59509	14.917	1536.71	2305.03	131.077	-87.1277	6.59448e-006	705.557
33.9840	-13.2062	86.5206	-4.55614	-416.397	-0.694655	-20.7875	8.3874	-8.0177	14.9417	1536.28	2302.23	130.914	-87.1277	6.59448e-006	706.022
33.9847	-8.32529	62.4103	-4.55614	-525.36	-3.44706	-87.0229	5.64338	-21.4574	14.9663	1536.28	2299.51	131.386	-86.8225	-0.000298575	706.185
33.9853	-4.96252	202.174	-2.72468	-403.894	-3.44706	-108.996	6.57531	-21.169	14.99	1537.47	2297.84	133.355	-85.2966	-0.000451137	706.185
33.9860	-3.13423	314.186	-0.585468	-115.824	-0.694655	-81.5164	7.17071	3.57624	15.0206	1538.38	2295.68	134.575	-84.2285	-0.000145967	706.487
33.9867	-4.65237	281.223	2.46197	98.4007	-0.0786402	13.0679	7.792	13.3244	15.0452	1538.38	2292.48	134.119	-84.3811	-0.000145967	706.789
33.9873	-9.23944	248.574	3.68544	127.108	-3.1325	39.9415	9.00869	-5.59509	15.0699	1536.71	2287.93	132.753	-85.4492	-0.000603745	707.092
33.9880	-13.5163	297.987	0.938249	75.8317	-4.96744	17.6522	10.2254	-25.7259	15.0945	1534.87	2282.41	130.149	-87.1277	-0.000451137	708.463
33.9887	-14.4305	130.158	-6.99559	81.6545	-4.66598	74.719	12.374	-39.454	15.1123	1533.36	2278.42	128.473	-88.6536	-0.000298575	709.37
33.9893	-14.1203	-498.215	-18.9001	285.181	-3.74852	99.4321	11.1314	-44.6453	15.1428	1531.85	2275.54	127.709	-89.4165	-0.000603745	709.37
33.9900	-14.4305	-973.953	-24.6947	586.387	-4.96744	83.5715	7.792	-44.3569	15.1675	1531.69	2272.35	127.253	-89.2639	-0.000298575	709.835
33.9907	-12.896	-977.909	-18.9001	658.111	-5.58345	66.7887	7.792	-50.1251	15.1921	1532.28	2270.03	127.709	-88.501	6.59448e-006	710.3
33.9913	-10.1536	-641.935	-12.7977	359.659	-3.1325	-26.8999	10.2254	-65.4106	15.2227	1532.45	2268.19	128.473	-87.8906	-0.000298575	710.44
33.9920	-7.70497	70.0076	-12.49	-62.4258	-0.694655	-116.61	12.0634	-80.6385	15.2405	1532.45	2265.95	129.238	-87.5854	-0.000145967	710.602
33.9927	-6.18683	441.77	-12.7977	-297.098	2.66066	-94.9532	11.7527	-73.0245	15.2651	1532.28	2262.92	129.547	-87.5854	6.59448e-006	710.905
33.9933	-5.58284	81.3093	-9.13479	-213.457	7.2349	-58.3314	12.374	-41.0114	15.2957	1531.96	2259.8	130.003	-87.4329	0.000159203	711.509
33.9940	-5.58284	-141.773	-1.5012	35.5687	9.68585	-85.7846	11.7527	-8.6522	15.3203	1532.12	2256.6	130.621	-87.4329	0.000159203	711.812
33.9947	-4.65237	84.0719	2.16173	130.765	9.37129	-104.095	4.42668	13.3244	15.3509	1531.37	2252.37	130.149	-88.3484	-0.000451137	711.672
33.9953	-3.73822	-31.8958	-5.47187	151.844	8.76838	-147.146	-6.23878	31.667	15.3815	1529.26	2247.18	128.636	-89.7217	-0.000298575	712.137
33.9960	-2.22008	-505.248	-22.563	271.46	8.45382	-214.593	-13.2801	48.7407	15.4051	1527.7	2242.3	128.018	-90.6372	0.000159203	712.742
33.9967	0.228537	-607.151	-43.0093	357.492	7.54946	-121.8	-16.6195	60.3346	15.4416	1527.53	2238.95	128.018	-91.2476	6.59448e-006	713.207
33.9973	2.05684	-318.142	-47.588	349.277	5.41307	55.1962	-17.8362	67.3718	15.4663	1528.18	2236.15	128.783	-90.6372	6.59448e-006	713.509
33.9980	-0.99577	60.2756	-13.7135	225.374	1.14028	100.354	-19.0788	74.6973	15.4969	1529.53	2234.23	130.149	-88.9587	-0.000451137	712.881
33.9987	-11.0677	238.465	40.9152	-75.5158	-4.04997	62.2044	-24.5668	85.3683	15.5274	1530.18	2232.07	131.077	-87.738	-0.000145967	713.207
33.9993	-18.6911	-143.594	76.9289	-489.34	-8.0213	37.4912	-34.9475	89.6367	15.5639	1530.61	2229.12	131.679	-86.8225	0.000769543	714.113
34.0000	-16.8628	-385.261	89.1337	-796.053	-9.85624	9.11593	-39.5036	61.2575	15.5945	1530.77	2227.2	132.444	-86.2122	0.000159203	713.648
34.0007	-11.3779	87.4624	108.056	-791.494	-9.85624	-11.6452	-27.9062	7.55625	15.6251	1529.69	2223.84	131.532	-86.8225	-0.000298575	713.509
34.0013	-12.896	278.775	125.147	-518.951	-7.40528	-47.0287	-9.29345	-34.2627	15.6556	1528.77	2219.53	130.458	-87.4329	6.59448e-006	714.113
34.0020	-18.3973	-21.8499	95.5438	-238.78	-3.74852	-174.915	5.64338	-47.7024	15.6862	1528.45	2216.97	130.768	-86.6699	0.000159203	714.718
34.0027	-19.0012	-170.153	41.5232	-176.218	-1.31067	-328.411	16.9301	-35.474	15.7227	1527.86	2214.49	130.621	-86.6699	0.000159203	714.718
34.0033	-14.7243	12.0551	-9.74278	-192.107	-3.44706	-351.596	20.2954	-24.5146	15.7592	1527.53	2210.82	130.003	-87.5854	6.59448e-006	714.416
34.0040	-14.7243	357.196	-56.7378	-102.373	-6.48781	-221.601	15.4287	-26.6488	15.7957	1527.26	2207.46	129.238	-88.1958	-0.000603745	715.02
34.0047	-14.7243	405.416	-87.2572	-36.7874	-5.88491	-69.9239	8.3874	-22.9572	15.8203	1527.7	2205.39	129.694	-87.5854	-0.000756307	715.485
34.0053	-4.96252	191.814	-100.378	-9.29841	-2.52959	27.7166	7.48136	-19.0348	15.8509	1528.77	2203.95	131.842	-85.7544	-0.000603745	714.718
34.0060	-0.99577	150.877	-76.8839	67.3007	0.222814	112.869	15.4287	-19.0348	15.8874	1529.1	2202.75	132.899	-84.5337	-0.000603745	714.416
34.0067	-11.0677	238.779	-26.5262	97.8139	1.14028	176.048	20.6061	-8.30611	15.9307	1528.45	2200.19	133.062	-84.3811	0.000159203	714.881
34.0073	-0.99577	215.925	-2.72468	84.092	1.44174	164.745	17.8621	5.99886	15.9613	1527.26	2196.04	132.134	-85.2966	0.000616981	716.09
34.0080	28.5998	192.694	-16.7609	118.261	1.14028	93.3461	14.1861	12.4015	15.9978	1525.86	2191.64	130.621	-87.5854	0.000159203	716.857
34.0087	17.6137	171.66	-32.9363	208.898	0.825722	20.3923	9.91474	20.996	16.0343	1524.67	2187.49	129.401	-89.1113	6.59448e-006	717.159
34.0093	-20.5357	-56.9479	-35.0755	329.417	0.222814	-22.6317	6.57531	23.4186	16.0708	1523.27	2183.41	128.783	-90.0269	-0.000145967	717.624
34.0100	-26.0206	-194.828	-28.0499	382.544	-0.0786402	-22.6317	6.26466	13.036	16.1132	1522.68	2180.21	129.401	-89.7217	-0.000908915	717.159
34.0107	-16.2588	-3.51608	-10.9663	324.858	0.524268	19.1803	6.57531	11.1902	16.1438	1522.24	2177.26	130.149	-88.3484	-0.000298575	716.694
34.0113	-12.292	156.717	22.3003	287.619	-0.694655	74.4292	7.48136	12.4015	16.1802	1522.51	2174.54	130.003	-88.0432	0.000616981	717.462
34.0120	-1.90992	180.513	61.3615	344.402	-3.1325	132.102	9.91474	8.76756	16.2108	1523.59	2172.54	129.856	-88.1958	-0.000145967	718.089
34.0127	6.33375	299.243	78.4526	331.267	-3.1325	172.992	11.7527	26.1296	16.2542	1523.27	2170.23	130.149	-87.8906	-0.000298575	718.392
34.0133	9.38635	424.943	78.4526	202.489	-3.74852	175.442	10.8467	41.1268	16.2907	1522.84	2168.31	129.856	-87.8906	0.000159203	718.996
34.0140	12.7328	305.334	77.5369	160.375	-6.18636	190.091	10.2254	26.7641	16.3272	1522.84	2166.47	129.401	-88.0432	-0.000145967	718.694
34.0147	12.7328	75.2189	59.53	128.959	-8.0213	235.249	11.1314	15.1702	16.3637	1521.76	2163.27	128.181	-88.8062	-0.000298575	718.833
34.0153	11.5085	119.484	26.271	-38.0061	-8.32275	268.209	9.00869	10.2673	16.4001	1520.08	2159.28	126.342	-90.6372	-0.000145967	719.763
34.0160	10.5943	174.109	24.7398	-156.719	-8.32275	302.09	2.5887	-9.8635	16.4366	1518.57	2155.76	124.813	-91.7053	6.59448e-006	719.601
34.0167	7.85189	-226.912	45.1861	-188.135	-7.40528	305.436	-1.37201	-24.5146	16.4672	1518.57	2153.45	124.975	-91.7053	0.000159203	719.763
34.0173	6.33375	-379.171	42.1386	-272.362	-5.88491	207.48	-0.750724	-19.9001	16.5037	1519.49	2153.29	126.651	-90.1794	-0.000298575	719.601
34.0180	4.48913	-25.1776	26.879	-320.57	-4.66598	66.1827	0.465967	-18.6887	16.5412	1520.52	2153.93	129.092	-87.8906	6.59448e-006	718.694
34.0187	1.74668	15.6968	2.46197	-237.29	-3.74852	5.45375	1.06137	-26.3604	16.5776	1521.43	2153.29	130.768	-86.5173	0.000769543	718.996
34.0193	0.522371	-223.836	-24.6947	-173.194	-2.21503	-27.822	3.52064	-29.0714	16.6141	1522.24	2151.93	131.679	-86.3647	0.000311811	719.601
34.0200	-0.685612	-257.113	-32.6286	-230.881	-0.393201	-141.956	6.26466	-30.6288	16.6506	1522.24	2150.73	132.899	-86.0596	-0.000145967	720.066
34.0207	-3.13423	-160.672	-24.6947	-291.004	0.825722	-260.041	5.64338	-30.2827	16.6871	1521.43	2149.53	133.517	-85.7544	-0.000298575	720.531
34.0213	-5.58284	-24.8637	-16.1529	-288.838	2.35921	-307.043	2.5887	-19.3232	16.7236	1520.41	2146.73	132.134	-86.9751	-0.000298575	720.833
34.0220	-5.58284	219.252	-12.7977	-328.514	3.27667	-308.888	0.776611	-13.209	16.7601	1519.17	2143.06	131.077	-87.738	0.000159203	720.67
34.0227	-4.65237	210.086	-8.5193	-373.697	2.96211	-269.816	-0.155322	-12.2861	16.7966	1518.25	2140.98	130.914	-87.738	0.000616981	720.368
34.0233	-3.73822	-92.297	-5.77211	-280.893	4.19414	-178.577	1.37201	-0.692176	16.834	1518.57	2140.02	130.914	-87.738	0.000159203	720.67
34.0240	-1.59976	-289.134	-7.60357	-98.4007	6.01597	-103.49	5.04797	3.86465	16.8705	1519.01	2139.3	130.914	-87.4329	-0.000145967	721.438
34.0247	0.832529	-517.742	-11.2665	50.8253	6.93344	-82.4386	6.57531	-0.980582	16.9011	1519.33	2139.62	131.223	-86.6699	-0.000298575	721.438
34.0253	3.28114	-631.261	-12.1822	161.278	7.2349	-54.6692	5.64338	5.42204	16.9376	1519.6	2139.86	131.679	-85.2966	-0.000451137	720.368
34.0260	3.88513	-354.747	-11.882	325.174	8.45382	-18.3636	4.73733	11.4786	16.9741	1519.76	2139.86	132.134	-83.7708	6.59448e-006	719.903
34.0267	3.57498	-108.182	-12.49	519.583	9.68585	11.25	3.52064	10.2673	17.0105	1519.76	2139.7	131.988	-83.9233	6.59448e-006	720.066
34.0273	4.79928	-164.063	-12.7977	559.214	10.2888	46.9497	-0.155322	8.13306	17.0411	1518.84	2139.14	130.621	-85.6018	-0.000603745	721.275
34.0280	6.33375	-169.839	-12.49	376.45	10.5902	51.2178	-3.8054	-13.4974	17.0776	1516.9	2137.47	128.018	-87.5854	-0.000451137	722.507
34.0287	7.2479	205.251	-10.0505	17.2427	10.5902	-4.32085	-1.96742	-54.1051	17.1141	1515.06	2135.63	126.033	-89.2639	0.000159203	722.647
34.0293	6.02359	385.261	-7.60357	-276.966	10.5902	-54.9854	0.776611	-70.6019	17.1447	1514.31	2135.63	125.577	-89.7217	6.59448e-006	722.507
34.0300	4.79928	42.5696	-6.68784	-148.143	9.06983	-33.6183	1.68266	-47.0679	17.1752	1514.15	2136.83	125.886	-89.1113	-0.000298575	722.344
34.0307	7.2479	-84.0719	-6.68784	167.101	7.54946	30.1669	5.04797	-13.209	17.2117	1514.58	2138.02	126.96	-88.1958	-0.000145967	721.903
34.0313	12.4226	185.724	-6.07985	296.195	8.15237	55.8021	12.0634	-1.32667	17.2482	1515.06	2139.46	127.871	-87.8906	6.59448e-006	721.577
34.0320	17.3199	330.323	-3.64041	247.356	8.76838	44.8156	22.4441	-13.8435	17.2788	1515.06	2140.82	128.181	-87.738	0.000159203	721.275
34.0327	19.1482	163.121	-0.285228	38.9089	6.93344	83.8876	31.2974	-20.5345	17.3162	1514.15	2141.3	128.327	-87.4329	0.000616981	721.135
34.0333	16.4057	-217.432	1.54623	-128.643	6.93344	151.625	37.3809	-6.80639	17.3399	1514.15	2142.34	128.783	-87.738	0.000616981	721.577
34.0340	9.99035	-394.428	0.330264	-124.355	7.2349	188.247	41.0569	14.2473	17.3705	1514.42	2143.38	129.401	-87.738	6.59448e-006	721.438
34.0347	2.66083	-202.488	-2.11669	-56.9189	4.79705	212.67	24.5668	35.0126	17.4139	1512.58	2141.86	128.783	-88.8062	-0.000298575	720.531
34.0353	-1.30593	-87.7135	-4.85638	38.5929	2.66066	194.649	-1.37201	49.3752	17.4444	1510.75	2140.66	127.562	-90.332	6.59448e-006	720.833
34.0360	-0.685612	-146.043	-5.47187	83.46	2.05775	64.6546	5.04797	54.2204	17.4622	1509.88	2140.66	127.107	-90.6372	0.000311811	720.833
34.0367	1.74668	-203.995	-4.55614	39.2249	0.825722	-94.3472	27.6215	58.4888	17.4987	1509.4	2140.98	126.798	-90.6372	0.000464373	720.67
34.0373	0.832529	-156.403	-3.03242	-15.392	0.222814	-114.186	33.4202	55.7778	17.5292	1510.64	2142.5	128.181	-89.5691	0.000159203	720.531
34.0380	-4.35853	41.0627	0.022518	-70.6409	0.222814	-56.4871	31.8928	31.9554	17.5598	1511.99	2144.34	130.003	-87.5854	0.000464373	719.461
34.0387	-9.84343	6.84379	2.76971	-55.0683	1.44174	-105.018	29.4595	6.34494	17.5904	1513.07	2146.18	130.914	-86.5173	0.000464373	719.136
34.0393	-11.6717	-257.113	3.68544	27.6244	3.57813	-199.022	28.2428	-2.24957	17.621	1513.66	2147.85	131.386	-86.6699	-0.000603745	718.694
34.0400	-11.3779	-80.1163	4.90892	8.07969	4.4956	-205.108	29.4595	-4.38378	17.6515	1512.91	2147.85	130.768	-86.5173	-0.000451137	718.089
34.0407	-11.0677	472.284	4.90892	-101.47	4.79705	-142.245	22.4441	-1.61508	17.6821	1512.15	2148.01	129.547	-86.5173	0.000311811	718.996
34.0413	-11.3779	759.724	2.46197	-169.538	5.41307	-48.5568	9.91474	8.47915	17.7127	1511.83	2149.37	129.092	-86.9751	-0.000145967	718.996
34.0420	-9.84343	685.572	0.630503	-169.538	4.4956	22.8425	-3.49475	21.2844	17.7432	1510.75	2150.25	128.783	-86.9751	0.000159203	717.927
34.0427	-7.10098	502.799	-1.20096	-170.757	3.57813	60.0703	-27.6215	21.5728	17.7738	1510.31	2151.21	128.327	-87.2803	0.000464373	718.531
34.0433	-16.569	180.199	-4.85638	-105.758	3.87958	91.818	-55.9937	-3.46088	17.7985	1510.75	2152.41	128.327	-87.4329	-0.000145967	718.694
34.0440	-22.364	-134.113	-9.13479	81.6545	3.87958	52.14	-73.3898	-26.3604	17.828	1510.15	2153.61	128.636	-87.2803	6.59448e-006	717.764
34.0447	5.10944	-93.2388	-10.9663	203.707	2.96211	-62.9157	-77.0398	-20.5345	17.8586	1510.48	2155.6	129.547	-86.6699	0.000311811	718.089
34.0453	32.2727	77.9815	-7.30333	139.296	2.35921	-124.857	-68.2124	-5.88349	17.8892	1512.15	2158.96	131.532	-84.9915	-0.000145967	718.392
34.0460	30.1343	194.263	-0.893213	-19.3642	1.44174	-68.3958	-52.033	-0.692176	17.9267	1512.31	2160.48	132.444	-84.3811	-0.000603745	717.02
34.0467	20.9765	363.286	3.3777	-145.705	-0.393201	4.24181	-33.1095	-0.980582	17.9444	1511.07	2160.16	131.988	-85.144	-0.000451137	715.648
34.0473	12.7328	395.056	7.95635	-151.844	-4.04997	57.6464	-19.6742	-8.30611	17.975	1509.88	2160.16	131.223	-86.2122	6.59448e-006	716.392
34.0480	7.54173	136.876	11.927	-10.2012	-6.48781	109.813	-19.6742	-29.9943	18.0115	1508.05	2160	129.694	-87.4329	6.59448e-006	717.462
34.0487	7.85189	-128.651	11.927	277.553	-5.88491	72.2951	-26.0941	-47.414	18.0361	1506.64	2159.76	129.092	-88.501	6.59448e-006	717.322
34.0493	8.16205	-185.724	9.48007	599.838	-4.66598	-37.2805	-29.1488	-38.8195	18.0608	1506.32	2160.32	129.092	-89.1113	6.59448e-006	717.159
34.0500	7.2479	-357.824	6.12489	681.312	-4.04997	-90.3689	-30.6761	-23.8801	18.0913	1505.89	2161.68	128.783	-88.8062	-0.000298575	716.392
34.0507	6.02359	-678.854	3.68544	441.133	-3.1325	-61.3876	-32.2035	-34.5511	18.1278	1505.46	2163.27	128.636	-88.1958	0.000311811	716.09
34.0513	4.19529	-418.853	3.68544	209.214	-2.83105	0.869438	-30.0549	-61.719	18.1525	1505.73	2164.95	128.636	-88.1958	0.000616981	716.253
34.0520	4.19529	284.3	5.51691	208.582	-1.91358	27.1107	-24.8774	-68.1216	18.1821	1505.73	2167.03	128.929	-88.1958	-0.000298575	715.788
34.0527	4.79928	505.813	5.82465	107.88	-0.694655	17.3624	-19.6742	-49.8367	18.2067	1505.3	2168.39	128.018	-88.3484	6.59448e-006	715.788
34.0533	4.79928	410.314	4.90892	-298.903	-0.694655	4.53162	-16.0241	-33.0514	18.2314	1505.3	2170.07	126.96	-88.501	0.000464373	715.788
34.0540	4.19529	243.363	4.29343	-705.1	-0.393201	-20.1815	-16.3347	-24.803	18.2619	1504.97	2172.38	126.651	-88.3484	-0.000145967	714.718
34.0547	3.57498	-259.562	3.07746	-836.948	0.222814	20.1025	-16.9301	-12.9206	18.2925	1503.73	2173.9	126.196	-88.8062	-0.000451137	714.578
34.0553	4.79928	-572.053	0.630503	-587.019	0.524268	128.73	-13.2801	11.4786	18.3172	1502.22	2174.86	125.268	-90.0269	-0.000145967	714.718
34.0560	6.33375	-319.963	-1.80894	-192.107	2.96211	174.52	-5.33273	40.7807	18.3408	1501.3	2176.06	124.813	-90.6372	0.000464373	714.881
34.0567	7.2479	-185.724	-3.33266	-42.2491	5.41307	126.595	10.2254	61.8344	18.3714	1501.3	2178.38	125.886	-90.0269	0.000616981	715.02
34.0573	6.93774	-435.617	-3.03242	-108.196	4.4956	53.3519	27.6215	71.2941	18.396	1502.38	2181.57	128.018	-88.9587	6.59448e-006	713.951
34.0580	4.19529	-518.621	-1.80894	-207.68	1.74319	24.3706	30.9868	74.0628	18.4266	1503.62	2184.13	129.547	-87.738	-0.000145967	713.044
34.0587	3.88513	-290.076	-1.20096	-256.203	-0.0786402	-2.47658	23.9714	76.197	18.4572	1504.22	2185.65	130.914	-86.6699	6.59448e-006	712.579
34.0593	5.71343	-114.272	-0.585468	-190.888	-0.694655	-97.0873	17.8621	64.8915	18.4818	1504.38	2186.77	131.842	-86.0596	0.000311811	712.439
34.0600	2.97098	-65.4869	0.630503	-93.8418	-1.61212	-146.83	13.2801	37.4352	18.5124	1503.89	2187.01	132.134	-86.2122	-0.000145967	711.812
34.0607	-1.59976	139.325	0.630503	-64.5472	-1.31067	-55.5914	11.7527	20.996	18.5302	1502.97	2187.65	131.988	-86.5173	-0.000451137	711.37
34.0613	-2.82407	304.392	0.022518	-82.5573	-1.31067	87.5498	11.1314	9.34437	18.5548	1501.79	2187.33	130.768	-86.8225	0.000311811	711.509
34.0620	-0.685612	118.228	-2.72468	-128.327	-3.1325	174.52	2.30395	-11.9977	18.5854	1501.03	2187.17	129.547	-87.738	0.000769543	711.207
34.0627	3.28114	-112.766	-7.30333	-164.031	-4.04997	156.815	-9.00869	-21.169	18.616	1501.62	2189.32	129.856	-87.738	0.000159203	711.509
34.0633	6.02359	-70.9494	-7.30333	-176.534	-5.26889	75.6411	-10.2254	-15.3432	18.6406	1502.54	2191.8	130.458	-86.9751	-0.000298575	711.974
34.0640	4.79928	70.3215	-2.72468	-153.063	-7.10383	9.7219	1.68266	-13.4974	18.6584	1502.06	2193	130.003	-86.6699	-0.000603745	711.207
34.0647	2.36699	75.5328	0.022518	-103.592	-8.32275	-101.066	12.0634	-19.9001	18.683	1502.38	2195.4	130.003	-86.3647	-0.000756307	710.137
34.0653	0.832529	-48.0949	1.24599	-78.9011	-8.32275	-217.017	10.2254	-26.9372	18.7136	1503.62	2198.35	131.223	-84.8389	-0.000298575	709.998
34.0660	-0.391778	-164.628	5.51691	-49.8774	-6.80238	-131.259	4.42668	-19.6116	18.7382	1503.73	2200.03	131.988	-83.9233	0.000311811	709.696
34.0667	0.228537	-87.1485	7.04062	-13.9025	-4.96744	-6.45492	1.68266	1.44203	18.7619	1502.81	2201.23	131.532	-84.3811	0.000159203	708.766
34.0673	2.36699	59.3338	5.82465	-22.7495	-4.04997	-47.0287	6.26466	16.6699	18.7806	1501.3	2201.39	130.312	-85.6018	-0.000145967	709.068
34.0680	2.36699	17.5176	7.64861	-40.1276	-3.1325	-111.13	16.0241	18.8041	18.8053	1499.47	2200.35	128.783	-87.2803	6.59448e-006	709.533
34.0687	1.14269	8.7274	11.6193	63.6445	-2.83105	-93.7413	22.1334	10.6134	18.8359	1497.95	2200.03	128.181	-88.501	-0.000145967	709.068
34.0693	1.43652	59.9617	12.8428	210.117	-1.31067	-51.007	19.9848	-2.24957	18.8595	1497.52	2200.59	128.636	-88.8062	-0.000603745	709.068
34.0700	0.832529	-72.4563	8.87208	156.719	0.222814	-26.2939	14.1861	-8.0177	18.8842	1497.95	2201.39	129.401	-88.1958	-0.000603745	708.928
34.0707	-2.22008	58.1408	-0.285228	25.187	-0.393201	-5.24298	9.91474	-15.3432	18.9088	1497.95	2201.71	129.856	-88.0432	-0.000298575	707.696
34.0713	-4.35853	458.534	-10.0505	11.7359	-2.21503	-19.8917	6.86007	-30.9172	18.9335	1497.63	2201.87	130.458	-88.0432	-0.000603745	706.627
34.0720	-3.44438	517.114	-16.7609	86.8002	-2.21503	-68.106	4.11604	-40.3769	18.9512	1497.04	2201.87	130.914	-87.5854	-0.000603745	706.022
34.0727	-2.53023	344.387	-14.9294	243.7	-0.694655	-41.8648	1.06137	-29.9943	18.9759	1496.71	2201.07	131.077	-87.5854	0.000159203	706.185
34.0733	-2.82407	114.272	-8.5193	386.516	1.44174	53.3519	1.06137	-4.67219	19.0005	1497.04	2200.35	131.842	-87.738	0.000311811	706.324
34.0740	-3.44438	-108.81	-8.5193	396.582	2.66066	80.2254	5.04797	10.2673	19.0311	1496.6	2199.07	131.532	-87.738	-0.000145967	705.72
34.0747	-1.30593	-121.932	-18.5923	365.753	3.57813	14.596	8.10264	2.65334	19.0558	1495.2	2197.07	130.458	-88.6536	-0.000145967	705.115
34.0753	1.14269	47.1531	-29.2734	317.545	5.41307	-81.2266	6.86007	-13.8435	19.0735	1493.53	2194.04	128.929	-89.8743	0.000616981	705.255
34.0760	-0.685612	167.39	-16.1529	275.432	5.71452	-128.519	3.52064	-20.2461	19.0982	1492.77	2191.64	127.253	-91.2476	0.000464373	705.417
34.0767	5.71343	106.675	21.3846	364.85	4.19414	-84.8888	1.37201	-14.1319	19.1228	1492.93	2191.32	127.709	-91.2476	-0.000298575	704.185
34.0773	21.2866	32.2098	46.7173	486.587	4.19414	-34.8302	2.89935	-9.22901	19.1406	1493.53	2191.96	129.238	-89.1113	0.000159203	702.813
34.0780	20.9765	140.517	49.7647	594.647	5.09851	-41.8648	5.33273	-9.8635	19.1711	1495.04	2192.52	130.312	-87.5854	0.000616981	702.511
34.0787	5.71343	336.79	48.5488	548.877	7.85091	-93.4251	9.62998	-19.0348	19.1899	1496.28	2193.64	131.386	-87.1277	-0.000145967	701.907
34.0793	-5.58284	373.081	45.4938	173.51	11.2062	-167.881	13.9013	-38.2427	19.2135	1495.96	2193.48	132.134	-85.7544	6.59448e-006	701.302
34.0800	-19.6052	318.456	38.168	-236.071	10.2888	-175.521	11.7527	-34.8972	19.2441	1495.53	2191.96	131.842	-85.907	0.000311811	701.302
34.0807	-42.5079	423.75	27.4869	-379.791	6.31743	-56.4871	3.20999	27.9754	19.2688	1494.88	2190.84	131.077	-86.9751	-0.000451137	700.535
34.0813	-68.1368	490.241	17.1137	-279.675	3.57813	102.199	-1.96742	116.805	19.2934	1493.37	2188.84	130.621	-86.6699	-0.000145967	699.465
34.0820	-78.5189	267.473	8.2641	-228.127	1.44174	216.938	-2.27806	154.355	19.324	1493.1	2187.17	130.312	-87.1277	0.000616981	699.767
34.0827	-64.17	-88.0275	-17.0686	-391.978	-0.393201	285.307	-5.02209	130.821	19.3486	1493.53	2186.45	130.003	-87.738	0.000159203	699.93
34.0833	-51.9596	-708.489	-52.4669	-518.319	-1.61212	325.591	-6.86007	84.7338	19.3723	1492.93	2184.77	130.312	-87.2803	-0.000145967	699.302
34.0840	-61.4276	-1063.36	-43.0093	-424.026	-2.52959	323.141	-1.96742	43.261	19.391	1493.2	2183.65	131.532	-86.3647	6.59448e-006	699
34.0847	-76.3804	-600.433	13.7585	-201.27	-3.74852	245.63	6.57531	5.42204	19.4216	1494.01	2183.41	132.297	-85.4492	-0.000298575	698.093
34.0853	-74.5521	-324.546	39.6992	-34.034	-5.58345	131.786	12.374	-42.7995	19.4522	1494.88	2182.77	132.753	-85.2966	-0.000756307	697.163
34.0860	-76.0703	-424.378	9.17983	-34.034	-7.71984	39.0193	15.4287	-78.5043	19.4768	1495.36	2181.89	134.119	-84.3811	-0.000451137	696.722
34.0867	-47.3888	-171.032	-22.563	-64.2313	-8.62421	-79.9883	14.8074	-77.9274	19.5005	1494.28	2179.26	134.119	-84.3811	-0.000145967	696.117
34.0873	71.0261	207.951	-26.5262	45.6344	-9.54168	-213.671	11.1314	-57.1622	19.5311	1492.02	2175.26	132.134	-86.6699	-0.000451137	695.35
34.0880	147.619	308.975	-22.8633	184.795	-11.9926	-208.165	7.17071	-48.6253	19.5616	1490.18	2171.74	130.312	-88.0432	-0.000451137	695.187
34.0887	94.5165	244.304	-23.779	225.374	-15.9509	-77.8542	4.42668	-52.8938	19.5863	1489.1	2168.39	129.092	-88.501	-0.000603745	695.187
34.0893	26.4614	154.896	-20.7316	281.841	-16.2654	-47.3449	-0.750724	-42.5111	19.6109	1488.02	2165.35	128.473	-89.1113	-0.000603745	694.582
34.0900	5.10944	20.9081	-11.5742	478.056	-12.2941	-136.449	-7.48136	-19.6116	19.6356	1487.86	2163.12	128.327	-88.6536	0.000464373	694.28
34.0907	15.1814	-145.415	-1.20096	668.809	-10.4591	-150.202	-10.8208	-4.67219	19.6593	1488.78	2161.84	128.636	-87.5854	0.000616981	693.978
34.0913	24.9432	-305.647	6.43264	486	-10.7606	-41.5486	-11.7527	6.63335	19.6839	1489.26	2160.48	129.238	-87.2803	-0.000145967	693.211
34.0920	28.91	-400.833	10.0956	1.35414	-10.4591	104.333	-12.0375	18.8041	19.7145	1488.67	2157.92	128.783	-88.1958	-0.000145967	692.606
34.0927	46.6053	-400.519	9.17983	-243.7	-8.93877	259.04	-9.91474	27.0525	19.7451	1488.35	2155.12	128.473	-88.501	-0.000298575	691.839
34.0933	57.5914	-487.228	16.5057	-222.62	-6.18636	307.887	-4.73733	31.0325	19.7756	1487.86	2152.57	128.929	-87.5854	-0.000451137	691.072
34.0940	50.8822	-698.381	39.9994	-207.68	-2.52959	211.748	2.30395	23.9954	19.8062	1487.59	2149.77	129.856	-87.4329	6.59448e-006	690.909
34.0947	44.173	-771.967	55.2591	-172.878	0.825722	192.225	7.17071	4.21074	19.8368	1486.84	2145.54	129.238	-88.8062	-0.000145967	690.909
34.0953	38.0678	-546.122	52.8197	-119.796	2.35921	245.63	8.3874	-10.1519	19.8614	1485	2140.5	127.709	-90.332	-0.000298575	690.165
34.0960	33.7909	-1.38132	46.1018	-100.251	2.35921	229.137	6.57531	-13.8435	19.892	1483.6	2136.35	127.562	-90.6372	6.59448e-006	689.537
34.0967	18.838	489.048	43.9701	-92.3071	1.74319	211.142	2.89935	-8.0177	19.9157	1484.24	2133.63	128.783	-90.0269	-0.000145967	689.095
34.0973	-30.5914	375.529	53.7354	-49.8774	1.44174	201.077	-1.06137	-0.115363	19.9521	1485.16	2131.23	130.621	-88.6536	-0.000145967	687.258
34.0980	-90.4192	41.9418	60.1455	-93.5258	1.74319	149.491	-3.8054	-1.90348	19.9768	1485.59	2127.88	131.532	-87.4329	0.000464373	685.886
34.0987	-126.43	208.265	60.1455	-335.555	1.74319	80.8314	-4.42668	2.36493	20.0074	1486.67	2125.4	131.988	-86.6699	0.000311811	686.026
34.0993	-143.211	493.318	67.1636	-539.082	1.44174	29.2447	-3.8054	19.727	20.0379	1487.59	2123.88	133.062	-86.2122	-0.000298575	685.421
34.1000	-148.092	491.811	64.7167	-522.291	1.14028	-14.9912	-4.11604	27.687	20.0685	1487.11	2120.53	133.355	-86.5173	-0.000603745	684.212
34.1007	-139.849	605.644	50.3802	-405.113	0.825722	-87.945	-2.5887	11.4786	20.0991	1485.43	2115.49	132.606	-86.8225	-0.000451137	683.143
34.1013	-125.516	629.754	48.5488	-281.209	0.222814	-164.851	0.155322	-19.3232	20.1296	1484.24	2110.94	131.223	-87.2803	0.000311811	683.143
34.1020	-120.619	295.539	33.2891	-138.077	-0.996109	-211.537	1.06137	-33.9743	20.1602	1484.24	2107.66	130.149	-87.8906	0.000464373	682.98
34.1027	-110.253	207.951	-17.6766	4.73948	-2.83105	-228.32	-1.37201	-19.6116	20.1967	1484.24	2104.94	130.149	-87.4329	0.000159203	681.911
34.1033	-66.3085	391.666	-59.1848	74.297	-4.96744	-194.122	-2.89935	-2.24957	20.2273	1484.35	2102.07	130.458	-87.1277	6.59448e-006	682.073
34.1040	-20.5357	334.906	-66.8109	28.2112	-4.66598	-138.583	-1.06137	2.94175	20.2578	1485	2099.59	130.458	-86.8225	-0.000603745	682.213
34.1047	78.0455	60.5895	-38.4307	-29.1591	-4.04997	-102.278	-2.27806	6.63335	20.2884	1485	2097.59	130.312	-85.907	-0.000298575	680.399
34.1053	214.156	-94.1178	-4.85638	-20.8989	-4.04997	-47.3449	-7.48136	16.3815	20.319	1485.16	2095.68	130.914	-85.144	6.59448e-006	678.702
34.1060	196.444	-81.6232	-11.882	-7.4929	-2.21503	-22.9216	-6.23878	22.4957	20.3495	1485.27	2092.72	130.768	-85.144	-0.000145967	678.26
34.1067	96.9651	-209.207	-24.3945	-37.6902	0.825722	-98.9315	1.9933	15.4586	20.3732	1484.51	2089.2	130.003	-85.6018	-0.000298575	677.191
34.1073	72.2504	-359.958	-22.563	-40.4436	3.87958	-154.76	6.26466	3.86465	20.4107	1483.16	2085.61	129.401	-86.6699	-0.000145967	677.33
34.1080	68.2837	-36.1654	-52.1592	-10.2012	6.63199	-84.8888	5.64338	-3.46088	20.4413	1481.49	2081.13	128.636	-88.0432	-0.000145967	678.097
34.1087	58.5056	351.419	-76.2684	-24.871	9.37129	21.9204	5.04797	2.01885	20.4718	1480.09	2076.42	128.018	-88.6536	-0.000451137	677.33
34.1093	55.4529	254.664	-53.3826	37.6902	9.68585	49.0837	5.33273	12.7476	20.5014	1479.33	2071.86	127.709	-89.1113	-0.000298575	676.26
34.1100	44.4668	234.824	-34.7678	187.232	8.45382	-1.26464	7.792	3.86465	20.5261	1479.17	2068.03	128.327	-89.1113	6.59448e-006	675.354
34.1107	23.4251	127.395	-38.7309	263.515	7.2349	-67.4737	12.9694	-8.6522	20.5507	1479.93	2065.31	129.856	-88.501	-0.000145967	675.051
34.1113	3.57498	-432.289	-52.7746	295.879	6.01597	-119.06	19.3894	-5.59509	20.5872	1480.74	2061.96	130.458	-87.5854	-0.000298575	674.586
34.1120	-8.32529	-711.817	-59.7927	324.542	4.4956	-105.94	23.6608	-4.38378	20.6119	1479.66	2056.76	129.547	-87.5854	6.59448e-006	672.912
34.1127	-13.8102	-770.397	-49.1117	315.695	3.57813	-14.9912	19.7	-11.9977	20.6424	1478.9	2052.13	128.929	-87.738	0.000616981	672.145
34.1133	-13.8102	-493.632	-42.7016	241.533	4.19414	51.8501	13.2801	-18.1119	20.6671	1479.49	2049.25	129.238	-87.4329	0.000464373	672.006
34.1140	-7.41114	291.897	-43.3096	105.442	5.71452	76.2471	13.9013	-23.5917	20.6907	1479.01	2045.26	128.636	-87.4329	0.000159203	671.076
34.1147	0.228537	443.277	-35.6835	38.9089	6.01597	114.081	9.31934	-30.9172	20.7213	1477.07	2039.98	126.798	-88.9587	-0.000451137	670.308
34.1153	-1.90992	68.1868	-22.2553	70.9568	5.71452	85.0996	-1.96742	-39.454	20.746	1475.66	2035.35	125.431	-90.4846	-0.000145967	669.704
34.1160	-1.90992	107.868	-15.2372	139.296	8.45382	-5.53279	-6.54942	-51.6824	20.7765	1475.23	2031.83	124.813	-90.9424	0.000159203	668.797
34.1167	11.2147	236.331	-13.7135	256.79	10.2888	-58.6476	-3.20999	-53.4706	20.8012	1475.07	2029.43	125.122	-90.4846	6.59448e-006	667.867
34.1173	47.5194	194.828	-11.5742	334.923	6.93344	-113.264	-0.750724	-40.0885	20.8249	1476.42	2027.76	126.96	-88.8062	0.000159203	667.425
34.1180	90.5497	219.88	-7.60357	250.38	3.57813	-191.092	-3.20999	-40.0885	20.8495	1478.15	2026.08	129.092	-86.6699	0.000464373	666.821
34.1187	81.4083	207.951	0.330264	32.8153	2.05775	-209.087	-4.42668	-44.6453	20.8742	1478.74	2023.44	130.003	-85.6018	0.000311811	665.286
34.1193	47.8296	-43.5114	6.74038	-94.1577	-0.0786402	-128.519	-4.73733	-19.9001	20.9106	1478.9	2019.85	130.149	-85.6018	6.59448e-006	664.379
34.1200	41.4142	-310.545	10.0956	35.8395	-1.61212	-41.2325	-7.76611	8.76756	20.9294	1478.41	2016.17	130.149	-85.907	0.000159203	663.914
34.1207	36.2395	-163.121	11.927	328.83	-0.996109	-15.3074	-13.8755	21.8612	20.9531	1477.23	2012.33	129.401	-86.8225	6.59448e-006	662.845
34.1213	21.8906	30.6401	-8.82705	541.836	0.524268	-21.7096	-22.1334	34.7241	20.9905	1476.15	2008.82	128.783	-87.5854	-0.000145967	661.775
34.1220	13.6469	-226.599	-43.0093	424.974	1.44174	-33.0123	-23.6349	30.4557	21.0142	1475.66	2006.34	129.092	-87.2803	-0.000145967	661.17
34.1227	19.7522	-247.318	-52.4669	115.192	1.14028	-24.4497	-21.2015	11.4786	21.0388	1475.66	2004.26	129.694	-86.9751	0.000159203	660.543
34.1233	43.5527	15.3828	-40.8701	-48.3879	-0.393201	32.6171	-25.1622	16.6699	21.0694	1475.39	2001.63	130.003	-87.1277	6.59448e-006	659.799
34.1240	54.5388	-282.165	-26.8339	-86.8002	-0.393201	161.689	-30.0549	35.9355	21.0941	1475.39	1999.07	130.621	-87.1277	-0.000451137	658.729
34.1247	38.0678	-586.996	-17.0686	-168.319	-0.0786402	302.09	-28.5275	42.9149	21.1118	1476.58	1996.91	131.988	-85.907	-0.000298575	658.101
34.1253	23.7189	-362.407	-11.2665	-210.704	-0.393201	340.24	-21.5121	44.7607	21.1424	1477.66	1995.23	133.827	-84.3811	0.000159203	657.497
34.1260	22.2008	-42.5696	-8.5193	-81.0226	-0.393201	314.605	-15.4028	56.9891	21.167	1477.66	1992.92	135.047	-83.1604	0.000159203	656.125
34.1267	23.4251	296.794	-7.91132	-13.2706	-0.393201	308.176	-15.7134	73.1399	21.1917	1477.23	1989.4	134.429	-83.7708	6.59448e-006	655.52
34.1273	20.6663	492.69	-7.30333	-107.248	-1.61212	248.053	-16.3347	65.8144	21.2163	1475.07	1984.69	131.988	-86.6699	-0.000603745	654.916
34.1280	16.0956	422.808	-6.68784	-188.451	-2.83105	82.0434	-17.5514	35.5894	21.2469	1472.8	1979.97	129.547	-88.8062	-0.000603745	654.288
34.1287	12.7328	357.51	-5.77211	-290.372	-3.1325	-58.9374	-22.1334	4.78755	21.2706	1471.72	1976.78	128.181	-88.9587	-0.000145967	653.986
34.1293	9.99035	374.023	-5.16412	-406.964	-2.52959	-85.4948	-23.6349	-18.6887	21.2893	1470.8	1974.94	126.651	-89.1113	-0.000145967	652.777
34.1300	8.45588	355.375	-6.07985	-474.716	-0.393201	-102.594	-23.3501	-37.6082	21.3199	1470.64	1973.74	126.342	-89.1113	-0.000145967	651.242
34.1307	6.93774	214.104	-5.16412	-489.024	0.524268	-163.007	-22.1334	-47.414	21.3445	1471.24	1973.26	127.107	-88.501	6.59448e-006	650.638
34.1313	4.19529	26.9984	-1.5012	-439.914	2.35921	-191.092	-17.2408	-49.5482	21.3682	1471.07	1972.54	127.253	-87.738	0.000159203	649.708
34.1320	3.57498	-155.775	0.022518	-333.705	5.09851	-200.84	-12.9694	-42.7995	21.3929	1471.24	1971.58	127.107	-87.5854	-0.000145967	648.661
34.1327	6.62758	-336.476	-2.11669	-179.288	6.63199	-211.221	-11.1314	-23.5917	21.4175	1471.72	1971.26	127.709	-87.738	-0.000451137	648.336
34.1333	9.0762	-396.563	-3.33266	-113.386	7.2349	-187.114	-9.00869	-12.5745	21.4481	1471.07	1969.9	128.636	-87.2803	6.59448e-006	647.592
34.1340	6.93774	-295.288	-0.893213	-176.85	7.2349	-143.484	-5.95402	-11.9977	21.4727	1469.72	1966.71	128.327	-87.738	0.000159203	645.894
34.1347	3.57498	31.5819	1.54623	-209.485	6.63199	-97.0873	-0.465967	-7.44089	21.5033	1468.48	1963.99	127.562	-89.1113	6.59448e-006	645.15
34.1353	3.28114	376.722	0.938249	-193.01	6.63199	-58.3314	5.64338	-1.61508	21.527	1467.57	1961.67	126.96	-89.8743	0.000311811	644.988
34.1360	2.97098	273.877	-0.285228	-214.992	8.76838	-37.8864	7.17071	5.07595	21.5457	1467.13	1959.36	126.96	-90.1794	0.000311811	644.523
34.1367	0.228537	-32.2098	-1.20096	-240.946	8.76838	-15.9134	7.48136	19.1502	21.5763	1467.13	1958	128.181	-90.0269	6.59448e-006	643.314
34.1373	-4.04838	48.66	-1.5012	-153.334	6.63199	5.13759	13.2801	41.7036	21.6068	1467.46	1957.84	129.547	-88.8062	0.000159203	641.174
34.1380	-6.79082	64.859	-1.20096	0.451379	5.71452	10.3279	24.8774	61.2575	21.6305	1468.38	1958	130.621	-87.5854	0.000311811	640.105
34.1387	-5.58284	-530.237	-0.893213	77.9532	5.09851	5.74356	34.9475	63.1034	21.6552	1469.72	1959.04	132.297	-85.907	0.000159203	639.338
34.1393	-2.53023	-787.789	0.630503	50.8253	0.524268	-42.1546	37.6915	48.7407	21.6798	1470.32	1959.52	132.444	-85.7544	-0.000145967	638.129
34.1400	-2.82407	-228.419	2.76971	12.9546	-2.52959	-79.9883	36.1642	31.0325	21.7104	1469.29	1958.8	131.077	-86.9751	-0.000451137	637.059
34.1407	-4.35853	226.912	3.68544	22.4336	-1.61212	-20.4977	31.2974	17.9389	21.735	1467.73	1957.36	129.694	-87.4329	-0.000145967	636.292
34.1413	-5.87667	214.355	6.43264	2.57286	1.14028	110.735	24.2562	-1.32667	21.7587	1467.73	1957.36	129.092	-87.2803	6.59448e-006	635.827
34.1420	-5.87667	73.712	8.87208	25.187	2.05775	236.461	25.4987	-31.2056	21.7834	1467.46	1958	129.238	-87.2803	-0.000298575	635.059
34.1427	-6.49699	148.743	4.60117	134.421	1.74319	182.134	32.5141	-45.8566	21.8139	1467.3	1957.68	129.547	-86.8225	6.59448e-006	634.92
34.1433	-29.0732	363.286	-1.5012	227.811	0.524268	-49.1891	31.5822	-34.2627	21.8386	1467.57	1957.52	129.401	-86.6699	0.000159203	634.315
34.1440	-54.702	102.72	-3.64041	300.754	0.825722	-167.275	23.0395	-16.5545	21.8632	1466.81	1957.12	129.401	-86.8225	0.000159203	632.176
34.1447	-36.0926	-465.252	-4.85638	236.071	2.35921	-107.758	16.9301	-9.5751	21.8938	1467.13	1957.68	131.077	-86.0596	6.59448e-006	630.944
34.1453	2.05684	-552.526	-4.85638	75.2449	1.44174	-61.0715	3.20999	-17.7658	21.9244	1468.81	1959.84	133.208	-84.6863	6.59448e-006	630.177
34.1460	12.1288	-241.542	-9.43503	128.959	-1.91358	-65.6558	-22.1334	-35.1856	21.948	1469.13	1960.64	133.973	-84.0759	-0.000145967	628.805
34.1467	-2.22008	-44.0765	-19.8158	268.39	-2.83105	-27.5059	-38.0022	-48.2793	21.9727	1467.57	1959.04	134.119	-84.6863	-0.000603745	627.898
34.1473	-15.9486	-17.5804	-25.9182	224.155	-0.694655	59.7805	-37.3809	-51.6824	22.0033	1465.89	1957.28	133.517	-86.2122	-0.000298575	627.294
34.1480	-26.3308	27.3124	-21.9475	166.469	-0.694655	116.847	-30.3655	-44.0108	22.0279	1464.38	1955.44	131.842	-87.8906	6.59448e-006	626.828
34.1487	-33.9541	218.687	-12.1822	115.192	-3.44706	89.9737	-22.7288	-32.763	22.0457	1462.87	1953.76	130.768	-89.1113	-0.000298575	626.224
34.1493	-28.1591	391.101	-3.94815	-101.47	-4.35142	32.0111	-16.6195	-29.9943	22.0703	1462.38	1953.92	131.532	-88.6536	-0.000603745	624.992
34.1500	-15.3446	361.151	1.54623	-229.662	-2.21503	17.0463	-16.0241	-33.6859	22.1009	1462.87	1954.16	132.134	-87.8906	-0.000603745	623.783
34.1507	-7.70497	324.86	18.6374	-98.4007	-0.393201	28.6388	-19.6742	-43.7224	22.1255	1462.87	1953.6	131.386	-88.3484	-0.000298575	622.853
34.1513	2.36699	198.219	49.4645	77.6824	-0.0786402	35.041	-22.7288	-59.9309	22.1374	1462.71	1953.12	131.386	-88.501	-0.000145967	621.643
34.1520	15.7854	-16.6386	58.0063	151.212	-0.996109	39.0193	-22.1334	-54.1051	22.162	1462.28	1953.6	131.386	-88.0432	-0.000451137	620.109
34.1527	20.9765	5.96477	30.8421	115.508	-1.31067	21.9204	-9.00869	-20.2461	22.1867	1461.95	1954	131.223	-87.738	-0.000298575	619.202
34.1533	17.0097	149.684	-2.72468	41.3463	0.524268	-23.8437	9.91474	17.5928	22.2044	1462.11	1954.8	131.223	-87.2803	0.000159203	618.435
34.1540	12.4226	208.265	-22.2553	5.64224	2.35921	-61.0715	14.4967	52.7207	22.2232	1461.03	1955.44	130.149	-88.1958	6.59448e-006	617.226
34.1547	10.3005	236.331	-29.2734	59.9883	0.222814	-81.8326	10.8467	65.2376	22.2478	1459.36	1955.28	128.327	-89.7217	-0.000145967	616.156
34.1553	7.85189	308.096	-30.4969	126.476	-4.96744	-105.018	10.8467	42.9149	22.2656	1458.44	1955.6	126.798	-90.9424	-0.000145967	615.226
34.1560	0.522371	246.125	-31.4126	192.739	-8.93877	-106.862	13.2801	20.3615	22.2843	1457.53	1956.64	125.886	-91.4001	-0.000451137	614.017
34.1567	-11.9819	-70.9494	-38.4307	427.095	-11.0752	-78.7764	18.1727	21.5728	22.309	1457.36	1959.52	126.342	-90.6372	6.59448e-006	612.948
34.1573	-19.6052	-260.19	-38.7309	675.489	-15.6494	-46.7389	17.8621	29.8212	22.3267	1459.2	1963.83	128.181	-88.8062	0.000159203	611.413
34.1580	-17.1729	-152.761	-21.0318	640.417	-22.36	5.74356	20.6061	20.0731	22.3514	1460.12	1967.35	129.547	-87.1277	0.000311811	609.739
34.1587	-13.5163	-327.623	3.07746	384.981	-28.4677	79.3033	32.7989	1.15363	22.376	1460.28	1969.74	130.312	-86.0596	0.000769543	608.832
34.1593	-11.9819	-714.266	30.2341	50.8253	-33.9595	121.405	24.8774	-15.3432	22.3997	1460.44	1971.42	130.621	-86.2122	0.000769543	608.065
34.1600	-11.6717	-546.122	69.9108	-232.099	-35.1784	125.384	-4.11604	-26.3604	22.4243	1459.79	1972.94	130.768	-86.9751	0.000311811	606.995
34.1607	-5.87667	-208.265	93.7123	-337.045	-37.6162	145.539	-27.0002	-18.4003	22.449	1459.36	1974.3	131.386	-86.9751	-0.000298575	606.088
34.1613	2.36699	-293.153	54.6511	-298.903	-34.5755	178.472	-33.7049	-4.03769	22.4736	1459.2	1975.1	131.223	-87.1277	-0.000451137	605.321
34.1620	1.43652	-427.078	-17.6766	-210.433	2.96211	136.686	-26.6895	8.47915	22.4973	1458.71	1975.74	130.768	-87.1277	-0.000145967	604.391
34.1627	21.2866	-351.419	-54.9063	-139.296	38.9793	38.0972	-13.2801	37.1468	22.522	1458.88	1977.42	131.077	-86.8225	-0.000145967	603.647
34.1633	48.1398	-80.1163	-45.4488	-109.414	28.5988	22.5527	1.37201	67.9486	22.5407	1458.71	1979.49	131.223	-87.1277	-0.000298575	602.88
34.1640	21.8906	312.931	-24.0867	-152.747	8.15237	57.9362	5.64338	71.0057	22.5644	1457.85	1980.45	130.458	-87.2803	6.59448e-006	600.741
34.1647	-19.3114	534.192	-16.7609	-262.297	4.19414	7.90399	3.52064	50.8749	22.5949	1457.85	1982.13	131.386	-85.7544	0.000311811	598.439
34.1653	-18.0871	390.787	-25.0025	-368.19	3.87958	-45.527	6.57531	21.5728	22.6196	1458.71	1985.17	132.606	-84.5337	0.000159203	597.695
34.1660	-3.73822	11.1133	-34.7678	-437.477	2.66066	2.39754	9.00869	-7.0948	22.6442	1459.04	1987.16	132.606	-84.8389	-0.000145967	597.067
34.1667	-3.13423	-150.626	-29.2734	-452.417	2.66066	60.0703	6.86007	-20.2461	22.6689	1458.28	1987.72	131.532	-85.4492	-0.000145967	595.858
34.1673	-1.30593	107.868	-11.5742	-394.144	3.87958	33.5392	2.89935	-20.823	22.6926	1456.77	1987.16	129.694	-86.9751	-0.000298575	595.393
34.1680	2.05684	315.379	3.3777	-272.046	5.41307	-44.2887	-1.96742	-22.0343	22.7172	1454.94	1987	128.327	-88.1958	-0.000603745	594.951
34.1687	-5.58284	334.027	15.5899	-164.347	6.31743	-115.082	-5.64338	-19.0348	22.7537	1453.86	1987.88	127.709	-88.9587	-0.000603745	593.882
34.1693	-16.569	412.134	25.6555	-137.49	8.15237	-156.604	-6.23878	-6.1719	22.7843	1453.1	1988.36	127.562	-89.1113	-0.000298575	592.51
34.1700	-17.7769	462.176	20.1611	-140.514	10.9048	-151.704	-5.64338	10.2673	22.803	1453.26	1989	128.181	-88.3484	0.000311811	591.44
34.1707	-10.4637	230.868	1.85398	-103.908	12.1237	-141.956	-7.76611	25.8412	22.8336	1453.42	1989.88	129.238	-88.0432	-0.000145967	589.906
34.1713	-2.82407	-150.94	7.34837	-19.9961	9.06983	-173.071	-5.33273	34.3781	22.8642	1453.53	1991.24	130.312	-88.0432	-0.000451137	588.371
34.1720	-0.0816205	-69.7564	37.2522	70.3249	5.41307	-173.387	2.30395	21.5728	22.8888	1453.26	1991.88	130.458	-88.1958	6.59448e-006	587.162
34.1727	-3.73822	95.6875	58.0063	98.4007	4.4956	-112.658	4.42668	-7.44089	22.9184	1452.94	1992.04	130.458	-88.3484	0.000159203	585.93
34.1733	-6.79082	-231.182	63.5007	67.6166	4.79705	-74.1921	2.30395	-31.2056	22.9559	1452.94	1992.68	130.914	-87.738	6.59448e-006	585.325
34.1740	-4.65237	-258.934	54.9514	141.462	4.79705	-84.5726	2.30395	-47.9908	22.9864	1452.02	1992.84	130.621	-88.3484	6.59448e-006	584.418
34.1747	0.522371	2.26033	36.3365	321.788	4.19414	-76.6423	6.26466	-45.8566	23.0101	1450.78	1992.52	129.401	-89.7217	0.000311811	583.488
34.1753	2.97098	-104.854	22.6081	395.95	3.57813	-42.1546	11.7527	-8.9406	23.0347	1449.75	1991.72	128.783	-90.4846	0.000159203	582.884
34.1760	-1.30593	-139.638	24.4395	352.933	2.35921	-43.9988	19.7	27.0525	23.0653	1449.11	1991.24	128.783	-90.332	6.59448e-006	581.977
34.1767	-7.41114	12.9969	35.1205	314.16	0.825722	-29.6399	24.5668	31.667	23.1018	1449.43	1992.52	129.238	-89.5691	0.000311811	580.442
34.1773	-10.1536	51.1087	40.3072	350.812	0.524268	30.7728	12.374	34.3781	23.1265	1450.19	1994.2	130.003	-88.501	0.000311811	578.768
34.1780	-12.292	128.651	41.2229	357.492	2.35921	63.1265	-10.536	51.1633	23.1511	1451.26	1995.87	130.768	-87.2803	0.000311811	577.396
34.1787	-13.5163	132.92	41.5232	111.852	3.87958	102.804	-28.5275	59.7002	23.1817	1452.61	1997.87	131.386	-86.0596	0.000311811	576.327
34.1793	-11.3779	-18.4594	26.5712	-165.25	5.09851	167.512	-32.2035	52.7207	23.2182	1452.51	1998.59	131.386	-85.907	-0.000145967	574.653
34.1800	-7.10098	-81.9371	-1.80894	-123.768	5.41307	191.619	-19.0788	40.4923	23.2428	1451.1	1997.87	130.149	-86.6699	6.59448e-006	573.118
34.1807	-4.04838	-114.9	-12.7977	-26.7217	3.87958	224.868	-7.76611	25.8412	23.2724	1450.35	1997.95	129.401	-87.2803	0.000464373	572.653
34.1813	-2.53023	-194.263	-5.16412	-174.729	2.05775	259.356	-7.48136	14.5357	23.303	1449.75	1998.27	129.238	-87.4329	6.59448e-006	571.746
34.1820	-1.30593	-134.113	6.12489	-306.532	-0.996109	193.437	-7.17071	3.28783	23.3335	1448.67	1997.87	129.092	-87.4329	-0.000451137	570.072
34.1827	-0.391778	39.807	11.3115	-196.982	-3.1325	108.601	-3.8054	-7.44089	23.3641	1448.67	1997.71	128.929	-87.5854	6.59448e-006	569.468
34.1833	-0.0816205	-92.297	7.64861	25.7738	-1.31067	110.419	-1.96742	-5.88349	23.3947	1449.11	1997.71	129.092	-87.2803	0.000159203	568.84
34.1840	0.832529	-370.318	5.82465	263.515	0.825722	132.708	0.155322	-16.5545	23.4193	1449	1996.75	129.547	-86.8225	0.000311811	566.864
34.1847	2.05684	-225.657	7.04062	402.089	1.14028	41.7594	2.30395	-33.9743	23.4558	1449.27	1996.43	130.458	-86.3647	0.000311811	565.19
34.1853	2.97098	78.8606	2.76971	249.477	0.524268	-94.9532	3.83128	-33.3398	23.4864	1450.51	1996.91	131.842	-85.2966	-0.000145967	563.957
34.1860	3.57498	115.214	-3.03242	-27.9404	0.524268	-90.9749	6.86007	-35.474	23.511	1450.67	1996.19	132.753	-84.3811	-0.000145967	562.446
34.1867	3.88513	29.7611	-1.80894	-86.2134	1.14028	-47.661	9.62998	-47.7024	23.5416	1449.11	1993.88	132.606	-85.4492	-0.000145967	561.679
34.1873	1.43652	58.1408	2.16173	93.2098	-0.0786402	-55.5914	9.62998	-56.2393	23.5781	1447.43	1991.16	131.386	-86.9751	-0.000451137	561.376
34.1880	-0.99577	97.5083	3.3777	352.933	-1.91358	-4.61066	8.3874	-64.4877	23.6087	1446.41	1988.52	130.149	-88.0432	-0.000145967	560.446
34.1887	-1.90992	117.349	2.16173	387.735	-2.83105	58.2524	6.57531	-70.8903	23.6333	1445.33	1985.49	129.547	-88.9587	-0.000298575	559.237
34.1893	-3.13423	301.064	-0.585468	-42.881	-4.04997	38.4134	3.20999	-55.6048	23.6639	1444.25	1983.65	129.092	-89.1113	-0.000298575	558.168
34.1900	-4.35853	469.522	-3.64041	-559.214	-4.96744	-22.3156	0.776611	-27.2256	23.7004	1444.41	1982.45	129.401	-88.3484	0.000464373	557.098
34.1907	-3.13423	303.199	-4.85638	-656.26	-5.26889	-72.9801	1.06137	-15.0548	23.724	1445.33	1981.49	129.401	-87.8906	0.000159203	555.889
34.1913	-1.30593	-25.1776	-3.64041	-411.838	-4.04997	-109.286	3.52064	-13.4974	23.7487	1445.49	1981.01	129.401	-88.1958	-0.000756307	554.494
34.1920	-0.0816205	-94.4318	-2.11669	-135.053	-3.1325	-118.454	9.00869	-8.0177	23.7793	1444.68	1979.97	129.401	-87.738	-0.000298575	552.68
34.1927	1.43652	16.0107	-2.11669	-22.4336	-2.52959	-82.1224	12.374	0.519132	23.8098	1444.09	1978.77	128.636	-87.8906	0.000311811	551.448
34.1933	1.14269	-235.765	-2.41693	-85.5815	-0.694655	-21.3935	11.1314	9.05597	23.8404	1444.25	1978.77	128.327	-88.0432	6.59448e-006	550.379
34.1940	-1.30593	-518.621	-1.80894	-178.701	0.222814	3.92565	7.48136	17.5928	23.871	1443.49	1977.81	128.327	-88.501	-0.000298575	548.565
34.1947	-3.73822	-192.694	-0.585468	-220.499	0.524268	-28.428	4.42668	32.2439	23.9015	1441.98	1975.58	127.253	-89.5691	-0.000451137	547.798
34.1953	-3.13423	83.7579	-0.285228	-136.858	1.74319	-45.2108	3.52064	47.8178	23.938	1440.74	1973.58	126.342	-90.0269	0.000159203	547.635
34.1960	-0.391778	98.3873	-0.585468	58.7244	2.05775	7.90399	3.20999	48.4523	23.9627	1440.15	1972.22	126.488	-90.1794	0.000464373	546.868
34.1967	0.228537	408.179	1.85398	152.115	2.05775	86.0217	2.30395	27.3986	23.9873	1440.74	1970.7	127.709	-89.5691	0.000311811	544.589
34.1973	-0.391778	385.889	11.927	117.945	2.96211	158.027	2.5887	-8.9406	24.0238	1441.82	1969.42	129.092	-88.1958	0.000311811	542.148
34.1980	-0.391778	-163.435	23.5238	164.031	3.27667	170.542	0.465967	-34.2627	24.0416	1442.84	1969.19	130.458	-86.9751	0.000464373	540.915
34.1987	0.228537	-247.318	27.1867	304.094	3.27667	71.6628	-4.42668	-43.7224	24.0603	1443.49	1968.55	131.988	-86.0596	0.000311811	539.846
34.1993	2.36699	-0.125574	25.6555	434.723	3.87958	-64.1277	-5.64338	-41.8766	24.0968	1443.17	1967.19	132.753	-85.6018	0.000159203	538.776
34.2000	3.88513	-113.707	25.3552	451.831	3.87958	-170.647	-2.27806	-24.2261	24.1274	1442.74	1964.71	132.444	-86.3647	0.000311811	537.73
34.2007	2.05684	-355.061	27.4869	312.941	2.66066	-225.87	1.06137	-10.4403	24.152	1442.41	1961.67	131.988	-87.1277	0.000159203	536.498
34.2013	-0.0816205	-415.211	29.3184	261.394	1.14028	-198.706	3.52064	-10.7864	24.1757	1441.49	1959.2	131.842	-87.1277	6.59448e-006	535.428
34.2020	-0.391778	-528.73	22.6081	383.131	1.14028	-114.186	1.9933	-15.0548	24.1944	1440.58	1956.8	130.914	-87.4329	-0.000298575	534.056
34.2027	2.05684	-662.404	3.68544	536.961	4.4956	-35.4362	-2.27806	-17.4774	24.225	1440.42	1954	130.458	-87.4329	-0.000298575	532.219
34.2033	0.832529	-256.799	-22.2553	617.532	6.31743	18.8905	-1.06137	-15.3432	24.2496	1440.25	1951.77	130.914	-86.6699	0.000159203	531.313
34.2040	-6.79082	519.877	-42.0936	391.075	3.57813	53.3519	0.776611	-14.4203	24.2743	1440.15	1949.61	130.768	-86.5173	-0.000145967	529.941
34.2047	-11.6717	728.33	-44.2253	-111.536	0.524268	57.3302	-1.96742	-11.0748	24.3039	1440.74	1947.45	130.312	-86.5173	-0.000451137	528.569
34.2053	-13.8102	323.353	-32.0206	-518.048	-1.61212	36.8853	-2.89935	3.28783	24.3285	1441.66	1946.57	131.223	-85.2966	-0.000298575	527.499
34.2060	-16.2588	-105.106	-18.9001	-681.899	-3.44706	45.4216	0.465967	19.4386	24.3532	1441.49	1944.57	131.679	-84.6863	-0.000298575	525.523
34.2067	-14.1203	-366.363	-11.5742	-659.014	-3.44706	99.7483	5.04797	31.3209	24.3778	1440.25	1940.34	130.149	-85.6018	-0.000298575	524.291
34.2073	-9.54959	-421.301	-2.72468	-445.421	-1.61212	155.893	6.86007	43.8378	24.4015	1438.58	1935.31	128.018	-87.4329	-0.000145967	523.686
34.2080	-8.92928	-263.831	9.78782	-208.582	-0.0786402	158.027	5.04797	53.2975	24.4321	1436.91	1930.99	126.488	-88.9587	-0.000145967	522.756
34.2087	-12.896	177.75	21.3846	-274.8	0.825722	93.0299	1.9933	64.3147	24.4567	1435.72	1927	125.886	-89.1113	6.59448e-006	521.687
34.2093	-17.4831	548.571	29.9264	-430.751	0.222814	24.0545	-2.5887	78.6196	24.4814	1435.56	1923.64	125.886	-89.2639	6.59448e-006	520.64
34.2100	-27.5551	231.81	33.2891	-340.43	-0.393201	17.3624	-5.33273	75.6202	24.506	1436.74	1921.96	127.416	-88.9587	-0.000298575	519.873
34.2107	-26.9348	-184.782	27.4869	-262.297	0.524268	87.8396	-4.42668	51.7978	24.5297	1436.74	1919.4	128.783	-88.0432	-0.000298575	518.199
34.2113	4.19529	34.3445	18.0294	-320.886	0.524268	129.046	-2.5887	27.9754	24.5603	1435.23	1914.05	128.636	-87.738	-0.000145967	515.293
34.2120	28.5998	311.11	16.5057	-326.979	-0.694655	77.4591	-0.465967	12.4015	24.5849	1434.91	1909.5	128.783	-87.738	0.000159203	514.363
34.2127	24.9432	189.68	7.64861	-264.418	-1.91358	2.08138	1.06137	-0.692176	24.6096	1435.4	1905.5	129.401	-87.738	0.000159203	514.223
34.2133	17.3199	-74.3399	-22.8633	-239.096	-2.52959	-29.9561	1.68266	-14.7664	24.6342	1435.23	1900.47	129.856	-87.738	-0.000145967	512.386
34.2140	13.6469	-207.951	-46.6723	-239.412	-1.91358	43.6036	1.37201	-26.3604	24.6579	1434.15	1894.55	129.547	-88.3484	-0.000451137	510.875
34.2147	9.0762	-150.312	-43.0093	-178.701	-0.694655	103.727	0.155322	-31.494	24.6826	1432.8	1888.72	128.181	-89.7217	-0.000145967	510.549
34.2153	3.88513	-64.859	-29.2734	-54.1655	0.524268	28.9549	-2.27806	-34.5511	24.7072	1431.56	1883.37	126.798	-90.7898	0.000159203	509.48
34.2160	-0.391778	-45.3323	-17.3689	147.24	2.05775	-48.873	-5.64338	-30.2827	24.7319	1431.29	1878.49	126.342	-90.9424	0.000159203	508.271
34.2167	-3.44438	102.72	-8.82705	380.693	3.87958	-55.5914	-6.54942	-14.7664	24.7624	1431.73	1875.46	127.416	-90.0269	6.59448e-006	506.434
34.2173	-7.41114	315.693	-4.24839	455.758	5.71452	-37.5703	-5.33273	-3.74928	24.793	1433.13	1873.62	128.783	-88.3484	0.000311811	504.458
34.2180	-9.54959	401.147	-0.585468	356.274	6.93344	-21.7096	-5.64338	-2.24957	24.8167	1434.48	1871.22	129.856	-86.9751	0.000311811	502.923
34.2187	-8.61912	520.756	0.330264	184.795	6.63199	-30.5621	-6.86007	-9.5751	24.8472	1435.07	1868.26	130.768	-86.0596	0.000464373	501.714
34.2193	-7.41114	299.808	-2.11669	-67.8875	6.01597	-36.0422	-3.49475	-19.3232	24.8719	1434.8	1864.19	130.458	-86.2122	0.000464373	500.644
34.2200	-6.18683	-216.804	-4.55614	-248.891	6.01597	10.3279	3.52064	-17.189	24.8906	1433.72	1859	129.694	-86.9751	-0.000145967	499.273
34.2207	-3.73822	-396.249	-7.30333	-224.471	4.4956	64.6546	7.792	-5.59509	24.9212	1432.48	1854.28	129.401	-87.1277	0.000311811	497.598
34.2213	-2.53023	-675.84	-12.49	-107.248	2.66066	60.6763	8.69805	14.2473	24.9449	1432.32	1850.45	128.929	-87.738	0.000311811	496.668
34.2220	-3.13423	-1006.6	-18.2846	18.4614	2.96211	10.644	9.31934	32.5899	24.9695	1432.8	1847.09	129.547	-87.738	-0.000298575	495.762
34.2227	-3.44438	-568.097	-21.3395	79.1719	2.35921	-29.3501	8.10264	18.8041	25.0001	1431.89	1843.57	130.458	-87.1277	0.000159203	494.692
34.2233	-2.22008	153.954	-11.882	19.9961	0.524268	-62.5996	5.04797	-10.4403	25.0307	1431.13	1839.42	130.621	-87.2803	0.000159203	493.018
34.2240	1.14269	426.764	1.54623	-56.9189	-0.393201	-106.862	5.95402	-14.4203	25.0553	1431.56	1836.06	130.914	-87.2803	-0.000451137	491.483
34.2247	6.93774	433.796	6.12489	-14.1733	-0.0786402	-65.0498	11.1314	-4.67219	25.08	1432.64	1834.15	132.899	-85.907	-0.000451137	489.949
34.2253	11.5085	309.917	10.7035	139.025	-0.0786402	31.3788	14.1861	-4.96059	25.1036	1433.13	1831.51	134.738	-84.5337	-0.000298575	488.577
34.2260	11.8186	69.4425	18.3296	327.927	-0.694655	39.9415	12.374	1.44203	25.1342	1433.56	1827.35	134.884	-84.5337	-0.000298575	487.833
34.2267	12.7328	18.7733	26.879	513.444	-0.694655	16.7301	11.1314	19.727	25.1648	1432.8	1822.64	134.119	-86.0596	-0.000908915	486.461
34.2273	11.8186	334.906	27.4869	530.867	1.14028	32.301	9.00869	26.1296	25.1894	1429.89	1817.05	132.444	-87.5854	-0.000908915	484.764
34.2280	10.3005	490.869	15.2822	296.195	4.4956	34.7512	0.776611	12.7476	25.2141	1427.46	1811.37	130.768	-88.1958	-0.000298575	483.392
34.2287	8.45588	222.015	2.46197	32.1833	5.71452	7.27167	-8.69805	0.807538	25.2377	1426.38	1806.82	129.092	-88.9587	-0.000298575	482.183
34.2293	1.14269	39.807	-18.9001	-104.81	3.57813	34.1452	-11.1314	5.42204	25.2683	1426.38	1803.78	128.327	-89.4165	-0.000145967	481.113
34.2300	-4.65237	94.1178	-47.8882	-151.528	2.66066	138.82	-6.23878	7.84466	25.2989	1426.98	1801.94	128.636	-88.501	-0.000145967	480.044
34.2307	-5.87667	199.412	-53.6904	-157.938	4.79705	178.182	-0.465967	-3.46088	25.3235	1426.98	1799.95	128.783	-88.1958	-0.000298575	478.974
34.2313	-4.65237	289.134	-42.3939	-70.3249	5.71452	90.8958	-0.465967	-16.2661	25.3482	1427.3	1798.59	128.636	-88.3484	0.000159203	477.742
34.2320	-0.0816205	288.821	-33.852	95.0605	2.35921	52.14	-4.42668	-24.5146	25.3788	1427.62	1797.31	129.401	-87.2803	6.59448e-006	476.533
34.2327	-0.391778	168.583	-15.2372	88.6509	-1.31067	95.77	-6.23878	-26.6488	25.4034	1427.46	1795.23	129.547	-86.8225	-0.000451137	475.161
34.2333	-4.96252	25.8055	7.95635	-135.639	-2.52959	-35.4362	-5.33273	-20.2461	25.4271	1426.87	1792.27	128.473	-87.8906	-0.000298575	473.929
34.2340	-4.35853	-26.9984	19.2454	-295.563	-2.21503	-285.993	-4.11604	-2.82638	25.4576	1425.63	1789.08	127.107	-89.2639	6.59448e-006	472.859
34.2347	-2.82407	-110.945	19.8609	-251.915	-3.74852	-331.151	-3.49475	20.996	25.4882	1424.28	1785.24	126.342	-90.4846	0.000159203	471.65
34.2353	-2.22008	-199.098	20.7766	-174.097	-5.58345	-220.995	-3.49475	30.1096	25.5129	1423.04	1781.65	126.033	-90.7898	0.000311811	470.581
34.2360	-4.35853	-78.2955	25.9632	-188.451	-9.85624	-138.583	-5.02209	24.3415	25.5494	1422.71	1779.33	126.651	-90.332	0.000311811	469.372
34.2367	-12.292	110.003	26.879	-81.0226	-16.5669	-66.2617	-8.07676	29.8212	25.574	1423.63	1778.13	128.636	-89.1113	0.000464373	467.837
34.2373	-19.6052	137.755	24.7398	271.775	-21.1411	10.9338	-8.3874	38.3581	25.5987	1425.03	1776.45	130.621	-87.8906	0.000311811	466.302
34.2380	-21.1397	106.047	22.9083	573.252	-21.4426	39.9415	-4.73733	24.9183	25.6292	1426.22	1774.94	132.134	-86.6699	-0.000298575	464.326
34.2387	-18.6911	218.939	26.5712	616.9	-19.3062	54.5902	1.37201	3.28783	25.6529	1426.54	1772.78	133.355	-85.6018	-0.000145967	462.35
34.2393	-14.4305	226.599	36.3365	475.934	-15.3479	135.158	5.64338	-10.7864	25.6835	1425.79	1768.62	133.062	-86.0596	0.000616981	461.28
34.2400	-10.7576	-260.755	28.1024	321.517	-8.62421	243.179	9.31934	-39.1656	25.714	1425.19	1764.87	132.134	-86.9751	0.000464373	460.35
34.2407	-8.32529	-951.978	13.4507	265.05	-1.61212	280.407	13.2801	-71.1787	25.7446	1424.55	1762.55	131.532	-86.9751	0.000159203	458.978
34.2413	-5.58284	-1042.96	17.1137	161.278	4.4956	186.429	16.6454	-65.9874	25.7752	1424.11	1760.39	130.914	-86.9751	-0.000145967	457.769
34.2420	-3.13423	-482.644	14.9745	-3.20479	14.2601	-5.84895	19.3894	-41.5882	25.7998	1423.79	1758	130.768	-86.8225	0.000159203	456.7
34.2427	-2.22008	-33.7167	-7.91132	2.57286	19.1358	-173.677	18.7681	-31.494	25.8304	1423.2	1755.84	129.856	-87.1277	0.000311811	455.467
34.2433	-0.99577	148.743	-23.779	56.0162	14.863	-271.95	15.4287	-35.8201	25.861	1423.04	1754.48	129.238	-87.5854	-0.000145967	453.793
34.2440	0.228537	227.226	-9.13479	-71.2728	11.2062	-359.842	12.9694	-45.8566	25.8787	1423.47	1753.52	129.694	-86.8225	6.59448e-006	451.817
34.2447	-1.30593	-103.913	9.17983	-232.37	11.8222	-428.212	8.69805	-55.028	25.9093	1423.95	1753.12	130.768	-85.2966	-0.000145967	449.98
34.2453	-0.391778	-536.955	14.3665	-216.843	12.1237	-337.869	3.20999	-41.8766	25.9458	1423.95	1752.32	131.679	-83.9233	-0.000145967	448.004
34.2460	3.28114	-446.039	21.3846	-33.4021	10.2888	-112.948	0.155322	-4.67219	25.9704	1424.11	1751.44	131.532	-84.2285	6.59448e-006	446.934
34.2467	4.79928	-172.288	24.7398	150.625	3.27667	50.322	-1.37201	17.5928	26.001	1422.6	1748.81	130.149	-86.2122	-0.000145967	445.865
34.2473	1.43652	-33.7167	23.824	168.59	-7.40528	118.665	-3.49475	14.5357	26.0316	1420.12	1745.61	129.238	-87.8906	-0.000451137	444.632
34.2480	-3.13423	262.324	18.9451	-68.2034	-15.3479	130.258	-4.73733	10.2673	26.0621	1419.53	1743.45	128.783	-88.9587	-0.000756307	444.19
34.2487	-4.96252	448.739	-14.0137	-339.528	-19.9222	59.1745	-5.95402	2.94175	26.0868	1419.04	1741.06	128.018	-90.0269	-0.000603745	443.26
34.2493	-4.65237	25.4916	-46.3645	-325.76	-23.2775	-42.1546	-5.02209	0.807538	26.1174	1417.85	1738.1	127.709	-90.332	6.59448e-006	441.749
34.2500	-3.44438	-239.093	-29.2734	-226.276	-24.7979	-90.6851	-2.5887	9.34437	26.1479	1418.29	1736.9	128.929	-89.2639	0.000464373	440.517
34.2507	1.74668	120.677	-3.03242	-272.678	-25.4139	-110.208	1.06137	4.49914	26.1785	1419.2	1736.58	130.914	-87.738	-0.000145967	439.005
34.2513	5.10944	437.438	2.16173	-297.098	-23.8935	-116.926	6.26466	-3.74928	26.2091	1419.36	1735.54	131.842	-86.6699	-0.000145967	437.773
34.2520	4.48913	494.825	21.3846	-204.294	-17.1698	-68.712	9.00869	11.1902	26.2396	1418.93	1733.07	130.914	-87.738	0.000159203	437.006
34.2527	4.79928	341.059	47.0175	-81.6545	-9.85624	-21.3935	7.48136	29.5328	26.2633	1418.02	1731.23	129.856	-88.501	0.000159203	435.332
34.2533	6.02359	55.3782	31.7579	-9.61438	-10.4591	-36.3583	0.465967	37.1468	26.2939	1418.18	1730.99	130.312	-87.5854	0.000159203	433.355
34.2540	6.02359	-314.814	-13.7135	53.5787	-8.62421	-37.2805	-12.0375	40.2039	26.3244	1417.37	1729.71	129.547	-87.8906	6.59448e-006	431.984
34.2547	3.88513	-885.486	-33.852	82.2413	7.54946	0.579626	-18.7681	35.301	26.355	1415.69	1727.87	127.562	-89.5691	6.59448e-006	431.054
34.2553	-1.30593	-1127.15	-37.2072	-6.86097	20.3678	29.8771	-16.3347	24.6299	26.3856	1414.34	1726.67	126.342	-90.4846	0.000311811	430.147
34.2560	-4.35853	-419.48	-44.8408	-92.623	16.3965	69.8449	-10.536	4.78755	26.4102	1413.86	1726.67	126.033	-90.4846	0.000311811	428.775
34.2567	-3.44438	530.551	-25.9182	-128.011	8.45382	88.4456	-6.54942	-19.0348	26.4408	1414.94	1727.87	126.651	-89.5691	0.000159203	427.403
34.2573	-3.73822	681.93	12.2273	-98.7167	6.31743	83.5715	-6.86007	-25.0914	26.4714	1416.02	1729.31	127.562	-88.1958	0.000311811	425.264
34.2580	-5.87667	201.546	25.3552	-55.7002	9.37129	122.327	-7.76611	-16.2661	26.5019	1416.18	1730.51	128.473	-86.5173	0.000159203	422.52
34.2587	-6.18683	52.0505	-1.20096	-136.587	10.9048	150.703	-7.17071	-0.980582	26.5325	1417.37	1732.51	129.401	-85.907	-0.000298575	421.451
34.2593	-4.65237	393.235	-33.5443	-137.806	8.45382	102.804	-6.86007	15.4586	26.5631	1417.53	1732.83	128.929	-86.6699	0.000311811	420.986
34.2600	-7.10098	272.37	-43.0093	55.3842	5.09851	-3.08255	-8.07676	18.2273	26.5937	1415.69	1731.71	128.181	-87.1277	0.000616981	419.149
34.2607	-4.96252	34.3445	-61.0087	165.25	0.825722	-85.7846	-10.2254	7.21016	26.6173	1414.78	1732.19	128.929	-86.8225	6.59448e-006	417.033
34.2613	12.7328	493.004	-70.166	82.5573	-0.996109	-35.1464	-12.3481	1.73044	26.6538	1414.67	1732.51	129.547	-87.1277	-0.000603745	415.801
34.2620	23.1149	527.788	-51.5512	9.61438	3.57813	99.7483	-12.3481	2.01885	26.6844	1414.67	1732.35	129.547	-87.8906	-0.000603745	415.034
34.2627	12.1288	0.125574	-44.5331	48.3879	9.06983	156.815	-11.1314	2.01885	26.7149	1414.78	1732.19	130.149	-87.8906	-0.000603745	414.127
34.2633	0.832529	113.959	-45.141	145.434	12.4251	93.952	-11.1314	7.55625	26.7455	1414.78	1732.03	131.223	-86.9751	-0.000603745	413.522
34.2640	-4.65237	545.494	-33.852	278.185	13.6441	-5.24298	-11.1314	13.6705	26.7761	1414.94	1732.03	132.297	-86.0596	6.59448e-006	411.685
34.2647	-2.82407	679.796	-25.3102	266.585	12.1237	-68.3958	-10.2254	16.3815	26.8067	1415.26	1732.19	133.355	-84.9915	0.000311811	409.244
34.2653	5.4196	463.431	-28.9656	47.7559	7.85091	-82.4386	-9.29345	18.2273	26.8372	1415.86	1732.67	133.664	-84.2285	-0.000145967	408.012
34.2660	8.76604	-232.061	-26.8339	-1.35414	3.87958	-41.2325	-12.6588	22.2073	26.8678	1416.02	1732.67	133.208	-84.5337	-0.000298575	406.803
34.2667	9.68019	-689.528	-15.2372	64.5472	4.4956	18.5744	-18.4575	27.9754	26.8984	1414.78	1732.35	131.988	-85.4492	-0.000298575	406.035
34.2673	15.1814	-353.868	-8.21906	-123.452	8.15237	57.0141	-20.6061	22.2073	26.9348	1412.83	1731.39	129.694	-87.2803	-0.000451137	405.268
34.2680	14.5611	-113.08	0.330264	-281.841	11.2062	83.5715	-17.5514	3.86465	26.9654	1410.51	1731.15	127.562	-88.8062	-0.000451137	403.896
34.2687	3.28114	-86.2066	16.1979	-177.437	12.4251	108.917	-12.3481	-8.6522	26.996	1409.16	1732.19	126.798	-89.2639	-0.000298575	402.222
34.2693	-5.87667	229.612	27.1867	-85.5815	10.2888	131.496	-7.48136	-13.4974	27.0206	1409.59	1733.86	126.196	-89.5691	-0.000298575	400.99
34.2700	-8.61912	213.162	35.1205	2.88883	5.41307	98.8262	-2.89935	-19.0348	27.0512	1410.67	1736.18	126.96	-88.8062	-0.000145967	400.385
34.2707	-9.23944	-116.721	42.1386	240.044	2.05775	48.7939	-0.750724	-20.823	27.0877	1410.51	1738.26	128.018	-87.5854	0.000159203	398.548
34.2713	-10.1536	-135.369	21.9926	421.317	3.27667	94.2682	-0.465967	-22.0343	27.1124	1409.59	1738.9	127.562	-87.5854	-0.000145967	396.107
34.2720	-13.5163	-154.268	-22.8633	373.697	3.87958	176.338	0.155322	-19.9001	27.1429	1409.33	1739.78	127.416	-87.8906	-0.000145967	395.363
34.2727	-15.9486	-207.386	-38.4307	160.962	0.524268	186.718	0.155322	-11.9977	27.1725	1409.76	1741.46	128.018	-87.5854	0.000311811	394.293
34.2733	-15.9486	-76.7258	-16.1529	-117.043	-2.83105	110.735	0.465967	-3.46088	27.2031	1409.59	1742.25	128.181	-87.738	0.000311811	392.294
34.2740	-13.8102	-58.1408	4.60117	-286.716	-5.26889	4.24181	4.42668	9.05597	27.2405	1408.41	1742.09	128.018	-88.501	0.000159203	391.387
34.2747	1.14269	-44.0765	15.2822	-155.184	-7.71984	-79.9883	9.62998	18.2273	27.2711	1406.73	1741.46	127.416	-89.7217	0.000311811	390.62
34.2753	24.0291	104.227	21.0768	122.234	-6.18636	-156.604	12.6588	13.9589	27.3007	1405.92	1741.22	126.651	-90.6372	0.000159203	389.248
34.2760	17.0097	5.96477	18.9451	196.395	-3.44706	-203.29	12.9694	1.44203	27.3254	1405.65	1741.61	126.488	-90.1794	6.59448e-006	387.737
34.2767	-18.6911	-214.669	15.5899	132.886	-2.52959	-179.473	15.4287	-15.6316	27.3559	1406.09	1743.61	128.018	-89.1113	6.59448e-006	386.342
34.2773	-43.1119	-165.883	16.1979	97.4979	-0.996109	-116.004	18.4575	-35.1856	27.3865	1407.17	1745.93	129.856	-87.4329	0.000464373	383.9
34.2780	-49.2171	62.7243	15.8902	-5.95821	0.222814	-38.2026	15.4287	-43.1456	27.4111	1407.49	1746.65	130.149	-86.5173	0.000922151	381.622
34.2787	-49.8211	-1.38132	11.3115	-10.5171	0.222814	34.7512	10.2254	-28.1485	27.4417	1408.41	1748.17	130.914	-86.2122	0.000616981	381.157
34.2793	-47.6827	-430.782	5.20916	135.955	0.222814	65.8665	9.62998	-7.44089	27.4664	1408.52	1749.13	131.679	-85.907	-0.000145967	379.948
34.2800	-49.5273	-517.428	4.29343	121.015	-0.694655	80.8314	10.536	-5.88349	27.49	1407.17	1748.49	131.077	-85.907	-0.000145967	378.413
34.2807	-55.3224	-352.612	12.8428	-5.95821	-0.0786402	101.882	10.536	-14.4203	27.5206	1406.41	1748.49	130.458	-86.8225	0.000464373	377.808
34.2813	-47.3888	-500.664	26.879	-39.8117	2.96211	109.813	11.1314	-15.9777	27.5453	1406.25	1748.81	130.312	-87.2803	0.000464373	376.576
34.2820	-27.5551	-624.543	35.4208	11.465	4.4956	112.579	12.6588	-18.1119	27.5699	1405.65	1748.81	129.547	-87.4329	0.000159203	375.204
34.2827	5.4196	-374.902	32.6736	21.5308	2.66066	105.545	14.1861	-20.2461	27.6005	1405.82	1749.69	128.783	-87.4329	6.59448e-006	374.6
34.2833	62.4723	-269.294	18.0294	-111.22	1.74319	38.0972	14.8074	-11.0748	27.6251	1405.92	1750.8	128.636	-86.6699	6.59448e-006	373.088
34.2840	81.0981	-532.999	-7.30333	-157.938	2.66066	-75.4304	11.7527	7.21016	27.6616	1405.65	1752.32	129.547	-85.6018	0.000311811	370.182
34.2847	49.0539	-75.8468	-21.3395	-89.2828	1.44174	-119.666	6.57531	22.7841	27.6853	1406.09	1754.32	130.003	-84.8389	0.000311811	368.647
34.2853	34.101	991.973	-9.74278	-197.614	-1.91358	-82.4386	2.30395	24.9183	27.7099	1407	1756.48	130.621	-84.5337	-0.000145967	368.043
34.2860	34.4112	843.984	3.07746	-297.685	-3.44706	-69.6341	-1.68266	17.3044	27.7405	1406.73	1757.52	131.386	-84.5337	-0.000298575	366.671
34.2867	29.8241	-56.6339	-2.11669	-193.642	-2.21503	-100.143	-4.42668	18.5157	27.7652	1405.33	1756.48	130.914	-85.6018	-0.000145967	365.602
34.2873	25.2534	-23.0429	-11.5742	-91.0883	-1.31067	-103.2	-4.11604	31.9554	27.7898	1403.33	1754.16	129.694	-87.2803	-0.000298575	364.834
34.2880	21.8906	462.176	-12.1822	-153.965	-0.393201	-58.3314	-0.465967	51.7978	27.8204	1401.82	1752.48	129.238	-88.3484	-0.000603745	363.927
34.2887	20.9765	489.676	-8.5193	-279.675	0.825722	-4.00469	-1.68266	60.0462	27.8441	1400.9	1751.28	129.401	-88.9587	-0.000298575	362.858
34.2893	20.3725	235.765	-5.77211	-167.687	1.14028	17.0463	-13.5648	33.8012	27.8628	1401.23	1750.64	129.856	-88.8062	-0.000451137	361.928
34.2900	18.234	71.8912	-3.94815	88.0641	2.96211	-26.2939	-30.3655	6.63335	27.8934	1401.66	1750.32	130.768	-88.1958	-0.000603745	360.417
34.2907	17.0097	146.043	-4.55614	127.695	6.63199	-90.9749	-42.2735	11.4786	27.9239	1400.9	1748.81	131.077	-87.4329	-0.000145967	357.975
34.2913	15.1814	370.004	-4.55614	8.07969	8.45382	-96.1652	-41.9629	21.5728	27.9486	1400.74	1747.77	130.768	-87.2803	6.59448e-006	356.603
34.2920	11.8186	400.268	-1.80894	-88.0641	6.63199	-4.00469	-33.4202	16.0931	27.9722	1401.07	1747.61	130.149	-87.738	6.59448e-006	355.836
34.2927	8.76604	217.746	-0.285228	-164.031	2.35921	54.5902	-23.9455	5.07595	27.9969	1400.74	1747.29	129.547	-87.8906	-0.000145967	354.604
34.2933	6.93774	75.5328	-1.80894	-207.68	-0.0786402	-36.3583	-12.6588	-1.32667	28.0216	1400.58	1747.29	129.092	-87.5854	-0.000145967	352.93
34.2940	6.62758	-7.47166	-1.80894	-239.998	0.524268	-116.926	-0.750724	-4.96059	28.0462	1399.83	1746.65	128.181	-88.0432	0.000311811	352.023
34.2947	8.45588	-29.7611	-1.5012	-284.279	0.825722	-71.1359	11.4421	-12.9206	28.0768	1398.15	1745.61	127.107	-89.5691	0.000311811	351.116
34.2953	10.5943	85.2648	-1.20096	-224.155	0.222814	18.5744	27.6215	-18.1119	28.1004	1396.05	1743.93	126.033	-90.9424	6.59448e-006	349.116
34.2960	11.5085	241.542	0.938249	-102.102	-0.393201	19.4965	44.7069	-13.4974	28.1133	1395.56	1742.89	125.577	-90.9424	0.000464373	347.605
34.2967	9.38635	254.664	3.3777	-60.2591	0.222814	-131.891	56.3043	-12.5745	28.1438	1397.56	1743.61	127.107	-89.5691	0.000159203	346.838
34.2973	5.10944	199.726	4.29343	-27.3084	0.825722	-257.907	57.2363	-19.6116	28.1803	1398.91	1744.41	129.238	-87.2803	0.000311811	345.303
34.2980	2.05684	130.158	3.3777	18.7774	1.44174	-149.28	37.6915	-15.3432	28.1981	1399.66	1743.77	130.458	-86.0596	0.000311811	343.792
34.2987	0.522371	-110.317	3.99319	-41.9783	2.66066	47.5556	3.52064	-5.59509	28.2227	1400.15	1742.73	131.386	-85.7544	-0.000145967	342.862
34.2993	-0.0816205	-244.932	5.51691	-95.3764	3.27667	148.569	-9.00869	-7.0948	28.2474	1399.66	1741.22	131.842	-85.7544	6.59448e-006	341.792
34.3000	1.43652	-50.2297	4.60117	6.545	3.87958	167.802	5.95402	-8.6522	28.272	1399.07	1738.9	131.386	-86.3647	6.59448e-006	340.421
34.3007	4.48913	190.245	2.46197	121.918	4.4956	88.7617	13.5907	-4.03769	28.2957	1398.31	1736.18	131.532	-86.6699	6.59448e-006	339.351
34.3013	7.85189	240.035	0.938249	129.23	4.79705	-44.6048	14.4967	-0.403769	28.3203	1397.23	1733.7	131.679	-87.1277	-0.000145967	337.84
34.3020	8.76604	-106.675	0.022518	76.7345	2.96211	-106.256	17.5514	3.28783	28.345	1396.64	1731.71	131.386	-87.4329	6.59448e-006	336.305
34.3027	7.85189	-551.019	0.330264	71.8596	0.222814	-77.8542	21.2015	10.6134	28.3697	1396.8	1730.67	131.532	-87.4329	6.59448e-006	335.235
34.3033	4.79928	-587.624	1.54623	120.699	0.222814	-6.45492	30.6761	11.8247	28.4002	1396.64	1729.31	131.988	-87.2803	-0.000298575	334.026
34.3040	0.228537	-442.335	1.85398	108.196	1.44174	90.2899	34.0415	-0.980582	28.4239	1397.07	1728.03	132.899	-86.0596	-0.000145967	332.631
34.3047	-0.99577	-289.762	1.24599	44.6866	0.825722	138.504	27.9321	-13.8435	28.4426	1398.31	1727.15	133.973	-84.5337	0.000311811	331.585
34.3053	3.28114	-135.683	0.938249	57.5057	1.14028	123.249	27.3108	-16.5545	28.4732	1398.8	1725.95	134.738	-83.9233	-0.000298575	329.446
34.3060	6.93774	-116.407	1.24599	124.671	2.05775	119.903	19.9848	-13.209	28.4978	1397.99	1723.8	134.282	-84.2285	-0.000603745	327.749
34.3067	2.97098	-96.8804	3.99319	146.924	-2.21503	112.869	-3.49475	-6.80639	28.5215	1396.48	1720.92	132.297	-85.4492	-0.000298575	327.609
34.3073	-4.04838	23.6707	7.64861	168.319	-7.40528	73.5071	-25.7835	-1.90348	28.5462	1394.37	1717.56	129.856	-87.5854	-0.000451137	327.005
34.3080	-6.18683	130.785	7.64861	251.012	-7.40528	37.8074	-39.8143	5.07595	28.5708	1393.56	1715.41	128.783	-88.8062	-0.000298575	326.075
34.3087	-3.73822	106.675	6.12489	310.82	-7.10383	40.8636	-41.3416	10.6134	28.5886	1393.46	1713.89	128.929	-88.3484	6.59448e-006	325.307
34.3093	0.228537	141.145	8.2641	272.046	-11.0752	66.1827	-29.4336	8.47915	28.6191	1392.54	1712.21	128.636	-88.501	-0.000451137	323.331
34.3100	2.36699	254.978	9.78782	229.03	-12.5955	77.7752	-18.4575	-2.24957	28.6379	1392.65	1711.89	128.636	-88.6536	-0.000756307	321.355
34.3107	2.36699	-37.6722	8.87208	251.915	-8.93877	67.3946	-10.8208	-23.5917	28.6625	1393.13	1711.25	129.092	-87.8906	6.59448e-006	319.983
34.3113	-0.391778	-391.98	7.95635	328.198	-5.58345	44.5258	-2.5887	-37.6082	28.6862	1392.81	1709.57	129.401	-87.8906	0.000311811	319.518
34.3120	-2.82407	-364.542	6.12489	393.242	-4.96744	27.1107	1.37201	-36.6853	28.7168	1392.65	1708.21	129.694	-87.4329	-0.000145967	318.611
34.3127	-1.59976	-390.159	3.3777	305.313	-2.21503	31.089	-5.02209	-29.7059	28.7355	1392.54	1706.06	130.003	-87.1277	-0.000298575	316.611
34.3133	2.05684	-340.118	2.46197	234.537	2.05775	49.0837	-16.3347	-15.3432	28.7542	1392.05	1703.34	130.149	-87.8906	-0.000145967	315.239
34.3140	6.02359	-78.2955	4.60117	379.159	5.71452	48.7939	-27.6215	-0.692176	28.7779	1390.87	1699.19	130.003	-88.8062	-0.000451137	313.868
34.3147	7.2479	91.9831	5.20916	418.564	9.68585	42.9977	-30.0549	-5.249	28.7966	1388.54	1693.59	128.929	-89.8743	-0.000603745	312.194
34.3153	4.79928	120.112	-4.55614	134.105	12.1237	81.4374	-18.1468	-20.5345	28.8213	1387.46	1688.88	127.562	-90.7898	0.000159203	311.426
34.3160	3.28114	-90.4762	-22.2553	-162.181	9.06983	148.885	-7.76611	-20.5345	28.8578	1387.95	1685.6	127.709	-90.6372	0.000464373	310.357
34.3167	1.14269	-212.848	-28.0499	-258.324	1.74319	126.912	-4.73733	-10.1519	28.8824	1389.03	1683.84	128.783	-89.2639	0.000464373	308.683
34.3173	-3.44438	-167.076	-17.6766	-191.475	-7.10383	-11.329	-0.155322	-10.7864	28.9002	1390.22	1682.56	130.149	-87.5854	0.000311811	307.148
34.3180	-5.87667	-410.941	-9.13479	-15.392	-13.8145	-95.2694	3.83128	-15.6316	28.9189	1390.97	1680.49	131.077	-86.2122	0.000159203	305.776
34.3187	-7.41114	-269.608	-9.13479	61.207	-11.9926	-63.2055	4.42668	-3.46088	28.9426	1390.97	1677.85	130.914	-85.7544	0.000159203	304.404
34.3193	-11.6717	353.554	-10.3508	-38.5929	-3.1325	-42.4707	5.64338	12.7476	28.9732	1390.97	1675.53	130.914	-86.0596	6.59448e-006	303.335
34.3200	-14.7243	380.113	-10.9663	-100.838	1.14028	-104.095	7.792	14.5357	28.9978	1390.38	1672.1	130.458	-86.6699	-0.000145967	302.73
34.3207	-11.6717	155.461	-13.4057	-62.4258	-1.61212	-144.696	5.95402	10.2673	29.0165	1389.79	1668.26	130.003	-86.6699	0.000311811	302.126
34.3213	-5.27268	226.912	-14.6292	-81.9253	-3.1325	-60.7816	-0.465967	-3.74928	29.0471	1389.46	1665.07	130.003	-86.6699	0.000159203	300.893
34.3220	-0.391778	318.77	-10.6585	-143.268	-1.31067	80.8314	-2.27806	-7.44089	29.0777	1388.71	1661.71	129.856	-86.9751	-0.000298575	298.917
34.3227	4.48913	519.877	-5.47187	-216.211	-0.694655	184.295	3.20999	24.6299	29.0954	1387.46	1657.39	129.694	-86.9751	-0.000298575	296.778
34.3233	4.79928	570.86	-0.893213	-342.236	-2.83105	226.08	-1.06137	47.5294	29.126	1387.03	1653	129.856	-86.8225	0.000311811	295.267
34.3240	-13.2062	208.893	1.85398	-429.217	-3.1325	141.56	-16.3347	31.9554	29.1566	1387.79	1649.96	130.621	-86.0596	0.00107471	294.639
34.3247	-44.6301	64.2312	-2.11669	-427.682	-2.21503	-136.765	-23.6349	9.97887	29.1812	1389.3	1647.49	131.679	-85.6018	6.59448e-006	293.43
34.3253	-69.6549	213.162	-5.47187	-399.019	-2.83105	-364.11	-21.8228	4.78755	29.2059	1390.06	1645.09	133.208	-84.8389	-0.000756307	291.756
34.3260	-80.9512	235.138	-3.94815	-390.488	-1.91358	-282.014	-16.6195	10.6134	29.2365	1389.3	1641.09	133.664	-84.3811	6.59448e-006	290.988
34.3267	-79.433	198.533	-3.03242	-357.492	2.05775	-130.653	-10.536	19.4386	29.2601	1387.79	1636.06	131.842	-86.2122	-0.000145967	290.523
34.3273	-83.0896	112.766	-3.03242	-259.227	4.4956	-118.138	-6.23878	24.3415	29.2848	1386.12	1631.35	130.621	-87.5854	-0.000451137	290.221
34.3280	-100.785	-135.055	-0.285228	-141.146	4.79705	-127.913	-1.96742	18.5157	29.3094	1384.71	1626.55	130.312	-88.0432	-0.000145967	289.617
34.3287	-109.633	-434.738	11.3115	37.0582	4.19414	-104.095	-0.155322	10.9018	29.3459	1383.69	1622	129.856	-88.9587	-0.000451137	287.478
34.3293	-88.5745	-626.678	26.5712	305.945	1.14028	-64.1277	-1.37201	4.78755	29.3706	1383.36	1618.32	130.003	-88.8062	-0.000451137	285.943
34.3300	-41.5775	-563.828	34.5051	515.295	-3.1325	-0.342506	-4.73733	-9.5751	29.3942	1383.96	1615.28	130.312	-88.1958	-0.000145967	285.036
34.3307	21.8906	-164.628	37.8677	568.106	-5.88491	83.2817	-8.3874	-16.5545	29.4248	1384.12	1611.77	130.312	-87.738	-0.000145967	283.664
34.3313	86.8932	206.13	37.8677	421.904	-5.88491	113.791	-12.0375	-8.0177	29.4554	1383.96	1607.85	129.694	-87.2803	0.000159203	282.432
34.3320	60.644	249.453	33.8971	92.623	-4.66598	51.534	-14.1861	-10.7864	29.4859	1383.79	1604.02	128.929	-87.4329	0.000159203	281.362
34.3327	-63.566	296.167	32.0656	-249.793	-4.04997	0.579626	-12.9694	-12.9206	29.5106	1383.69	1600.98	128.783	-87.5854	6.59448e-006	280.293
34.3333	-149.316	441.456	22.6081	-443.254	-1.91358	11.856	-9.29345	9.05597	29.5412	1382.93	1597.47	128.473	-87.5854	-0.000145967	279.386
34.3340	-150.541	391.666	-8.5193	-408.182	-1.31067	9.40574	-6.86007	29.5328	29.5658	1381.85	1593.47	127.416	-88.3484	0.000159203	278.479
34.3347	-118.497	182.334	-41.7859	-216.211	-1.61212	-13.1733	-8.07676	47.5294	29.6023	1380.61	1589.64	126.196	-89.5691	0.000311811	277.549
34.3353	-105.976	-92.6109	-60.1005	-13.9025	-0.694655	-47.0287	-10.2254	77.7544	29.6329	1379.26	1585.72	125.431	-90.332	-0.000145967	276.48
34.3360	-116.048	-396.563	-65.8951	97.8139	-0.0786402	-71.7682	-7.48136	98.8081	29.6575	1379.26	1582.6	126.196	-89.8743	6.59448e-006	275.41
34.3367	-120.015	-376.722	-54.2984	65.766	-0.694655	-30.8782	-1.68266	101.519	29.6881	1380.77	1580.69	128.018	-88.1958	0.000311811	273.597
34.3373	-86.7462	-51.4226	-31.7128	-109.73	-4.66598	42.9977	1.37201	88.4254	29.7118	1382.12	1578.53	129.401	-87.2803	0.000311811	271.76
34.3380	-34.5744	37.1072	-14.0137	-314.16	-13.2116	115.609	3.52064	65.2376	29.7364	1383.04	1576.21	130.149	-86.8225	-0.000451137	270.225
34.3387	59.1259	-265.338	2.16173	-340.114	-20.5251	172.676	6.26466	35.9355	29.7729	1382.93	1573.01	130.914	-86.2122	-0.000603745	269.156
34.3393	205.912	-447.546	29.0182	-171.976	-25.1124	137.898	7.17071	-4.96059	29.8035	1382.61	1568.3	130.621	-86.9751	-0.000145967	268.714
34.3400	220.555	-180.827	49.7647	-16.024	-27.2488	28.0328	4.73733	-38.8195	29.8281	1382.01	1563.27	129.856	-87.738	6.59448e-006	267.644
34.3407	116.799	69.7564	13.7585	-0.767345	-28.1663	-6.74473	1.9933	-44.0108	29.8587	1380.93	1559.59	129.547	-87.5854	-0.000145967	266.11
34.3413	74.6827	99.957	-59.7927	-75.2449	-33.3434	42.9977	0.155322	-39.7424	29.8893	1380.18	1556.39	128.783	-86.9751	-0.000145967	265.342
34.3420	61.5582	176.243	-78.4076	-140.244	-34.5755	48.7939	-0.750724	-47.7024	29.9198	1380.02	1553.04	126.96	-87.1277	-0.000145967	264.273
34.3427	45.3973	273.312	-34.1598	-141.733	-32.4391	14.9122	-1.37201	-54.7396	29.9504	1379.1	1550	124.357	-87.4329	-0.000145967	263.064
34.3433	51.7963	283.044	4.90892	-74.297	-30.9056	-4.00469	-2.27806	-43.1456	29.9741	1379.53	1547.84	121.314	-86.8225	6.59448e-006	262.599
34.3440	55.4529	245.811	11.927	25.5029	6.93344	-17.4415	-0.750724	-27.5717	30.0046	1380.77	1547.84	118.255	-85.4492	0.000311811	261.692
34.3447	55.1591	198.219	14.9745	104.81	54.8515	-53.7471	3.20999	-28.783	30.0352	1381.1	1547.68	114.139	-84.2285	6.59448e-006	259.088
34.3453	63.0926	-93.2388	29.9264	133.202	49.0453	-120.588	4.42668	-39.1656	30.0658	1381.2	1548.16	108.802	-83.9233	-0.000298575	257.274
34.3460	60.9542	-590.387	32.3734	123.768	22.8057	-163.323	3.83128	-39.1656	30.0963	1380.77	1549.68	101.627	-84.3811	6.59448e-006	256.949
34.3467	49.9681	-773.16	20.7766	101.154	13.6441	-148.358	3.83128	-31.2056	30.121	1378.61	1550.48	92.6128	-86.2122	-0.000145967	256.205
34.3473	42.9487	-629.44	1.24599	112.755	8.76838	-87.945	3.83128	-23.8801	30.1457	1376.51	1551.36	83.4687	-88.1958	-0.000451137	255.135
34.3480	30.1343	-457.592	-3.33266	206.145	4.79705	-5.84895	5.33273	-8.0177	30.1821	1375.43	1554.24	75.073	-89.1113	-0.000298575	254.507
34.3487	16.6995	-138.383	18.6374	319.667	5.41307	60.0703	8.69805	18.2273	30.2127	1375.59	1558.87	67.4421	-89.5691	-0.000451137	253.763
34.3493	13.3531	474.105	31.1499	395.679	8.15237	108.285	13.5907	37.4352	30.2374	1375	1563.11	60.2667	-89.2639	-0.000145967	252.066
34.3500	17.9239	874.184	25.6555	439.012	9.37129	161.083	16.9301	38.9926	30.261	1374.67	1567.26	52.9449	-88.0432	0.000464373	250.857
34.3507	17.9239	640.114	21.3846	411.523	10.5902	183.662	17.5514	23.707	30.2916	1376.02	1572.7	45.7695	-87.4329	0.000159203	250.392
34.3513	5.71343	106.989	22.3003	381.325	13.0412	179.71	17.2408	-2.24957	30.3222	1376.02	1577.49	37.9921	-87.1277	-0.000451137	248.718
34.3520	-4.35853	-241.542	18.9451	377.353	14.2601	201.077	18.1727	-26.9372	30.3409	1375.27	1580.69	28.6852	-87.4329	-0.000298575	247.509
34.3527	13.043	-219.88	11.3115	276.65	12.1237	195.281	21.8228	-44.6453	30.3656	1375.59	1584.76	19.6875	-88.9587	0.000159203	247.183
34.3533	62.4723	-121.305	3.07746	125.258	8.15237	127.834	23.6608	-60.5077	30.3892	1375.59	1589.08	10.0716	-83.0078	0.000159203	246.439
34.3540	96.051	-167.704	-8.82705	59.3564	6.01597	57.3302	17.8621	-67.2564	30.4139	1374.35	1591.79	-1.2203	-79.8035	-0.000145967	245.207
34.3547	83.5304	-34.6585	-15.8452	128.959	7.54946	-76.0363	7.792	-54.7396	30.4444	1373.16	1594.51	-13.4233	-142.212	-0.000145967	244.137
34.3553	60.3502	18.1455	-12.49	264.147	8.76838	-252.111	-0.465967	-29.9943	30.4632	1372.84	1598.19	-25.4799	8.08716	6.59448e-006	243.231
34.3560	49.0539	-249.453	-7.60357	219.28	7.54946	-218.545	-4.73733	-3.46088	30.4809	1373.27	1602.9	-36.1698	-121.765	-0.000145967	242.301
34.3567	43.5527	-163.121	-2.72468	-144.216	5.09851	29.8771	-5.33273	9.34437	30.4997	1375	1609.05	-43.9472	-391.235	6.59448e-006	241.394
34.3573	37.4475	325.488	8.56434	-609.272	2.66066	208.086	-6.86007	5.71045	30.5174	1376.02	1615.76	-50.5043	2005	0.000464373	240.022
34.3580	28.5998	540.283	27.4869	-742.654	-0.996109	164.456	-12.0375	5.42204	30.5421	1376.35	1621.44	-58.5908	4999.85	0.000769543	238.046
34.3587	20.6663	356.317	36.6443	-429.849	-5.88491	21.0246	-16.0241	1.44203	30.5608	1376.78	1625.35	-67.4421	4999.85	0.000159203	236.674
34.3593	16.0956	77.3537	27.4869	-81.9253	-11.0752	-25.0556	-17.5514	-23.3032	30.5786	1376.51	1627.19	-74.6174	4820.4	-0.000451137	235.441
34.3600	10.9045	-221.701	23.5238	-40.1276	-11.6781	10.9338	-19.0788	-39.454	30.5973	1375.27	1626.47	-79.6451	4999.85	0.000159203	234.07
34.3607	7.85189	-207.386	37.56	-178.701	-6.18636	1.1856	-18.1468	-29.7059	30.615	1375.1	1624.31	-83.6151	4972.08	0.000464373	233.767
34.3613	12.1288	36.7932	54.0356	-245.821	-0.393201	-62.5996	-15.7134	-18.1119	30.6338	1375.75	1621.12	-85.6002	4835.05	-0.000145967	233.465
34.3620	21.2866	18.7733	37.2522	-247.356	-0.0786402	-134.025	-14.1861	-17.4774	30.6456	1375.59	1615.6	-86.8205	4999.85	0.000311811	231.93
34.3627	28.5998	35.8514	1.54623	-250.109	-3.44706	-197.784	-10.2254	-14.7664	30.6644	1375.27	1609.21	-87.1296	4227.75	-0.000451137	230.721
34.3633	27.0817	153.075	6.74038	-229.346	-4.66598	-245.392	-4.42668	5.42204	30.6762	1375.59	1602.82	-84.5263	822.601	-0.00151926	229.35
34.3640	24.3392	122.812	26.5712	-214.089	0.524268	-273.794	-1.37201	19.4386	30.689	1376.51	1595.95	-81.9393	-446.93	-0.000603745	227.978
34.3647	25.5472	70.3215	0.022518	-181.139	5.71452	-278.352	-0.155322	8.76756	30.7068	1377.69	1588.76	-80.4098	16.3269	-0.000451137	227.048
34.3653	22.8048	60.9035	-43.9251	-94.4737	7.85091	-235.934	2.30395	-3.11479	30.7196	1378.61	1580.93	-79.0431	-92.926	-0.000451137	226.745
34.3660	17.6137	60.5895	-44.2253	-43.197	10.9048	-159.95	5.33273	-3.11479	30.7255	1377.86	1571.5	-80.4098	27.9236	-0.000451137	225.839
34.3667	-0.685612	69.7564	-14.6292	-68.5194	14.2601	-99.8273	6.26466	3.57624	30.7432	1375.59	1560.95	-83.9243	-347.748	-0.000603745	224.606
34.3673	-27.8489	55.3782	7.04062	-96.5952	14.2601	-63.8115	4.73733	11.1902	30.7561	1374.51	1552.56	-85.9093	185.699	0.000311811	224.606
34.3680	-26.6246	-26.9984	20.1611	-99.3486	12.1237	-32.38	2.89935	12.4015	30.7561	1373.92	1546.01	-87.1296	3453.52	0.000464373	224.002
34.3687	-5.27268	-129.53	5.51691	-95.0605	11.2062	-3.39871	0.776611	10.2673	30.762	1373.16	1539.93	-88.3499	4999.85	6.59448e-006	222.932
34.3693	-1.30593	-144.222	-33.5443	-34.6208	9.9873	28.6388	-1.37201	5.42204	30.7738	1373.92	1535.78	-88.2035	4906.16	6.59448e-006	222.328
34.3700	-9.23944	-67.3077	-56.4376	115.508	9.37129	60.6763	-1.37201	2.01885	30.7797	1374.83	1532.9	-88.4964	4942.93	0.000159203	221.258
34.3707	-8.32529	-3.20214	-49.412	252.818	10.2888	58.5422	-1.37201	5.07595	30.7866	1375.1	1529.55	-89.2611	4999.85	0.000311811	220.189
34.3713	-1.90992	91.7319	-24.3945	309.601	6.93344	39.9415	-1.06137	3.28783	30.7985	1375.43	1526.83	-88.9519	4829.71	0.000159203	219.421
34.3720	-8.32529	299.243	-1.80894	298.001	-1.61212	32.6171	1.06137	-0.692176	30.8103	1375.59	1524.99	-88.6591	4999.85	-0.000756307	218.212
34.3727	-25.7104	252.53	10.3958	181.725	-7.71984	9.11593	3.83128	-7.0948	30.8172	1375.1	1522.67	-89.1146	4258.27	-0.000908915	216.817
34.3733	-34.2643	-107.24	18.9451	141.462	-5.88491	-26.2939	2.5887	-27.2256	30.8172	1374.51	1520.2	-88.8055	855.713	-0.000145967	215.91
34.3740	-25.1065	-165.883	21.3846	225.96	-0.393201	-54.0633	-1.06137	-36.6853	30.8231	1373.59	1518.44	-88.3499	-464.783	-0.000298575	214.841
34.3747	-13.5163	-143.908	21.9926	172.291	4.19414	-63.8115	-0.155322	-29.0714	30.829	1372.24	1516.76	-88.2035	23.3459	-0.000603745	214.074
34.3753	-11.9819	-308.096	25.9632	122.234	7.54946	-40.9426	2.5887	-24.5146	30.8349	1371.92	1515.16	-86.8205	-70.4956	0.000159203	214.074
34.3760	-13.2062	-198.219	21.9926	254.984	6.93344	-5.84895	4.11604	-11.9977	30.8409	1373	1514.44	-84.5263	-125.58	0.000311811	213.469
34.3767	-11.6717	48.346	12.535	376.134	1.74319	-14.3853	7.17071	8.13306	30.8409	1374.35	1513.81	-82.2484	-73.2422	-0.000145967	211.493
34.3773	-9.23944	34.9724	-7.60357	313.257	-3.44706	-53.7471	11.1314	12.4015	30.8409	1375.1	1512.29	-80.719	-86.8225	0.000159203	210.121
34.3780	-6.18683	-4.39509	-44.5331	151.212	-6.18636	-49.4789	12.374	10.6134	30.8409	1376.02	1510.05	-80.2634	-86.8225	0.000311811	209.493
34.3787	-3.73822	198.847	-54.9063	78.5851	-5.26889	-11.329	11.7527	14.2473	30.8409	1377.1	1509.41	-79.1895	-86.3647	-0.000298575	208.586
34.3793	-0.391778	48.66	-29.5811	58.7244	-2.52959	5.74356	12.374	18.2273	30.8478	1376.78	1507.57	-78.5875	-86.2122	-0.000603745	207.052
34.3800	-0.99577	-488.421	-18.5923	22.4336	0.222814	0.263466	10.536	14.5357	30.8478	1375.59	1504.7	-80.1007	-86.5173	-0.000298575	206.447
34.3807	-8.32529	-372.139	-18.2846	-8.07969	3.87958	3.92565	6.26466	3.86465	30.8478	1375.75	1504.22	-81.0281	-86.8225	0.000159203	206.447
34.3813	-12.896	156.717	-7.91132	-87.4322	7.2349	32.6171	5.04797	-7.7293	30.8478	1375.75	1504.94	-80.719	-86.8225	6.59448e-006	205.54
34.3820	-10.4637	173.481	-0.285228	-265.637	9.9873	62.8103	6.86007	-14.1319	30.8478	1375.43	1505.57	-80.719	-87.1277	-0.000145967	204.308
34.3827	-7.10098	-62.4103	1.85398	-358.756	10.5902	57.9362	8.10264	-2.53798	30.8409	1375.43	1506.61	-79.4987	-87.4329	-0.000145967	203.541
34.3833	-10.1536	-86.8345	2.46197	-183.847	8.45382	24.3706	9.00869	19.1502	30.8409	1376.18	1507.89	-76.7489	-86.3647	0.000159203	203.401
34.3840	-15.0345	69.1286	1.24599	20.3121	5.41307	-19.2594	6.86007	24.9183	30.8478	1377.59	1508.93	-73.3971	-84.8389	0.000159203	202.495
34.3847	-13.5163	176.243	-3.03242	48.9747	1.44174	-59.5434	1.37201	19.1502	30.8478	1378.02	1508.93	-70.9565	-84.3811	0.000159203	200.96
34.3853	-12.896	159.479	-10.9663	59.6723	-2.83105	-61.6774	-2.89935	16.3815	30.8409	1378.18	1507.89	-69.1179	-84.5337	-0.000298575	199.728
34.3860	-3.73822	110.945	-20.1161	83.776	-4.04997	-30.5621	-6.23878	9.34437	30.8478	1377.59	1505.73	-68.3532	-84.8389	-0.000756307	198.984
34.3867	23.1149	32.2098	-27.1342	-37.3742	-3.74852	12.7781	-9.60409	-0.115363	30.8478	1375.86	1502.7	-69.2807	-86.2122	-0.000298575	198.519
34.3873	31.6524	-29.1332	-26.2259	-263.199	-1.91358	64.0486	-10.2254	-3.11479	30.8478	1374.35	1500.38	-70.9565	-87.8906	-0.000451137	198.216
34.3880	16.4057	-18.7733	-14.6292	-445.692	-1.31067	95.4801	-7.17071	4.21074	30.8409	1373.43	1499.02	-72.3233	-88.6536	-0.000756307	197.914
34.3887	6.93774	120.112	-3.03242	-482.931	-3.44706	99.1423	-5.33273	22.4957	30.8409	1373.16	1499.18	-73.088	-88.8062	-0.000298575	196.844
34.3893	2.66083	216.49	0.022518	-327.927	-6.18636	81.7535	-3.20999	34.0897	30.8409	1373.27	1501.02	-73.7063	-88.501	0.000311811	195.612
34.3900	1.43652	29.1332	-1.20096	-130.178	-8.93877	58.5422	1.37201	35.301	30.8409	1373.43	1503.26	-74.471	-87.8906	0.000616981	194.845
34.3907	2.66083	-111.573	3.68544	-29.7459	-8.0213	85.4157	5.04797	42.3381	30.8409	1374.19	1507.09	-74.7639	-87.2803	0.000311811	194.101
34.3913	-0.99577	-49.2878	16.8059	15.392	-4.35142	154.997	8.3874	51.1633	30.8478	1374.67	1511.41	-75.6913	-87.4329	-0.000298575	193.171
34.3920	-7.10098	-2.26033	26.271	21.8016	-1.61212	232.799	12.6588	39.9155	30.8409	1374.08	1514.12	-77.5136	-87.738	0.000616981	192.729
34.3927	-11.6717	84.6998	23.824	45.9504	0.222814	333.812	13.9013	3.28783	30.8409	1374.08	1517.8	-78.4248	-87.2803	0.000922151	192.264
34.3933	-13.2062	185.724	15.2822	232.37	0.825722	374.412	9.62998	-36.1085	30.8409	1374.08	1521.88	-79.8078	-88.1958	0.000159203	191.497
34.3940	-11.6717	88.9693	8.2641	475.302	1.14028	288.048	4.73733	-58.6619	30.8409	1372.84	1524.35	-82.0857	-89.4165	-0.000145967	190.288
34.3947	-7.70497	-229.361	5.82465	561.38	0.825722	142.772	1.68266	-63.2764	30.8409	1371.43	1526.67	-83.9243	-90.6372	-0.000145967	189.358
34.3953	-0.685612	-396.249	10.3958	552.804	0.825722	-25.9778	-0.750724	-56.5277	30.8409	1371.33	1529.87	-84.8354	-90.7898	6.59448e-006	189.055
34.3960	5.10944	-233.003	21.9926	458.24	0.524268	-224.658	-1.96742	-49.8367	30.8349	1372.08	1533.62	-84.689	-89.4165	0.000464373	188.753
34.3967	4.19529	43.7626	35.7285	182.357	-0.393201	-393.118	-0.465967	-47.9908	30.829	1374.19	1537.62	-83.7778	-88.3484	6.59448e-006	187.521
34.3973	1.74668	374.274	19.5531	-67.6166	-0.996109	-415.697	-1.06137	-41.2998	30.8349	1375.59	1541.29	-83.1596	-87.5854	-0.000603745	185.707
34.3980	1.43652	429.526	-19.8158	-14.4893	-1.61212	-337.869	-4.73733	-16.9006	30.8349	1375.59	1544.17	-82.8504	-86.3647	-0.000298575	184.475
34.3987	-0.99577	60.5895	-28.6654	146.337	-2.21503	-286.915	-6.86007	17.5928	30.8349	1375.86	1546.65	-82.3948	-85.6018	0.000159203	184.173
34.3993	-5.58284	-222.643	-1.20096	18.7774	-2.52959	-109.286	-5.02209	42.3381	30.8349	1376.18	1547.53	-83.1596	-86.0596	6.59448e-006	183.87
34.4000	-8.32529	-196.084	26.5712	-240.314	-3.1325	196.177	-2.27806	48.1062	30.8409	1375.75	1547.13	-84.3799	-86.6699	0.000159203	183.103
34.4007	-10.7576	-98.1362	24.1318	-325.49	-2.21503	276.139	-3.20999	44.7607	30.8409	1375.1	1546.49	-84.689	-86.8225	0.000311811	182.964
34.4013	-15.0345	-144.473	8.2641	-245.505	-0.393201	133.92	-6.23878	44.7607	30.8409	1375.27	1545.45	-84.3799	-86.8225	-0.000298575	182.638
34.4020	-17.1729	-245.497	9.17983	-52.9468	1.14028	10.3279	-8.3874	28.8983	30.8409	1375.59	1543.61	-84.689	-86.9751	-0.000451137	181.568
34.4027	-13.8102	-222.957	16.8059	113.657	0.524268	-22.6317	-9.91474	-8.30611	30.8478	1374.83	1541.13	-85.291	-87.1277	-0.000145967	180.964
34.4033	-8.32529	-32.2098	11.6193	125.89	-0.996109	19.1803	-8.3874	-22.6688	30.8478	1374.83	1538.74	-84.8354	-86.8225	-0.000145967	180.359
34.4040	-2.22008	34.9724	0.022518	-126.206	-1.31067	53.3519	-4.73733	-6.80639	30.8478	1376.67	1537.62	-83.4687	-85.6018	-0.000145967	179.592
34.4047	1.43652	-164.628	8.56434	-481.396	-0.0786402	95.77	-1.68266	8.76756	30.8596	1377.86	1536.1	-82.5575	-84.2285	-0.000298575	177.918
34.4053	-0.685612	-100.585	27.4869	-513.173	1.14028	180.316	0.776611	23.9954	30.8655	1376.94	1532.9	-82.5575	-83.6182	-0.000298575	176.383
34.4060	-3.13423	182.648	36.952	-423.123	2.05775	252.638	5.04797	40.4923	30.8655	1375.86	1529.39	-83.4687	-84.6863	-0.000145967	175.639
34.4067	-3.73822	108.496	21.9926	-387.103	1.44174	318.557	7.48136	47.8178	30.8714	1374.67	1525.23	-85.291	-86.8225	-0.000145967	175.779
34.4073	-6.79082	135.055	-7.60357	-143.268	-0.694655	281.935	6.57531	41.7036	30.8843	1373.43	1520.84	-86.9832	-88.6536	-0.000298575	176.244
34.4080	-10.1536	202.174	-11.2665	14.8052	-1.91358	92.4239	8.10264	23.1302	30.8843	1373	1517.48	-87.5852	-89.1113	-0.000603745	176.081
34.4087	-7.41114	-483.837	-5.77211	-110.949	2.05775	12.4619	9.62998	-4.67219	30.8961	1372.68	1514.6	-87.5852	-89.1113	-0.000451137	175.012
34.4093	0.228537	-761.544	-25.9182	-159.743	9.06983	28.9549	8.3874	-25.7259	30.902	1372.51	1511.73	-87.1296	-88.3484	0.000464373	173.942
34.4100	0.228537	79.1745	-27.7497	-75.5158	7.54946	-104.728	9.62998	-21.169	30.9079	1373.92	1509.25	-86.674	-88.3484	0.000464373	174.244
34.4107	-3.13423	601.626	18.9451	-40.4436	-1.31067	-246.025	14.1861	-1.61508	30.9148	1375.27	1507.25	-86.2185	-88.0432	-0.000145967	174.244
34.4113	0.832529	522.012	78.1449	-79.4879	-9.54168	-236.25	14.8074	6.92176	30.9207	1375	1505.42	-85.6002	-86.9751	6.59448e-006	172.873
34.4120	5.4196	526.595	81.8078	-160.375	-14.4305	-152.02	8.69805	5.99886	30.9267	1374.51	1502.86	-86.3649	-87.8906	-0.000451137	171.966
34.4127	4.79928	413.39	3.3777	-186.013	-14.4305	-123.934	-1.06137	5.42204	30.9326	1374.51	1500.38	-86.8205	-88.501	-0.000298575	171.361
34.4133	2.05684	190.245	-64.6716	-131.081	-11.0752	-182.24	-8.07676	13.3244	30.9454	1373.92	1498.54	-86.674	-88.1958	0.000311811	170.292
34.4140	-1.59976	211.341	-75.6604	-84.6788	-8.62421	-115.082	-11.1314	28.8983	30.9454	1372.84	1495.99	-87.4388	-88.9587	0.000159203	170.129
34.4147	-3.44438	153.954	-65.5874	-9.29841	-5.88491	65.8665	-12.0375	38.0697	30.9513	1371.6	1493.51	-88.4964	-90.1794	-0.000298575	169.989
34.4153	-4.35853	-152.761	-33.852	106.029	1.74319	107.389	-11.1314	34.0897	30.9513	1371.33	1492.47	-88.2035	-90.332	-0.000145967	169.059
34.4160	-5.58284	-355.061	2.16173	162.813	13.0412	64.9708	-9.29345	14.5357	30.9572	1372.08	1493.35	-86.5113	-89.5691	0.000464373	168.455
34.4167	-5.87667	-486.6	23.824	193.642	18.5329	68.6329	-9.60409	-12.9206	30.9691	1373.92	1494.79	-84.5263	-87.738	6.59448e-006	167.99
34.4173	-4.04838	-623.35	23.824	214.676	13.6441	64.6546	-11.4421	-26.9372	30.9691	1375.59	1495.67	-82.704	-86.5173	6.59448e-006	166.92
34.4180	-3.73822	-492.376	5.82465	131.081	6.31743	19.4965	-10.2254	-28.1485	30.976	1375.86	1495.99	-82.0857	-86.3647	0.000159203	165.409
34.4187	-3.13423	-135.055	-7.60357	12.6838	2.66066	17.0463	-8.3874	-26.9372	30.976	1375.59	1495.67	-82.0857	-86.3647	-0.000145967	164.339
34.4193	4.48913	137.504	-20.4238	-24.2391	-0.0786402	52.7459	-7.76611	-24.803	30.9819	1374.83	1494.79	-82.2484	-86.6699	0.000159203	163.874
34.4200	9.99035	193.635	-21.0318	-18.4614	-2.52959	-33.3021	-7.17071	-26.0143	30.9819	1374.35	1494.15	-82.8504	-87.5854	0.000464373	163.874
34.4207	8.76604	181.141	-7.30333	-5.05545	-1.91358	-165.747	-4.42668	-24.803	30.9819	1374.51	1494.63	-82.8504	-87.738	0.000311811	163.735
34.4213	4.48913	123.753	-6.07985	4.42352	0.825722	-141.639	-1.37201	-19.6116	30.9878	1374.67	1494.79	-82.704	-87.4329	0.000159203	163.433
34.4220	0.522371	-95.6875	-10.0505	66.0819	2.66066	-30.8782	-1.96742	-29.7059	30.9937	1374.83	1495.03	-82.8504	-87.2803	6.59448e-006	163.27
34.4227	0.522371	-115.528	-8.21906	242.752	2.66066	62.2044	-4.42668	-47.7024	30.9937	1374.67	1495.51	-83.0131	-87.1277	-0.000298575	162.665
34.4233	2.66083	47.1531	-9.13479	433.505	4.4956	163.217	-3.8054	-52.2593	30.9878	1374.83	1496.55	-82.5575	-86.5173	6.59448e-006	161.735
34.4240	4.79928	-30.3889	-11.882	469.525	6.01597	237.989	-0.155322	-49.5482	30.9937	1376.35	1499.02	-81.4837	-84.6863	0.000311811	160.991
34.4247	0.522371	-83.444	-13.098	285.181	5.09851	228.241	3.83128	-44.6453	30.9937	1377.69	1501.5	-80.8654	-83.9233	-0.000298575	160.224
34.4253	-14.7243	183.841	-13.4057	-9.93034	3.27667	158.949	5.95402	-30.6288	30.9819	1377.42	1501.9	-81.4837	-84.6863	-0.000603745	159.154
34.4260	-25.1065	489.676	-11.5742	-214.992	1.44174	74.719	6.57531	-17.4774	30.9819	1375.86	1501.02	-82.704	-85.907	0.000464373	158.689
34.4267	-18.0871	500.915	-7.91132	-195.176	0.524268	6.37588	7.17071	-15.9777	30.9819	1374.67	1500.86	-84.0707	-87.2803	0.000616981	159.154
34.4273	-7.10098	296.481	-4.55614	7.17693	-0.0786402	-33.3021	5.33273	-11.3632	30.9819	1373.75	1500.86	-85.291	-88.3484	-0.000145967	159.457
34.4280	-3.44438	116.093	-3.64041	210.433	-1.31067	-77.2483	0.155322	5.42204	30.9819	1372.51	1500.38	-86.3649	-88.9587	-0.000145967	158.689
34.4287	-4.04838	-36.1654	-3.64041	305.042	-0.996109	-116.926	-2.5887	21.2844	30.9819	1372.24	1501.02	-86.5113	-89.2639	-0.000298575	157.782
34.4293	-3.13423	-95.6875	-3.03242	329.733	-1.61212	-101.672	-4.11604	27.687	30.976	1372.51	1502.7	-85.9093	-88.9587	-0.000298575	157.48
34.4300	-2.82407	-40.4349	-4.85638	287.032	-1.31067	-51.007	-5.02209	39.9155	30.9691	1373	1504.22	-85.4537	-88.0432	-0.000145967	157.155
34.4307	-0.685612	-26.9984	-9.43503	136.858	1.44174	5.45375	-3.8054	52.7207	30.9631	1374.19	1505.73	-84.5263	-87.4329	-0.000145967	156.713
34.4313	2.66083	-106.675	-6.07985	5.05545	2.66066	92.4239	-3.8054	42.3381	30.9631	1374.67	1506.61	-83.7778	-87.738	6.59448e-006	156.55
34.4320	2.36699	-305.961	7.95635	21.2148	1.44174	209.008	-5.33273	27.687	30.9572	1373.75	1507.09	-84.0707	-88.0432	-0.000145967	155.481
34.4327	0.522371	-333.399	18.3296	137.806	-0.694655	289.865	-7.17071	23.1302	30.9572	1373.43	1508.05	-83.6151	-87.5854	-0.000298575	154.574
34.4333	-0.99577	-102.72	20.7766	145.118	-2.52959	346.326	-10.8208	13.9589	30.9572	1373.27	1508.45	-83.306	-88.1958	0.000159203	154.713
34.4340	-2.53023	-100.836	22.3003	-28.8431	-2.21503	409.795	-12.9694	-0.980582	30.9513	1372.08	1508.21	-84.3799	-89.4165	6.59448e-006	154.876
34.4347	-2.53023	-205.816	25.6555	-134.421	-1.91358	384.792	-9.91474	-8.9406	30.9454	1371	1507.73	-85.6002	-89.8743	-0.000145967	154.411
34.4353	-0.99577	113.707	28.1024	-181.725	-3.1325	253.244	-5.02209	-7.44089	30.9454	1370.68	1507.25	-85.9093	-90.1794	6.59448e-006	153.807
34.4360	-0.0816205	310.545	25.0475	-202.173	-2.52959	130.89	-1.37201	-8.30611	30.9385	1371.6	1508.61	-85.1446	-89.4165	0.000311811	153.667
34.4367	-0.391778	-3.51608	11.927	31.5966	-2.21503	61.3086	-0.465967	-14.7664	30.9385	1373.75	1511.25	-83.0131	-87.5854	0.000311811	153.202
34.4373	-2.22008	-128.651	-7.60357	282.428	-2.52959	-35.1464	-4.11604	-21.169	30.9385	1375	1512.29	-81.1745	-86.2122	6.59448e-006	151.528
34.4380	-2.82407	-36.1654	-23.779	101.47	-0.996109	-185.586	-10.8208	-32.4169	30.9326	1375	1512.29	-81.4837	-86.0596	6.59448e-006	150.296
34.4387	-0.685612	-101.15	-31.4126	-297.098	2.66066	-346.405	-9.91474	-45.5682	30.9267	1375.1	1513.09	-81.7928	-86.2122	0.000159203	150.598
34.4393	-0.391778	-124.067	-26.5262	-402.089	6.31743	-494.131	2.30395	-43.7224	30.9267	1375.59	1513.65	-81.9393	-86.2122	0.000311811	150.598
34.4400	-0.99577	74.3399	-12.49	-200.051	6.93344	-491.364	15.7134	-22.6688	30.9267	1374.83	1512.93	-83.0131	-86.6699	0.000311811	150.156
34.4407	0.522371	352.047	-2.41693	-30.0619	6.31743	-290.261	25.4987	-2.53798	30.9267	1373.92	1512.13	-83.6151	-87.1277	0.000159203	149.831
34.4413	0.522371	345.015	0.330264	-2.88883	5.09851	-148.358	29.7701	-0.115363	30.9207	1373.92	1511.73	-83.6151	-86.9751	0.000159203	149.831
34.4420	-1.59976	-97.8223	0.938249	9.29841	4.79705	-180.711	29.1488	-11.3632	30.9207	1373.75	1510.61	-84.0707	-87.2803	-0.000145967	148.924
34.4427	-4.65237	-508.889	0.330264	-16.024	5.41307	-235.038	28.2428	-22.9572	30.9267	1373.43	1509.89	-84.9982	-88.0432	-0.000298575	148.319
34.4433	-7.41114	-630.947	-2.41693	-52.044	7.54946	-236.25	24.5668	-32.763	30.9267	1374.83	1510.61	-84.2334	-86.9751	6.59448e-006	148.784
34.4440	-7.41114	-598.926	-5.47187	80.1198	11.5077	-203.607	16.6454	-39.1656	30.9267	1376.35	1511.41	-82.5575	-85.2966	-0.000145967	148.319
34.4447	-7.41114	-265.966	-7.30333	279.991	15.479	-158.738	13.9013	-27.2256	30.9267	1376.18	1510.05	-82.5575	-84.9915	-0.000145967	146.645
34.4453	-8.32529	241.542	-8.21906	294.344	16.3965	-94.0311	17.2408	-6.80639	30.9267	1376.51	1508.77	-82.8504	-84.9915	0.000159203	146.343
34.4460	-6.79082	302.571	-8.21906	108.512	13.6441	17.6522	21.5121	-11.9977	30.9267	1376.35	1507.25	-83.6151	-85.2966	-0.000298575	146.947
34.4467	-5.58284	-90.1622	-6.68784	-96.5952	9.68585	137.292	24.2562	-25.0914	30.9326	1374.08	1503.9	-85.6002	-86.9751	-0.000451137	146.947
34.4473	-3.73822	-211.969	-5.77211	-102.373	5.41307	187.641	25.1881	-14.1319	30.9326	1372.68	1500.7	-86.9832	-88.1958	6.59448e-006	146.645
34.4480	-0.99577	-69.1286	-6.99559	95.0605	1.44174	141.244	28.8382	-2.53798	30.9326	1372.51	1498.22	-87.7316	-88.9587	-0.000145967	146.343
34.4487	-1.30593	-57.8269	-7.30333	211.923	-1.91358	58.8583	43.4902	-1.61508	30.9326	1372.08	1496.55	-88.0408	-89.1113	-0.000451137	146.18
34.4493	-1.90992	119.484	-7.60357	71.5436	-7.71984	28.0328	58.1423	4.49914	30.9326	1372.35	1495.19	-87.276	-88.8062	-0.000145967	145.878
34.4500	9.0762	499.408	-10.9663	-181.725	-16.2654	25.8987	65.4683	9.69046	30.9385	1373.59	1494.87	-86.5113	-87.8906	-0.000298575	145.576
34.4507	25.8574	458.848	-13.4057	-319.351	-20.2236	14.3062	68.8336	7.55625	30.9385	1374.67	1494.87	-85.9093	-87.2803	-0.000603745	145.715
34.4513	29.8241	48.66	-12.7977	-301.973	-14.7319	9.7219	66.3744	9.97887	30.9326	1374.51	1493.19	-86.0557	-87.5854	-0.000451137	145.111
34.4520	20.6663	7.47166	-11.5742	-269.022	-4.96744	0.579626	57.8317	15.8047	30.9385	1373.59	1491.27	-86.9832	-87.738	0.000159203	144.041
34.4527	10.3005	214.983	-4.85638	-228.714	0.825722	-14.3853	43.8009	20.6499	30.9454	1373.27	1490.15	-87.1296	-87.5854	0.000159203	143.576
34.4533	6.02359	126.83	4.29343	-89.5537	4.4956	-32.38	34.9475	30.7441	30.9385	1373	1488.48	-87.276	-88.3484	-0.000145967	143.576
34.4540	6.33375	-26.6845	6.74038	105.442	3.87958	-55.5914	34.6369	38.9926	30.9385	1371.92	1486.48	-88.2035	-89.7217	6.59448e-006	143.739
34.4547	4.79928	-44.7044	10.7035	190.888	-4.35142	-63.5217	5.04797	31.9554	30.9454	1371	1484.8	-88.6591	-90.6372	0.000311811	144.041
34.4553	-0.0816205	-279.716	21.3846	31.5966	-12.897	-35.1464	-50.195	12.4015	30.9454	1370.84	1483.92	-87.8943	-90.6372	0.000159203	143.902
34.4560	-4.04838	-528.416	28.4027	-172.878	-14.4305	4.84778	-85.8932	-11.7093	30.9385	1372.24	1484.56	-86.2185	-89.2639	-0.000145967	143.437
34.4567	-3.73822	-491.497	30.8421	-267.487	-12.897	10.9338	-102.383	-24.5146	30.9385	1373.92	1485.76	-83.9243	-87.4329	6.59448e-006	142.832
34.4573	-3.44438	-361.779	46.1018	-318.448	-13.2116	13.3841	-106.655	-13.8435	30.9385	1375	1486.48	-82.8504	-86.3647	0.000311811	142.065
34.4580	-1.59976	-82.565	72.0425	-227.495	-12.2941	35.3572	-93.8405	-1.90348	30.9326	1375.86	1486.8	-81.9393	-85.6018	0.000159203	141.6
34.4587	5.10944	232.689	72.9583	-10.5171	-11.3766	39.9415	-72.7685	-7.0948	30.9385	1375.75	1486.48	-81.4837	-85.6018	0.000159203	141.297
34.4593	9.99035	302.885	38.4757	131.983	-11.6781	44.8156	-54.4663	-4.03769	30.9385	1375	1486.4	-82.0857	-86.2122	6.59448e-006	141.6
34.4600	12.4226	269.922	-9.43503	120.067	-11.6781	53.3519	-38.5976	7.84466	30.9326	1374.67	1486.64	-82.5575	-86.8225	-0.000145967	141.297
34.4607	11.5085	270.863	-55.5218	58.4536	-11.0752	22.8425	-26.4048	4.49914	30.9326	1374.08	1486.48	-83.0131	-87.2803	0.000311811	140.995
34.4613	-8.01513	270.863	-63.7559	75.2449	-8.32275	-50.4011	-23.0395	-8.0177	30.9267	1373.92	1486.64	-83.1596	-87.5854	0.000159203	140.693
34.4620	-35.1784	325.488	-34.1598	70.6409	-5.88491	-124.567	-21.8228	-15.9777	30.9267	1374.08	1487.76	-83.0131	-87.2803	-0.000145967	140.53
34.4627	-47.3888	384.069	-22.8633	-70.0541	-4.96744	-149.57	-16.9301	-21.169	30.9267	1374.08	1488.79	-82.8504	-87.1277	6.59448e-006	140.228
34.4633	-53.4941	326.053	-26.5262	-199.149	-3.74852	-130.969	-14.4967	-20.5345	30.9207	1374.67	1490.63	-82.0857	-86.8225	-0.000145967	139.926
34.4640	-61.1174	207.386	-21.6473	-208.582	-3.74852	-102.594	-15.7134	-16.2661	30.9207	1375.86	1493.19	-80.719	-85.2966	-0.000298575	139.763
34.4647	-64.4802	109.689	-15.2372	-126.206	-4.96744	-83.6505	-16.3347	-15.3432	30.9207	1377.26	1495.03	-80.1007	-83.9233	-0.000145967	139.461
34.4653	-67.2226	6.84379	-7.91132	-43.197	-4.66598	-68.712	-15.7134	-11.7093	30.9207	1377.59	1495.99	-80.5725	-84.2285	-0.000451137	139.158
34.4660	-68.1368	-41.3767	0.630503	-125.574	-1.91358	-51.007	-15.4028	-6.51799	30.9148	1376.51	1496.71	-81.7928	-85.2966	-0.000603745	139.461
34.4667	-51.0454	-98.7013	6.74038	-288.251	0.524268	-37.8864	-13.5648	-9.5751	30.9079	1374.83	1496.71	-83.306	-86.2122	-0.000298575	139.763
34.4673	-23.8821	-311.738	7.95635	-307.75	1.44174	-28.1118	-9.29345	-15.0548	30.9148	1372.68	1495.83	-85.4537	-87.8906	-0.000145967	139.019
34.4680	14.2673	-335.534	3.3777	-187.232	0.524268	-21.1036	-5.33273	-11.0748	30.9148	1371.16	1495.67	-86.8205	-89.4165	-0.000756307	138.251
34.4687	67.9735	-63.6033	0.630503	-15.392	1.14028	-14.7014	-2.27806	-1.61508	30.9148	1371.76	1496.71	-86.674	-89.2639	-0.000603745	137.949
34.4693	74.9929	57.513	3.99319	128.643	3.87958	-4.61066	-0.750724	3.86465	30.9079	1372.84	1498.22	-86.3649	-88.501	6.59448e-006	137.949
34.4700	45.6911	8.7274	2.16173	182.357	5.09851	4.84778	-1.06137	6.92176	30.9079	1373	1499.5	-86.2185	-88.1958	0.000159203	138.251
34.4707	41.4142	16.9525	-10.6585	122.234	4.19414	-0.0526932	0.465967	9.34437	30.9079	1373.43	1499.9	-85.7466	-88.0432	0.000159203	138.251
34.4713	38.9819	74.3399	-17.3689	12.3678	3.87958	-13.1733	5.04797	17.016	30.9079	1373.75	1500.22	-85.4537	-87.5854	6.59448e-006	137.786
34.4720	26.7715	141.773	-6.07985	-21.2148	5.09851	-8.27284	8.69805	30.4557	30.9079	1373.43	1500.22	-85.7466	-87.2803	6.59448e-006	137.949
34.4727	23.7189	139.952	9.17983	19.9961	6.63199	8.50996	6.26466	31.3209	30.9079	1373.92	1500.22	-85.6002	-87.2803	0.000159203	137.949
34.4733	20.9765	46.8392	18.3296	68.8353	7.2349	8.79977	-1.06137	13.3244	30.9079	1373.59	1499.82	-85.1446	-87.8906	-0.000145967	138.089
34.4740	9.99035	-0.125574	20.1611	90.1856	4.19414	1.1856	-8.69805	3.57624	30.9079	1372.35	1497.82	-86.8205	-89.7217	-0.000603745	138.554
34.4747	-0.685612	16.0107	12.8428	46.8532	-0.996109	18.8905	-15.0921	13.036	30.9079	1371.16	1495.35	-88.3499	-90.9424	-0.000145967	137.949
34.4753	-0.685612	20.2802	3.99319	66.0819	-3.44706	55.5123	-19.6742	23.707	30.9148	1370.57	1493.83	-87.8943	-90.6372	0.000159203	137.182
34.4760	3.57498	139.638	11.3115	247.672	-4.66598	78.3812	-20.6061	27.0525	30.9148	1371.92	1494.15	-86.3649	-88.9587	0.000311811	137.019
34.4767	2.66083	354.433	31.1499	457.022	-4.96744	85.0996	-19.3635	23.4186	30.9148	1373.92	1495.35	-84.2334	-87.2803	0.000464373	136.717
34.4773	-0.0816205	386.517	24.7398	668.809	-5.58345	97.9304	-15.7134	20.0731	30.9207	1375.1	1495.35	-82.704	-86.2122	0.000159203	136.415
34.4780	-3.44438	325.174	0.938249	843.944	-8.0213	129.362	-9.60409	21.5728	30.9267	1375.59	1493.99	-82.5575	-86.0596	-0.000145967	135.95
34.4787	-13.2062	453.009	-7.91132	857.711	-7.10383	176.338	-6.86007	15.8047	30.9267	1375.59	1492.95	-82.704	-86.2122	-0.000145967	135.647
34.4793	-19.0012	55.3782	-15.2372	716.113	1.44174	205.952	-5.33273	0.519132	30.9267	1374.51	1491.11	-83.4687	-86.6699	6.59448e-006	135.182
34.4800	-11.6717	-1020.35	-17.6766	251.012	8.76838	180	0.465967	-13.209	30.9326	1373.59	1488.79	-84.3799	-87.4329	6.59448e-006	135.508
34.4807	-1.90992	-1105.49	-9.74278	-480.177	7.85091	82.9655	8.3874	-27.5717	30.9385	1374.19	1488.32	-84.2334	-87.2803	-0.000145967	135.95
34.4813	-3.73822	-329.444	0.330264	-838.482	2.66066	-36.9643	15.7134	-38.2427	30.9385	1374.67	1488.08	-83.6151	-86.8225	6.59448e-006	135.81
34.4820	-14.4305	-200.667	18.6374	-582.144	-0.694655	-91.6072	18.4575	-26.0143	30.9385	1374.19	1486.96	-84.0707	-86.9751	0.000159203	135.647
34.4827	-25.4166	-474.419	37.8677	-107.88	-2.52959	-98.2992	14.4967	-1.32667	30.9454	1373.92	1485.6	-84.9982	-87.4329	-0.000145967	135.508
34.4833	-33.04	-508.261	46.7173	148.143	-4.66598	-112.948	10.2254	9.69046	30.9513	1374.19	1485.12	-84.5263	-86.8225	-0.000298575	135.182
34.4840	-15.9486	-554.975	50.0725	66.6687	-5.88491	-108.68	8.3874	12.1131	30.9513	1375.75	1485.44	-83.1596	-85.2966	-0.000145967	135.043
34.4847	17.9239	-585.803	39.6992	-122.82	-3.74852	-64.4438	7.48136	22.4957	30.9513	1377.1	1485.92	-82.0857	-84.0759	-0.000298575	135.043
34.4853	31.3586	55.0643	3.68544	-278.456	-1.31067	-8.589	7.48136	33.8012	30.9572	1377.26	1484.96	-82.0857	-83.6182	-0.000145967	135.182
34.4860	36.2395	762.8	-41.1779	-330.951	-2.21503	63.4427	6.86007	37.1468	30.9572	1375.75	1482.24	-83.9243	-85.2966	-0.000145967	135.95
34.4867	38.6718	527.16	-64.9794	-168.319	-5.26889	146.145	6.86007	31.667	30.9631	1373.92	1479.21	-86.0557	-87.4329	-0.000603745	136.717
34.4873	19.442	53.5574	-47.8882	49.2906	-6.80238	185.19	9.62998	19.4386	30.9631	1372.84	1476.25	-86.9832	-88.501	-0.000298575	136.577
34.4880	-5.58284	88.3414	-4.55614	214.405	-5.58345	187.641	14.1861	17.9389	30.9691	1372.08	1474.49	-87.5852	-89.5691	-0.000298575	136.717
34.4887	-10.7576	273.312	19.2454	319.08	-4.66598	171.78	16.6454	27.9754	30.9691	1372.51	1474.01	-87.4388	-88.9587	-0.000298575	137.949
34.4893	11.5085	204.309	10.7035	166.469	-5.88491	120.193	18.4575	23.9954	30.9631	1373.59	1473.69	-86.0557	-87.8906	-0.000451137	138.251
34.4900	36.2395	108.81	-3.33266	-108.782	-4.96744	57.0141	21.2015	7.55625	30.976	1373.43	1472.17	-86.0557	-87.8906	-0.000298575	137.786
34.4907	25.8574	462.49	-10.9663	-83.46	1.14028	18.8905	22.4441	7.55625	30.976	1373.16	1470.82	-86.0557	-88.1958	-0.000145967	137.786
34.4913	-2.53023	603.195	-15.2372	67.3007	5.41307	-3.39871	19.7	20.3615	30.9691	1373.43	1470.02	-85.4537	-87.8906	-0.000145967	137.786
34.4920	-14.1203	-80.9953	-17.0686	-141.733	3.87958	-74.798	14.4967	15.8047	30.9691	1373.43	1469.54	-85.4537	-87.738	0.000159203	137.484
34.4927	-29.3834	-426.764	-30.7971	-465.553	3.27667	-217.017	10.2254	-12.5745	30.976	1373.59	1468.34	-85.291	-87.738	0.000159203	138.089
34.4933	-68.7408	-54.7503	-39.9544	-389.856	6.93344	-244.497	9.91474	-36.1085	30.976	1372.68	1466.34	-85.6002	-88.1958	0.000159203	138.856
34.4940	-91.3333	-93.2388	-12.49	-49.6066	10.9048	-22.9216	11.4421	-37.9543	30.976	1371.6	1464.5	-86.8205	-89.2639	0.000159203	139.461
34.4947	-71.4995	-481.137	22.9083	145.434	11.2062	88.1558	12.374	-36.1085	30.976	1370.57	1462.83	-87.7316	-90.4846	0.000159203	139.461
34.4953	-56.2365	-453.323	32.9813	61.7938	8.45382	-104.095	12.0634	-30.6288	30.9819	1370.57	1462.99	-87.5852	-90.332	0.000159203	139.461
34.4960	-70.5691	-226.285	30.8421	-147.872	6.01597	-181.923	9.00869	-11.7093	30.976	1371.76	1464.82	-86.2185	-88.9587	6.59448e-006	139.158
34.4967	-85.5383	-62.0964	30.5419	-246.408	6.01597	-32.38	2.30395	-1.32667	30.976	1372.84	1466.1	-85.1446	-87.738	0.000159203	138.391
34.4973	-90.4192	190.559	27.7947	-186.329	5.41307	108.601	-5.64338	-7.44089	30.976	1373.92	1467.78	-84.8354	-86.9751	0.000311811	138.391
34.4980	-93.4718	362.407	27.4869	-92.3071	2.66066	175.442	-9.60409	-14.7664	30.976	1375	1469.7	-83.9243	-86.0596	0.000311811	138.856
34.4987	-107.804	306.526	33.2891	-48.6587	0.524268	160.477	-9.00869	-28.1485	30.9691	1375	1470.18	-83.6151	-85.7544	0.000159203	138.856
34.4993	-64.4802	219.252	11.6193	-39.5408	1.74319	79.3033	-7.48136	-38.2427	30.9631	1374.35	1470.18	-84.0707	-86.3647	0.000159203	139.623
34.5000	92.3944	192.442	-46.3645	-19.9961	3.87958	-3.39871	-7.48136	-22.9572	30.9631	1374.08	1470.34	-84.689	-86.8225	6.59448e-006	140.391
34.5007	181.197	143.594	-77.1841	52.36	5.09851	-41.2325	-8.3874	-0.692176	30.9631	1374.08	1470.82	-84.8354	-86.8225	-0.000145967	140.53
34.5013	118.023	63.3522	-53.6904	106.345	7.85091	-77.5644	-6.86007	9.05597	30.9572	1373.59	1471.85	-84.8354	-86.9751	6.59448e-006	140.391
34.5020	67.9735	6.52986	-11.882	35.5687	9.9873	-133.709	-2.5887	3.28783	30.9513	1373.43	1472.49	-85.1446	-87.2803	6.59448e-006	140.228
34.5027	74.6827	-14.1899	20.1611	-40.7596	9.9873	-144.09	0.776611	-13.4974	30.9572	1373.27	1473.69	-85.1446	-87.1277	-0.000298575	140.391
34.5033	78.9596	-41.9418	33.2891	11.465	10.2888	-110.208	2.30395	-24.803	30.9572	1373.92	1475.85	-84.2334	-86.5173	6.59448e-006	140.832
34.5040	76.2172	-157.03	33.8971	113.386	10.2888	-82.4386	4.11604	-25.7259	30.9572	1375.75	1477.85	-82.5575	-85.4492	6.59448e-006	140.832
34.5047	74.6827	-234.824	31.7579	145.118	7.54946	-69.9239	4.73733	-28.1485	30.9572	1376.94	1479.53	-81.7928	-84.5337	-0.000145967	140.832
34.5053	68.5775	-90.7901	33.5893	93.2098	5.41307	-72.664	3.20999	-29.7059	30.9572	1376.35	1480.4	-82.0857	-84.6863	-0.000145967	141.135
34.5060	51.1924	38.614	39.3915	23.3363	7.85091	-83.0445	0.465967	-19.0348	30.9572	1374.83	1479.93	-83.306	-85.907	-0.000451137	141.6
34.5067	31.3586	45.0183	35.7285	-98.4007	11.8222	-81.5164	0.465967	-6.51799	30.9513	1373	1479.05	-85.1446	-87.5854	-0.000603745	142.204
34.5073	8.45588	191.501	16.8059	-288.251	8.76838	-59.8595	3.83128	-0.692176	30.9454	1371.92	1478.41	-86.5113	-89.2639	-0.000451137	142.669
34.5080	-13.8102	287.941	-17.6766	-323.955	2.35921	-37.2805	5.64338	3.57624	30.9454	1371.43	1479.05	-86.8205	-89.7217	-0.000298575	142.832
34.5087	-8.01513	122.812	-57.9613	-149.993	-0.694655	-25.9778	5.64338	1.73044	30.9513	1371.43	1480.24	-86.674	-89.2639	-0.000145967	143.134
34.5093	13.6469	-85.3276	-57.6535	-12.0518	-1.31067	17.9684	7.48136	-5.88349	30.9513	1371.6	1481.2	-86.5113	-88.6536	-0.000145967	143.274
34.5100	20.6663	-253.157	-9.43503	-21.5308	-1.61212	96.0861	10.2254	-2.53798	30.9513	1372.35	1482.4	-86.5113	-88.0432	-0.000298575	143.437
34.5107	14.8712	-282.416	19.2454	-51.0961	-1.91358	129.968	10.536	11.4786	30.9513	1373.43	1483.6	-85.9093	-87.738	-0.000145967	144.041
34.5113	2.66083	-91.104	10.7035	-2.88883	-1.31067	127.518	6.86007	21.5728	30.9513	1373.43	1484.24	-85.7466	-87.5854	-0.000145967	144.506
34.5120	-9.23944	97.1944	-3.03242	62.1098	2.05775	108.917	1.68266	26.4757	30.9572	1373	1484.72	-86.0557	-87.738	0.000159203	145.111
34.5127	-19.9154	156.717	-8.5193	84.6788	4.79705	49.0837	-1.37201	24.9183	30.9572	1373.27	1484.96	-86.2185	-87.738	0.000159203	145.111
34.5133	-36.4027	146.922	-12.7977	82.5573	3.57813	-39.4145	-1.96742	6.63335	30.9631	1372.51	1483.92	-87.276	-88.8062	-0.000145967	145.111
34.5140	-63.8599	100.585	-29.5811	82.5573	2.35921	-114.476	-0.750724	-16.2661	30.9572	1370.84	1481.76	-88.6591	-90.0269	-0.000298575	146.017
34.5147	-104.148	83.7579	-43.3096	94.7445	3.27667	-104.412	0.776611	-23.3032	30.9631	1370.25	1480.56	-88.9519	-90.1794	6.59448e-006	146.645
34.5153	-137.71	82.2511	-31.1048	99.3486	3.27667	-42.7606	0.155322	-16.9006	30.9691	1370.68	1480.24	-88.2035	-89.5691	6.59448e-006	146.645
34.5160	-151.145	-41.9418	-13.098	79.1719	2.05775	-22.6317	-1.06137	0.807538	30.9691	1372.24	1480.72	-86.9832	-88.501	6.59448e-006	146.645
34.5167	-151.749	-109.689	-10.6585	57.5057	-0.694655	-11.935	-2.5887	26.4757	30.9691	1373.43	1480.4	-85.9093	-87.4329	0.000159203	146.18
34.5173	-147.488	88.3414	-14.9294	62.6966	-4.35142	28.9549	-2.89935	43.8378	30.976	1374.19	1479.61	-85.4537	-86.6699	6.59448e-006	146.017
34.5180	-154.801	301.692	-16.1529	54.7974	-6.48781	61.3086	-1.37201	44.4723	30.9819	1374.83	1478.73	-84.9982	-86.2122	6.59448e-006	146.343
34.5187	-152.059	223.522	-12.49	-3.83672	-5.58345	62.8103	-1.06137	28.2638	30.9819	1374.51	1477.05	-85.1446	-86.3647	6.59448e-006	147.087
34.5193	-110.253	-5.02297	-3.64041	-70.6409	-3.74852	43.2875	-1.96742	7.21016	30.9878	1374.08	1474.89	-85.6002	-86.6699	0.000159203	148.017
34.5200	-54.4082	-73.3981	5.82465	-66.6687	-4.35142	29.5609	-1.37201	-3.46088	30.9937	1373.92	1472.89	-86.2185	-86.6699	6.59448e-006	148.319
34.5207	69.8018	-185.975	8.56434	14.1733	-4.66598	53.3519	0.465967	-19.0348	30.9937	1373.75	1471.54	-86.3649	-86.9751	6.59448e-006	148.924
34.5213	204.688	-320.277	3.99319	72.7623	-0.0786402	91.212	2.30395	-42.2227	30.9937	1373.59	1470.18	-85.9093	-86.9751	6.59448e-006	149.389
34.5220	163.796	-204.937	-0.285228	116.14	2.35921	108.285	1.9933	-31.494	30.9996	1373	1467.86	-86.0557	-87.2803	-0.000145967	148.924
34.5227	64.3169	-124.695	-1.5012	212.239	-0.694655	102.488	-0.750724	7.55625	30.9996	1373.43	1465.78	-86.5113	-87.2803	6.59448e-006	149.528
34.5233	47.8296	-138.697	-3.94815	281.841	0.222814	57.3302	-6.23878	23.9954	31.0055	1375	1465.46	-85.4537	-86.2122	6.59448e-006	150.598
34.5240	45.0871	-29.4471	-7.60357	261.981	5.41307	-17.4415	-9.91474	9.05597	31.0124	1375.27	1465.14	-83.9243	-85.2966	-0.000451137	149.993
34.5247	33.1869	17.5176	-9.74278	319.983	6.31743	-63.2055	-8.69805	-10.7864	31.0124	1375.75	1463.46	-83.9243	-85.144	0.000159203	149.691
34.5253	34.101	-47.781	-10.6585	595.866	2.35921	-72.664	-5.95402	-10.4403	31.0124	1376.02	1461.63	-84.2334	-85.4492	0.000159203	150.458
34.5260	52.7105	-1.69525	-10.3508	817.087	-4.96744	-71.7682	-2.89935	10.2673	31.0243	1374.51	1459.63	-84.9982	-86.2122	-0.000451137	151.365
34.5267	74.0787	-29.1332	-7.60357	661.451	-10.7606	-59.5434	0.465967	23.4186	31.0243	1373.27	1457.23	-86.5113	-87.738	-0.000451137	152.435
34.5273	76.2172	-63.0382	-5.16412	359.343	-11.6781	-57.1195	2.5887	17.3044	31.0184	1372.51	1455.07	-87.5852	-88.6536	-0.000298575	153.342
34.5280	60.644	75.8468	-4.55614	273.265	-10.4591	-54.3531	3.20999	5.71045	31.0184	1371.92	1453.88	-87.7316	-88.9587	0.000159203	153.807
34.5287	46.0013	-237.586	-2.11669	291.591	-8.62421	-13.7793	4.11604	-1.32667	31.0243	1372.08	1453.72	-88.0408	-88.8062	-0.000145967	153.969
34.5293	38.0678	-659.641	2.16173	174.097	-7.71984	32.9069	4.73733	-4.38378	31.0243	1372.68	1453.4	-87.7316	-87.8906	-0.000451137	154.109
34.5300	34.4112	-287.941	9.48007	-19.0933	-8.0213	93.6359	6.26466	2.65334	31.0243	1373.27	1452.92	-87.276	-86.6699	0.000311811	154.876
34.5307	35.0152	224.778	25.9632	-81.9253	-6.18636	218.756	9.62998	22.4957	31.0302	1373.43	1452.2	-87.276	-86.9751	0.000464373	155.341
34.5313	34.4112	352.612	38.4757	-192.739	-3.44706	346.326	11.4421	23.9954	31.0302	1372.84	1450.92	-87.7316	-87.8906	-0.000298575	154.876
34.5320	30.1343	174.422	32.9813	-522.607	-4.96744	421.414	7.792	-5.88349	31.0243	1372.84	1450.04	-88.2035	-87.8906	-0.000145967	155.178
34.5327	26.4614	-219.252	25.9632	-701.759	-8.32275	439.093	1.9933	-27.2256	31.0302	1373.16	1449.4	-88.3499	-87.8906	6.59448e-006	155.783
34.5333	24.0291	-278.775	23.824	-655.99	-11.3766	357.313	-1.96742	-31.2056	31.0361	1372.24	1447.72	-89.5702	-88.6536	6.59448e-006	156.713
34.5340	21.5805	-4.14395	11.0113	-576.321	-17.7858	158.659	-4.11604	-36.6853	31.043	1370.57	1445.65	-90.937	-90.0269	6.59448e-006	157.62
34.5347	19.1482	84.3858	-5.16412	-385.297	-26.3314	-71.1359	-4.11604	-27.8601	31.0361	1369.65	1444.69	-91.5552	-90.9424	6.59448e-006	158.224
34.5353	14.2673	128.023	-16.4531	-199.419	-28.4677	-199.628	-0.750724	-4.03769	31.0302	1370.57	1444.53	-90.937	-90.0269	0.000311811	158.992
34.5360	12.7328	364.228	-37.8227	-208.582	-25.4139	-235.038	0.776611	9.05597	31.0302	1372.24	1445.49	-88.9519	-88.0432	0.000464373	159.457
34.5367	17.3199	475.926	-65.8951	-281.525	-21.4426	-221.601	0.465967	13.9589	31.0361	1373.75	1446.52	-87.276	-86.5173	0.000464373	159.154
34.5373	17.3199	356.882	-64.3714	-293.442	-15.9509	-185.586	1.37201	21.8612	31.0302	1374.83	1446.68	-86.5113	-86.2122	0.000159203	159.596
34.5380	12.7328	207.386	-23.4787	-248.575	-10.7606	-157.526	1.06137	23.9954	31.0302	1375.43	1446.36	-86.0557	-85.907	-0.000145967	160.061
34.5387	9.99035	83.1301	4.29343	-114.289	-6.18636	-141.639	-0.750724	20.0731	31.0302	1374.83	1445.33	-86.5113	-86.0596	-0.000145967	160.061
34.5393	6.62758	-34.3445	-12.49	12.6838	-1.31067	-150.492	-2.89935	19.1502	31.0302	1373.92	1443.97	-87.4388	-86.9751	6.59448e-006	160.828
34.5400	11.5085	-128.965	-26.5262	26.7217	8.15237	-121.8	-2.27806	17.9389	31.0243	1373.92	1443.17	-86.8205	-87.1277	-0.000145967	161.433
34.5407	30.4281	-229.926	-4.24839	27.6244	25.2435	-33.6183	-0.155322	11.1902	31.0243	1373.92	1442.53	-86.5113	-86.9751	-0.000145967	161.898
34.5413	35.3253	-272.998	19.5531	87.1162	35.3094	35.041	0.465967	2.01885	31.0243	1373.75	1441.97	-86.674	-86.9751	6.59448e-006	162.665
34.5420	19.7522	-71.8912	10.3958	82.8732	29.2148	59.1745	1.68266	-5.249	31.0184	1373.75	1441.01	-86.2185	-86.9751	-0.000145967	163.27
34.5427	12.1288	190.873	-1.5012	-30.6487	18.8343	75.0352	3.52064	-8.9406	31.0184	1373.75	1440.77	-86.0557	-86.8225	-0.000145967	163.572
34.5433	9.68019	349.912	12.535	-119.164	12.4251	73.1909	4.11604	-16.9006	31.0184	1374.35	1441.65	-85.1446	-86.3647	6.59448e-006	163.874
34.5440	0.832529	541.225	24.1318	-168.59	8.76838	38.0972	-0.465967	-24.5146	31.0184	1376.02	1442.85	-83.1596	-84.6863	-0.000145967	164.642
34.5447	-5.27268	489.928	30.2341	-170.757	6.01597	6.98185	-6.86007	-15.9777	31.0184	1377.59	1443.81	-81.9393	-83.4656	-0.000145967	165.409
34.5453	-5.87667	-15.1317	43.9701	-45.9504	5.71452	-41.5486	-8.07676	-4.96059	31.0184	1377.1	1443.01	-82.704	-84.0759	6.59448e-006	166.316
34.5460	-5.87667	-412.762	33.2891	117.359	7.2349	-136.449	-5.95402	-7.44089	31.0124	1374.83	1440.77	-84.8354	-86.3647	-0.000145967	167.246
34.5467	-5.58284	-413.955	0.022518	177.753	7.85091	-203.896	-4.73733	-7.44089	31.0124	1372.84	1439.09	-86.5113	-88.3484	-0.000451137	167.85
34.5473	-6.18683	-291.583	-5.16412	126.792	7.54946	-185.296	-3.8054	4.78755	31.0124	1371.92	1438.29	-87.5852	-88.8062	-0.000298575	167.99
34.5480	-8.32529	-100.836	7.95635	-36.7874	7.2349	-145.618	-2.89935	16.0931	31.0124	1371.33	1437.42	-88.4964	-89.2639	-0.000298575	168.455
34.5487	-8.01513	56.32	9.17983	-222.033	7.54946	-134.025	-2.89935	24.3415	31.0184	1371.43	1437.66	-88.0408	-89.2639	-0.000451137	169.059
34.5493	-5.87667	67.6217	11.3115	-243.384	7.54946	-107.758	-4.11604	30.7441	31.0124	1372.08	1438.93	-87.4388	-88.6536	6.59448e-006	169.524
34.5500	-5.27268	-48.346	15.5899	-170.757	6.01597	-61.3876	-6.86007	27.3986	31.0124	1372.84	1439.97	-86.9832	-87.8906	0.000159203	170.129
34.5507	-4.65237	-202.488	8.2641	-146.653	2.96211	-27.2161	-8.07676	17.9389	31.0124	1373.16	1439.97	-86.8205	-87.738	-0.000451137	170.896
34.5513	-4.04838	-223.836	-5.16412	-126.206	1.74319	-19.8917	-9.29345	6.63335	31.0124	1373.92	1440.13	-87.1296	-87.4329	6.59448e-006	171.966
34.5520	-5.87667	-115.842	-25.9182	-54.1655	-2.21503	-22.6317	-13.8755	-8.30611	31.0124	1374.08	1440.45	-87.1296	-87.1277	0.000464373	172.733
34.5527	-8.32529	101.464	-45.141	7.76372	-6.80238	-8.589	-15.4028	-13.209	31.0055	1373	1440.13	-87.4388	-87.5854	0.000159203	172.268
34.5533	-6.79082	363.035	-33.244	-16.3399	-6.48781	20.3923	-12.0375	-4.38378	31.0124	1371.76	1438.13	-89.1146	-88.6536	6.59448e-006	173.035
34.5540	-3.73822	503.992	-6.3876	-43.4678	-3.1325	46.9497	-8.69805	-0.980582	31.0124	1370.68	1436.46	-90.4814	-89.8743	6.59448e-006	174.407
34.5547	-0.99577	523.205	0.330264	27.6244	-0.694655	40.2313	-5.95402	-4.67219	31.0124	1370.25	1435.74	-90.6441	-90.4846	6.59448e-006	175.012
34.5553	0.522371	471.656	3.07746	134.421	1.14028	-3.08255	-2.5887	-6.80639	31.0124	1370.41	1435.26	-90.4814	-90.332	-0.000298575	175.314
34.5560	1.14269	70.3215	11.6193	219.596	4.4956	-72.3742	-1.06137	-7.7293	31.0124	1371.6	1435.58	-89.4238	-89.1113	-0.000145967	175.639
34.5567	-1.30593	-575.13	4.29343	194.86	12.7266	-132.787	-0.750724	-6.80639	31.0184	1373.16	1436.14	-87.5852	-87.4329	0.000311811	176.081
34.5573	-7.10098	-896.16	-3.03242	44.4157	20.3678	-124.567	0.776611	-1.90348	31.0124	1374.67	1436.62	-85.7466	-86.5173	0.000159203	176.383
34.5580	-13.5163	-976.716	11.0113	28.8431	18.8343	-67.1839	2.89935	-0.692176	31.0184	1375.1	1436.46	-85.291	-85.907	6.59448e-006	177.011
34.5587	-18.3973	-842.414	22.3003	161.594	12.4251	-20.7875	7.17071	-9.22901	31.0124	1374.51	1435.1	-86.3649	-86.0596	0.000464373	177.755
34.5593	-21.4499	-275.133	16.1979	204.023	9.06983	13.9901	12.374	-12.5745	31.0124	1373.59	1433.1	-86.8205	-86.9751	0.000311811	178.685
34.5600	-23.572	278.775	9.17983	194.544	8.76838	42.6815	16.6454	-2.24957	31.0184	1373.43	1431.9	-86.8205	-87.4329	0.000159203	179.29
34.5607	-27.8489	357.824	10.3958	213.186	8.15237	33.5392	21.2015	4.49914	31.0184	1373.59	1431.26	-87.1296	-87.2803	6.59448e-006	180.057
34.5613	-31.2117	253.471	7.95635	109.098	7.54946	-7.66687	22.4441	-1.32667	31.0124	1373.27	1430.38	-87.5852	-87.4329	-0.000451137	180.522
34.5620	-28.4692	138.697	-6.07985	-85.5815	7.85091	-8.27284	17.8621	-10.4403	31.0124	1373.16	1429.27	-87.276	-87.738	-0.000145967	181.429
34.5627	-21.1397	-28.5053	-10.9663	-124.355	9.06983	78.6973	12.9694	-18.6887	31.0124	1373.59	1428.95	-86.674	-87.4329	0.000159203	182.196
34.5633	-2.53023	-9.29249	-1.20096	-43.7838	8.45382	139.11	10.2254	-25.4375	31.0124	1374.19	1429.43	-85.7466	-86.5173	6.59448e-006	182.498
34.5640	24.0291	38.614	5.20916	21.2148	4.4956	107.389	9.00869	-26.9372	31.0184	1375.59	1430.54	-84.8354	-84.9915	-0.000145967	183.103
34.5647	40.2062	-133.799	7.95635	30.6487	-1.91358	100.96	9.00869	-23.8801	31.0124	1376.51	1431.42	-84.3799	-83.9233	-0.000145967	183.708
34.5653	34.4112	-14.1899	7.04062	-70.0541	-6.48781	144.3	9.00869	-22.9572	31.0124	1375.86	1431.26	-84.8354	-84.8389	-0.000451137	184.475
34.5660	17.6137	464.938	2.46197	-193.01	-6.48781	153.759	5.33273	-19.6116	31.0124	1374.35	1429.43	-86.0557	-86.5173	-0.000908915	185.544
34.5667	8.45588	518.935	6.74038	-140.83	-5.26889	120.193	-1.96742	-2.24957	31.0124	1372.24	1427.19	-88.0408	-87.8906	-0.000603745	186.614
34.5673	-17.7769	161.614	19.2454	107.564	-3.44706	71.979	-8.69805	23.9954	31.0184	1371.16	1426.55	-89.7167	-88.9587	6.59448e-006	187.846
34.5680	-53.4941	19.0873	17.4214	350.496	-1.61212	21.6306	-12.3481	31.9554	31.0184	1371.6	1426.39	-89.7167	-89.1113	6.59448e-006	188.753
34.5687	-42.1978	139.325	-5.77211	455.758	-1.31067	-16.2295	-10.8208	7.84466	31.0055	1372.24	1426.55	-89.1146	-88.8062	-0.000145967	189.52
34.5693	-9.23944	91.104	-19.2003	462.799	-0.996109	-62.5996	-3.8054	-15.6316	30.9996	1372.51	1427.75	-88.6591	-87.738	-0.000298575	190.288
34.5700	-1.90992	-26.3706	-4.24839	490.243	0.222814	-93.1089	3.52064	-15.0548	31.0055	1373	1428.07	-88.6591	-87.738	-0.000298575	190.59
34.5707	-10.1536	165.883	9.48007	485.097	-1.91358	-40.6265	5.95402	-0.403769	31.0055	1373.16	1427.59	-88.6591	-88.0432	-0.000145967	191.334
34.5713	-15.0345	216.804	7.34837	255.571	-7.10383	33.8291	4.42668	3.86465	31.0055	1373	1427.75	-87.8943	-87.2803	0.000311811	192.869
34.5720	-8.32529	-52.0505	1.54623	-5.64224	-9.24022	55.5123	0.776611	-9.22901	31.0124	1373.27	1427.75	-87.5852	-87.1277	0.000159203	193.171
34.5727	-0.685612	-113.707	-3.94815	-181.725	-9.85624	44.2096	-4.11604	-17.7658	31.0124	1372.84	1426.87	-88.0408	-88.6536	-0.000603745	193.031
34.5733	1.43652	59.6477	-7.91132	-313.889	-10.4591	57.3302	-7.48136	-15.3432	31.0055	1371.76	1425.59	-88.8055	-90.0269	-0.000603745	193.938
34.5740	7.85189	174.422	-8.21906	-203.076	-9.24022	104.016	-7.76611	-3.46088	30.9996	1370.57	1424.23	-90.0258	-90.6372	6.59448e-006	195.17
34.5747	2.97098	0.753445	-3.64041	0.451379	-4.35142	105.545	-8.07676	16.6699	30.9996	1369.76	1423.51	-90.6441	-90.9424	0.000159203	196.217
34.5753	-14.4305	-246.125	1.54623	60.5751	2.66066	37.8074	-11.1314	35.5894	30.9996	1370.25	1424.07	-89.5702	-90.332	0.000311811	196.984
34.5760	-24.1923	-148.805	2.76971	155.771	8.45382	-33.3021	-13.8755	57.2775	30.9996	1372.24	1425.75	-88.0408	-88.9587	0.000311811	197.449
34.5767	-28.1591	-1.38132	3.07746	327.611	9.9873	-30.5621	-12.6588	73.1399	31.0055	1374.08	1427.59	-86.5113	-87.4329	0.000159203	198.216
34.5773	-29.0732	-22.7289	4.60117	298.317	7.54946	21.9204	-8.69805	46.6065	30.9996	1374.83	1428.87	-85.4537	-85.907	0.000464373	198.821
34.5780	-26.0206	82.8789	6.74038	-6.545	2.66066	48.4778	-7.76611	-8.0177	30.9937	1374.19	1428.55	-85.291	-85.6018	0.000311811	198.821
34.5787	-24.7963	218.059	12.2273	-327.611	-1.91358	71.6628	-9.00869	-31.8401	30.9996	1373.92	1428.07	-85.7466	-86.3647	0.000311811	199.89
34.5793	-23.572	90.7901	20.4688	-522.291	-5.58345	92.4239	-6.86007	-27.8601	30.9996	1373.92	1427.75	-86.5113	-86.8225	0.000159203	201.867
34.5800	-2.22008	-192.128	17.7217	-602.591	-8.93877	41.4696	-4.42668	-17.7658	30.9937	1373.92	1427.43	-86.8205	-86.9751	-0.000145967	202.634
34.5807	35.9293	-315.693	0.630503	-453.049	-9.54168	-25.0556	-0.750724	1.73044	30.9937	1374.08	1427.59	-86.674	-87.1277	6.59448e-006	203.099
34.5813	46.6053	-303.827	-11.5742	-159.743	-7.40528	40.2313	6.86007	18.5157	30.9937	1373.59	1428.07	-86.9832	-87.1277	0.000159203	203.866
34.5820	24.0291	-363.286	-6.3876	-8.98245	-4.35142	187.324	13.5907	23.9954	30.9878	1372.84	1427.59	-87.5852	-87.2803	6.59448e-006	204.61
34.5827	6.33375	-364.228	7.04062	-22.7495	-1.91358	221.522	17.8621	19.727	30.9878	1373.27	1427.75	-87.5852	-87.2803	-0.000298575	205.843
34.5833	1.14269	-345.643	16.5057	-97.8139	0.222814	107.995	17.8621	10.2673	30.9878	1375.43	1429.43	-85.9093	-85.7544	-0.000145967	207.052
34.5840	1.14269	-434.738	14.9745	-205.242	3.27667	-14.3853	13.2801	5.42204	30.9878	1376.67	1430.94	-84.3799	-84.2285	-0.000603745	207.214
34.5847	5.4196	-323.667	9.78782	-237.29	5.41307	-74.798	9.00869	-0.115363	30.9878	1376.51	1430.94	-84.5263	-84.2285	-0.000451137	207.377
34.5853	3.88513	161.3	8.2641	-51.0961	4.4956	-115.398	9.00869	-4.96059	30.9819	1376.18	1429.58	-85.291	-84.6863	-0.000145967	208.749
34.5860	0.832529	552.526	9.78782	231.467	1.74319	-141.639	6.26466	0.230725	30.9819	1374.51	1427.75	-86.9832	-86.3647	-0.000756307	210.423
34.5867	6.33375	562.572	13.7585	290.688	-0.694655	-129.441	-5.02209	1.73044	30.9819	1373.16	1425.91	-88.6591	-87.8906	-0.000603745	211.934
34.5873	10.5943	587.624	20.4688	123.452	-2.52959	-107.468	-15.4028	-10.7864	30.9878	1372.51	1424.23	-89.5702	-88.501	-0.000145967	213.004
34.5880	12.1288	582.413	30.5419	-39.2249	-5.58345	-97.4034	-17.5514	-14.7664	30.9819	1371.6	1423.19	-90.1722	-88.9587	-0.000145967	213.771
34.5887	14.8712	234.196	22.9083	-156.719	-7.71984	-117.848	-14.4967	-2.53798	30.9819	1371.92	1423.35	-89.5702	-88.501	-0.000298575	214.539
34.5893	13.3531	-115.528	-17.3689	-146.337	-8.93877	-150.808	-14.1861	-3.11479	30.9819	1373.16	1423.67	-88.8055	-87.738	-0.000145967	215.445
34.5900	19.442	-179.32	-49.7197	38.0061	-7.71984	-29.3501	-14.1861	-10.1519	30.976	1373.43	1423.35	-88.4964	-87.1277	6.59448e-006	216.375
34.5907	32.5666	-73.3981	-46.6723	170.125	-1.91358	190.987	-9.29345	12.1131	30.976	1373.16	1422.55	-88.0408	-86.9751	0.000464373	216.98
34.5913	20.6663	-6.27871	-28.3576	111.536	3.87958	213.882	-3.49475	49.6636	30.9819	1372.84	1421.51	-88.2035	-87.738	0.000311811	217.445
34.5920	-2.82407	-9.92036	-14.0137	-37.0582	4.79705	75.6411	-0.750724	61.8344	30.9819	1373.16	1421.35	-88.3499	-87.8906	-0.000145967	218.515
34.5927	-2.82407	-23.3568	-3.94815	-108.512	3.87958	-39.4145	1.37201	52.7207	30.976	1373.16	1420.88	-88.6591	-87.8906	-0.000145967	219.421
34.5933	8.45588	-174.109	7.95635	-109.414	6.31743	-112.658	3.20999	42.9149	30.9819	1371.92	1419.2	-89.5702	-89.1113	6.59448e-006	220.654
34.5940	13.3531	-229.926	21.6923	-95.9632	9.06983	-125.779	3.52064	31.3209	30.9819	1370.84	1417.36	-90.3349	-90.332	6.59448e-006	222.328
34.5947	10.3005	146.357	32.3734	-29.7459	7.54946	-53.4573	5.64338	20.3615	30.976	1370.41	1416.64	-90.7905	-90.1794	0.000159203	223.235
34.5953	7.2479	455.457	34.5051	57.2349	4.79705	74.719	10.536	14.8818	30.976	1370.68	1416.48	-89.8794	-89.5691	0.000159203	224.002
34.5960	8.45588	280.595	29.9264	93.8418	3.87958	157.131	12.0634	13.036	30.976	1372.84	1417.52	-87.4388	-88.1958	0.000159203	224.769
34.5967	7.2479	-116.721	33.5893	96.5952	2.96211	146.751	8.3874	7.55625	30.976	1374.19	1418.16	-86.0557	-86.5173	0.000159203	224.909
34.5973	6.62758	-506.754	48.241	129.546	3.57813	162.611	4.42668	-12.5745	30.976	1374.19	1417.36	-86.674	-86.5173	6.59448e-006	225.211
34.5980	12.1288	-606.523	55.2591	153.965	4.4956	221.812	3.20999	-32.1285	30.9819	1374.51	1417.84	-86.2185	-86.5173	-0.000298575	226.28
34.5987	15.7854	-351.733	37.56	219.28	3.27667	181.528	0.465967	-38.5311	30.9819	1374.35	1417.52	-85.7466	-86.2122	0.000159203	227.211
34.5993	15.4752	9.29249	9.17983	354.152	0.825722	63.1265	-5.64338	-46.4911	30.976	1373.75	1416	-86.674	-86.8225	0.000311811	228.582
34.6000	15.1814	179.006	-3.33266	298.317	-0.393201	-16.5193	-9.91474	-47.414	30.9819	1373.59	1415.52	-86.9832	-87.1277	6.59448e-006	229.954
34.6007	11.5085	210.399	-16.1529	-46.2212	-3.44706	-91.6072	-11.4421	-25.4375	30.9819	1373.59	1414.96	-86.9832	-87.1277	6.59448e-006	230.419
34.6013	6.93774	447.232	-36.5992	-371.53	-11.3766	-203.896	-13.2801	2.01885	30.976	1373.59	1414.16	-87.4388	-87.4329	6.59448e-006	231.791
34.6020	5.71343	438.065	-43.0093	-425.876	-16.5669	-241.124	-14.1861	21.8612	30.9819	1373.59	1414	-87.4388	-87.4329	-0.000145967	233.302
34.6027	-4.35853	-61.7825	-38.1229	-297.414	-14.4305	-170.331	-9.60409	36.5123	30.9819	1374.19	1414.64	-86.5113	-86.3647	0.000159203	234.232
34.6033	-20.8295	-207.072	-32.9363	-183.26	-10.7606	-101.961	-1.68266	45.3952	30.9819	1375.27	1415.68	-85.291	-85.144	6.59448e-006	234.837
34.6040	-25.4166	70.3215	-37.515	-182.357	-8.32275	-62.3097	4.73733	49.952	30.9878	1375.86	1416.48	-84.2334	-83.9233	6.59448e-006	235.139
34.6047	-14.7243	32.7749	-45.141	-276.966	-8.32275	-13.7793	7.792	37.1468	30.9819	1376.35	1416.32	-84.0707	-83.4656	-0.000145967	235.906
34.6053	-4.04838	-111.573	-49.7197	-313.257	-8.93877	22.8425	4.42668	-2.82638	30.9819	1376.35	1415.52	-85.291	-84.5337	-0.000451137	237.743
34.6060	-15.0345	4.39509	-53.3826	-182.041	-7.71984	64.9708	-2.27806	-41.2998	30.9819	1374.67	1413.84	-86.8205	-86.2122	-0.000298575	239.417
34.6067	-36.6966	149.37	-43.9251	-29.4299	-4.04997	133.92	-3.49475	-52.2593	30.9819	1372.51	1411.77	-88.4964	-88.0432	-0.000298575	240.626
34.6073	-54.702	142.652	-14.3214	30.0619	-0.996109	137.898	-0.465967	-50.1251	30.9819	1371.76	1410.65	-89.4238	-88.9587	-0.000145967	241.556
34.6080	-79.433	76.7258	4.90892	32.8153	-2.52959	81.4374	1.9933	-55.028	30.976	1371.76	1410.41	-89.2611	-88.6536	6.59448e-006	242.928
34.6087	-85.8321	47.1531	0.938249	14.4893	-5.26889	26.5047	4.42668	-66.9103	30.9819	1372.08	1410.81	-88.9519	-88.6536	-0.000298575	244.3
34.6093	-43.4221	15.1317	17.4214	-3.52076	-6.80238	-67.1839	6.57531	-69.679	30.9819	1372.68	1411.45	-88.2035	-87.8906	-0.000451137	244.742
34.6100	28.5998	-11.7412	36.6443	-0.451379	-6.80238	-144.696	5.64338	-54.7396	30.976	1373.43	1411.45	-87.7316	-87.2803	-0.000451137	245.974
34.6107	40.5001	-44.3905	22.9083	34.6208	-6.80238	-126.385	3.52064	-36.1085	30.976	1373.27	1411.13	-87.7316	-87.738	-0.000451137	246.881
34.6113	-25.4166	-149.998	-2.72468	62.6966	-7.71984	-104.095	3.20999	-24.5146	30.9691	1372.68	1410.49	-87.8943	-87.5854	-0.000145967	247.346
34.6120	-46.7685	-214.669	-21.3395	51.7281	-7.71984	-125.779	1.9933	-19.6116	30.9631	1372.68	1410.09	-88.0408	-87.4329	0.000159203	248.718
34.6127	-14.7243	-130.785	-31.1048	54.1655	-6.18636	-125.779	0.155322	-24.5146	30.9631	1372.84	1410.41	-88.2035	-88.0432	0.000311811	250.09
34.6133	3.57498	-63.3522	-26.2259	100.883	-1.61212	-99.2214	-1.06137	-35.1856	30.9691	1371.92	1410.09	-89.4238	-89.2639	0.000464373	251.322
34.6140	1.14269	-17.2664	-10.6585	153.965	2.35921	-71.452	-1.37201	-39.7424	30.9691	1370.57	1408.41	-90.7905	-90.332	0.000159203	252.996
34.6147	-5.87667	119.17	2.76971	220.183	2.05775	-25.688	-0.465967	-23.5917	30.9631	1369.92	1407.29	-91.3925	-90.7898	-0.000145967	253.763
34.6153	-15.9486	94.7457	16.1979	245.505	2.35921	20.3923	-0.155322	12.4015	30.9572	1370.84	1408.41	-90.7905	-90.0269	0.000159203	254.507
34.6160	-28.4692	-67.6217	42.1386	227.811	6.93344	24.6868	0.465967	38.6465	30.9572	1372.68	1410.49	-88.6591	-88.0432	0.000311811	255.577
34.6167	9.68019	-63.3522	75.0975	207.996	10.5902	-0.0526932	0.155322	33.1668	30.9631	1373.75	1411.45	-87.4388	-86.8225	0.000159203	256.205
34.6173	74.0787	-93.2388	59.2298	141.733	9.37129	-23.8437	0.465967	12.7476	30.9572	1374.67	1412.09	-86.9832	-86.6699	-0.000145967	257.274
34.6180	69.4917	-223.208	-10.0505	115.824	6.31743	-38.2026	1.37201	3.86465	30.9513	1375.27	1412.49	-86.5113	-86.3647	-0.000451137	258.018
34.6187	24.6331	-182.962	-46.0568	151.844	5.71452	-43.3665	-1.06137	-4.03769	30.9454	1374.35	1412.33	-87.1296	-86.5173	-0.000145967	258.948
34.6193	0.832529	-39.4931	-36.907	171.344	5.71452	-43.0767	-5.95402	-28.4946	30.9454	1373.92	1411.61	-87.5852	-86.9751	6.59448e-006	260.46
34.6200	-10.7576	-25.1776	-32.6286	91.4043	5.41307	-44.8946	-6.86007	-44.9337	30.9513	1373.75	1411.13	-87.7316	-87.2803	6.59448e-006	261.994
34.6207	-8.61912	-86.8345	-37.2072	-115.824	5.41307	-50.4011	-4.42668	-34.2627	30.9513	1373.75	1411.13	-88.0408	-87.2803	6.59448e-006	263.203
34.6213	0.832529	11.4272	-26.5262	-247.672	5.09851	-54.9854	-1.68266	-12.5745	30.9385	1373.75	1410.97	-87.8943	-87.2803	6.59448e-006	264.133
34.6220	2.97098	206.444	-0.285228	-181.139	3.87958	-37.5703	1.06137	3.57624	30.9454	1373.43	1410.41	-87.7316	-87.4329	-0.000145967	265.505
34.6227	5.10944	210.399	13.4507	-36.7874	3.57813	-7.98302	3.20999	1.73044	30.9454	1373.75	1410.81	-87.276	-86.5173	-0.000145967	267.04
34.6233	12.1288	149.37	10.7035	78.5851	4.4956	3.31967	3.83128	-0.115363	30.9385	1375	1412.09	-85.9093	-84.9915	-0.000145967	268.086
34.6240	10.5943	-84.0719	5.51691	189.67	5.41307	14.3062	3.52064	26.4757	30.9385	1375.75	1412.17	-85.291	-84.6863	-0.000145967	267.947
34.6247	-15.6385	-836.01	-0.585468	263.515	6.63199	30.1669	2.5887	43.8378	30.9385	1375.27	1411.29	-84.8354	-84.8389	-0.000603745	268.086
34.6253	-45.5605	-1171.73	2.16173	120.699	7.2349	38.4134	1.9933	18.2273	30.9385	1374.83	1410.25	-84.9982	-85.144	-0.000298575	269.783
34.6260	-57.1507	-571.425	21.3846	-155.5	5.41307	38.0972	1.68266	-7.7293	30.9385	1373.92	1408.41	-86.3649	-86.5173	6.59448e-006	272.062
34.6267	-58.6688	38.614	32.3734	-214.405	2.96211	54.88	1.9933	-0.980582	30.9385	1372.35	1406.09	-87.8943	-88.1958	-0.000451137	273.294
34.6273	-56.2365	388.652	8.2641	-41.0304	1.14028	88.1558	3.52064	11.1902	30.9326	1370.84	1403.94	-89.5702	-89.5691	-0.000145967	274.666
34.6280	-53.1839	648.025	-29.8814	108.782	-0.0786402	60.3864	4.73733	10.2673	30.9267	1370.57	1403.22	-90.3349	-90.1794	-0.000145967	276.34
34.6287	-57.1507	629.126	-54.2984	73.3943	0.222814	-17.1253	4.11604	9.69046	30.9326	1371.33	1403.54	-89.4238	-89.1113	-0.000603745	276.945
34.6293	-56.2365	287.941	-52.7746	-84.9947	2.96211	-55.5914	2.30395	9.69046	30.9326	1371.6	1404.26	-88.2035	-88.0432	-0.000451137	277.247
34.6300	-32.7298	-135.683	-29.2734	-140.83	6.01597	-49.4789	-1.37201	11.4786	30.9326	1372.24	1404.41	-87.7316	-87.738	-0.000298575	278.782
34.6307	2.66083	-357.196	-13.4057	-63.3285	8.15237	-14.9912	-6.54942	17.016	30.9385	1372.24	1403.78	-88.0408	-87.738	6.59448e-006	280.293
34.6313	48.4336	-242.484	-8.5193	-33.718	9.37129	42.9977	-11.1314	17.9389	30.9385	1371.92	1403.38	-88.4964	-87.5854	0.000616981	281.06
34.6320	74.9929	149.998	3.3777	-60.8911	9.06983	104.939	-9.91474	15.8047	30.9326	1372.68	1403.7	-88.0408	-87.2803	0.000159203	282.293
34.6327	48.4336	450.874	16.8059	-39.2249	8.45382	164.456	-1.68266	5.07595	30.9385	1372.24	1402.74	-88.4964	-88.0432	-0.000145967	283.502
34.6333	27.9958	392.294	19.2454	-27.3084	9.68585	193.753	3.20999	-12.5745	30.9385	1371	1401.06	-89.7167	-89.2639	0.000311811	285.176
34.6340	34.4112	297.108	13.7585	-96.9111	11.5077	167.196	1.06137	-12.2861	30.9385	1370.25	1400.18	-90.3349	-89.8743	0.000159203	287.013
34.6347	30.4281	281.851	10.3958	-240.63	9.9873	107.389	-0.465967	-0.403769	30.9385	1369.76	1399.22	-90.7905	-90.332	6.59448e-006	288.082
34.6353	22.8048	266.594	8.56434	-374.284	7.2349	45.7377	-1.96742	5.07595	30.9385	1370.57	1399.38	-90.1722	-89.7217	0.000159203	289.152
34.6360	20.6663	336.79	4.90892	-356.274	7.54946	8.50996	-3.20999	13.6705	30.9326	1372.35	1400.9	-88.3499	-87.5854	0.000311811	289.756
34.6367	16.6995	245.811	3.07746	-160.059	9.37129	-3.39871	-0.155322	26.1296	30.9326	1373.16	1401.7	-87.276	-86.0596	0.000769543	289.756
34.6373	13.6469	17.2664	3.3777	76.1477	6.93344	-13.7793	2.89935	29.5328	30.9326	1373.75	1401.7	-87.5852	-86.0596	0.000769543	291.291
34.6380	14.5611	-173.795	2.16173	151.212	1.14028	-37.8864	3.52064	18.5157	30.9326	1374.83	1402.74	-87.4388	-86.5173	-0.000145967	292.965
34.6387	15.1814	-397.191	1.24599	66.9847	-6.18636	-55.5914	4.11604	-0.403769	30.9326	1374.08	1402.42	-87.4388	-86.6699	-0.000298575	293.569
34.6393	14.8712	-626.992	0.938249	-13.5865	-15.0334	-42.7606	2.89935	-10.1519	30.9385	1372.68	1401.54	-87.8943	-86.8225	6.59448e-006	294.639
34.6400	13.9571	-404.788	0.630503	-51.0961	-16.8683	-24.4497	0.465967	-11.3632	30.9326	1373	1401.22	-87.8943	-86.9751	-0.000145967	296.476
34.6407	15.4752	295.853	0.330264	-57.8217	-11.6781	-43.3665	3.83128	-16.9006	30.9385	1373.59	1401.54	-87.7316	-86.6699	-0.000451137	297.708
34.6413	21.8906	494.825	1.24599	4.42352	-10.7606	-116.32	10.2254	-18.1119	30.9454	1372.84	1401.22	-87.8943	-86.6699	-0.000145967	298.15
34.6420	22.2008	197.591	3.99319	105.758	-16.8683	-200.55	14.4967	4.21074	30.9385	1371.76	1399.86	-88.9519	-87.738	0.000464373	299.522
34.6427	14.5611	-7.47166	7.34837	184.795	-18.7033	-216.727	17.8621	28.8983	30.9385	1372.68	1400.74	-88.8055	-87.4329	-0.000298575	301.359
34.6433	8.76604	-115.842	8.2641	260.762	-10.7606	-158.738	17.5514	23.1302	30.9454	1374.35	1402.74	-86.9832	-85.6018	-0.000908915	302.265
34.6440	7.2479	-3.51608	6.74038	335.239	-0.0786402	-91.897	12.374	12.7476	30.9513	1375.27	1403.22	-85.4537	-84.5337	-0.000145967	303.033
34.6447	9.68019	94.7457	5.82465	286.4	7.2349	-50.6909	7.48136	24.3415	30.9513	1376.02	1403.7	-84.8354	-84.0759	0.000159203	304.567
34.6453	13.6469	-113.959	5.51691	17.2427	13.3426	-22.9216	5.95402	21.2844	30.9454	1375.75	1403.38	-85.6002	-84.6863	-0.000145967	306.241
34.6460	12.1288	-193.635	3.68544	-279.088	15.7805	-5.53279	5.64338	2.36493	30.9454	1373.27	1401.22	-87.4388	-86.8225	-0.000145967	307.474
34.6467	5.71343	26.1194	0.330264	-312.941	13.3426	6.05972	2.89935	-1.61508	30.9454	1371.43	1399.54	-88.9519	-88.6536	6.59448e-006	309.148
34.6473	2.97098	150.312	-1.80894	-139.928	8.15237	41.4696	-0.750724	1.15363	30.9454	1371.16	1399.22	-89.4238	-89.2639	6.59448e-006	310.519
34.6480	2.36699	100.836	-2.11669	-7.4929	3.27667	60.6763	-3.8054	3.86465	30.9513	1371.6	1399.7	-88.8055	-88.501	6.59448e-006	312.031
34.6487	-5.27268	72.1423	-2.11669	22.4336	-1.61212	24.3706	-6.86007	5.42204	30.9513	1372.08	1400.26	-87.7316	-87.2803	0.000159203	313.426
34.6493	-19.9154	118.542	-1.80894	19.3642	-6.48781	50.322	-7.76611	4.49914	30.9513	1372.08	1400.26	-87.7316	-87.2803	6.59448e-006	313.565
34.6500	-32.436	246.439	-2.11669	1.98607	-8.62421	154.681	-4.73733	10.9018	30.9513	1372.08	1400.26	-87.7316	-87.2803	6.59448e-006	314.635
34.6507	-40.0593	356.317	-2.41693	-9.61438	-7.40528	158.343	-2.5887	18.5157	30.9513	1372.68	1400.26	-87.7316	-87.5854	-0.000145967	316.611
34.6513	-46.1645	250.709	-0.585468	23.3363	-5.88491	64.3384	-0.750724	14.2473	30.9513	1372.51	1400.58	-87.7316	-87.8906	-0.000145967	317.541
34.6520	-44.0261	117.977	0.630503	10.2012	-6.18636	23.1587	1.9933	3.57624	30.9454	1371.92	1400.74	-87.8943	-87.738	0.000616981	318.611
34.6527	-31.2117	-11.7412	0.022518	-102.102	-6.48781	35.9631	2.89935	0.230725	30.9513	1371.92	1400.74	-88.6591	-88.501	0.000464373	320.587
34.6533	-22.6578	-413.39	0.938249	-194.544	-4.96744	32.301	4.42668	1.15363	30.9513	1370.57	1400.26	-89.5702	-89.5691	-0.000298575	321.494
34.6540	-16.2588	-570.232	11.6193	-189.986	-3.1325	-1.26464	6.57531	-11.0748	30.9513	1369	1399.54	-91.2461	-90.7898	0.000464373	323.029
34.6547	2.66083	-272.056	25.6555	-122.82	-1.31067	-56.4871	6.86007	-32.763	30.9513	1369.76	1399.86	-91.8644	-91.2476	0.000616981	324.703
34.6553	12.1288	-52.6156	29.6262	15.1212	-0.0786402	-109.602	7.792	-42.7995	30.9513	1370.84	1401.22	-90.3349	-89.8743	0.000311811	325.772
34.6560	-15.0345	-59.6477	29.3184	203.076	-0.393201	-141.033	12.374	-34.5511	30.9454	1372.08	1403.22	-88.6591	-88.0432	0.000311811	326.842
34.6567	-49.5273	-242.798	32.6736	294.344	-2.52959	-124.857	14.1861	-16.5545	30.9513	1373.75	1405.37	-86.9832	-86.3647	0.000159203	327.749
34.6573	-62.6355	-399.326	37.56	266.585	-6.18636	-64.1277	10.536	1.73044	30.9572	1373.92	1405.61	-86.3649	-85.2966	0.000159203	327.911
34.6580	-66.6023	-371.26	42.1386	295.247	-9.54168	-73.9023	5.64338	9.97887	30.9572	1373.59	1405.21	-86.9832	-85.7544	0.000159203	328.818
34.6587	-70.2752	-365.735	35.7285	440.817	-10.7606	-129.125	-0.155322	4.49914	30.9513	1373.75	1405.05	-87.4388	-86.6699	6.59448e-006	331.12
34.6593	-66.6023	-298.929	11.3115	557.724	-10.4591	-39.0984	-8.3874	4.78755	30.9572	1373.16	1404.57	-87.7316	-87.1277	0.000159203	332.631
34.6600	-65.0842	-14.1899	-23.4787	578.443	-8.62421	105.545	-16.0241	20.996	30.9572	1372.51	1404.1	-88.2035	-87.2803	0.000159203	333.561
34.6607	-56.5467	208.579	-53.6904	598.619	-4.96744	108.601	-19.6742	26.4757	30.9572	1372.51	1403.54	-88.3499	-86.9751	6.59448e-006	334.631
34.6613	53.0207	295.225	-71.3895	626.695	0.825722	68.9228	-19.3635	11.4786	30.9631	1372.68	1402.9	-88.4964	-87.2803	0.000311811	336.305
34.6620	179.973	352.612	-68.9501	523.51	6.01597	71.6628	-18.4575	2.01885	30.9572	1372.51	1402.42	-88.3499	-87.8906	-0.000145967	337.375
34.6627	140.306	375.216	-46.6723	248.575	7.2349	41.7594	-14.8074	13.6705	30.9513	1372.84	1402.42	-87.5852	-86.9751	-0.000145967	338.281
34.6633	47.5194	386.517	-23.171	-107.88	4.79705	-7.66687	-9.60409	23.1302	30.9572	1374.51	1403.22	-86.2185	-84.8389	-0.000298575	339.955
34.6640	28.306	191.187	-3.64041	-415.179	0.825722	-18.6534	-7.17071	9.05597	30.9572	1375.59	1403.78	-84.689	-83.9233	-0.000145967	340.583
34.6647	30.4281	-218.059	9.78782	-523.51	-1.91358	-12.5673	-7.17071	-9.22901	30.9572	1375.86	1403.22	-84.9982	-84.2285	6.59448e-006	341.792
34.6653	21.5805	-238.465	7.04062	-400.87	-2.21503	-15.9134	-9.00869	-18.6887	30.9572	1375.1	1401.86	-86.2185	-85.144	-0.000451137	344.094
34.6660	13.9571	87.1485	-3.94815	-278.185	-0.996109	1.79157	-9.00869	-15.6316	30.9513	1373.59	1399.86	-87.276	-86.6699	-0.000298575	345.908
34.6667	12.1288	179.32	-8.82705	-263.199	-0.393201	75.6411	-6.23878	7.21016	30.9513	1372.08	1397.06	-88.8055	-88.1958	0.000159203	347.28
34.6673	17.3199	85.0137	-9.13479	-215.624	-1.91358	181.238	-5.02209	22.2073	30.9572	1371.33	1395.55	-90.3349	-89.1113	-0.000145967	348.814
34.6680	25.8574	-99.957	-12.49	-224.742	-3.74852	244.707	-4.11604	10.2673	30.9513	1371.33	1395.71	-90.0258	-88.9587	-0.000298575	350.046
34.6687	27.0817	-182.648	-14.3214	-344.718	-2.52959	249.581	-2.27806	-5.59509	30.9454	1371.33	1395.23	-89.5702	-88.501	-0.000145967	350.651
34.6693	6.62758	102.72	-6.68784	-375.232	-0.0786402	230.981	-0.750724	-10.7864	30.9513	1371.76	1394.51	-89.4238	-88.3484	0.000159203	352.162
34.6700	-31.2117	87.1485	-3.64041	-304.41	-1.31067	167.512	-0.155322	-14.1319	30.9572	1372.68	1394.99	-88.8055	-87.5854	0.000311811	354.162
34.6707	-35.1784	-483.272	-5.16412	-196.666	-1.61212	17.3624	1.06137	-17.4774	30.9513	1371.92	1394.19	-89.1146	-87.5854	0.000311811	354.464
34.6713	-9.84343	-621.466	13.143	-59.9883	0.524268	-156.288	3.52064	-25.7259	30.9513	1371.33	1392.83	-89.4238	-88.501	0.000464373	354.766
34.6720	4.48913	-293.404	39.6992	8.71162	2.35921	-242.046	5.64338	-36.3969	30.9513	1372.24	1393.31	-88.4964	-88.1958	0.000464373	356.603
34.6727	50.572	-70.9494	58.6143	2.57286	3.87958	-237.778	9.00869	-33.6859	30.9513	1372.08	1392.67	-88.9519	-87.8906	0.000311811	358.58
34.6733	94.5165	219.566	73.874	-12.9546	4.79705	-200.234	13.9013	-30.9172	30.9454	1371	1390.83	-90.3349	-89.1113	6.59448e-006	360.719
34.6740	80.1839	279.089	76.9289	-85.5815	5.71452	-147.752	15.4287	-37.6082	30.9385	1370.08	1389.63	-91.2461	-90.1794	-0.000145967	361.788
34.6747	62.7825	-78.2955	73.874	-186.6	7.85091	-90.9749	10.2254	-30.6288	30.9385	1369.33	1388.83	-91.5552	-90.6372	-0.000145967	362.393
34.6753	62.1785	-150.94	71.4345	-174.413	9.37129	-56.1973	3.52064	-1.32667	30.9385	1370.08	1389.15	-90.7905	-89.7217	6.59448e-006	363.323
34.6760	68.8877	-46.2113	58.3141	-27.3084	9.37129	-36.6745	-1.37201	34.0897	30.9385	1371.76	1390.67	-88.9519	-87.8906	0.000616981	364.532
34.6767	54.245	-158.537	25.6555	166.785	7.85091	10.9338	-3.8054	51.7978	30.9385	1373.27	1391.87	-87.8943	-87.1277	0.000616981	365.439
34.6773	-3.13423	-141.459	-29.8814	311.452	5.09851	57.9362	-4.11604	41.1268	30.9385	1374.08	1392.35	-87.5852	-86.6699	6.59448e-006	366.369
34.6780	-37.0067	60.2756	-71.9975	325.49	4.19414	52.4561	-5.64338	25.2644	30.9326	1373.92	1392.03	-87.4388	-86.0596	6.59448e-006	367.741
34.6787	-41.5775	144.473	-64.0637	185.381	4.79705	-8.589	-7.48136	21.5728	30.9267	1373.59	1391.63	-87.5852	-86.3647	0.000159203	369.415
34.6793	-58.6688	45.6462	-49.7197	-88.3349	3.87958	-107.468	-5.64338	17.016	30.9267	1373	1391.31	-88.2035	-87.2803	-0.000145967	370.647
34.6800	-60.5134	95.6875	-46.0568	-349.277	1.74319	-163.929	-1.68266	-0.115363	30.9326	1372.68	1391.15	-88.6591	-87.5854	6.59448e-006	371.856
34.6807	-51.0454	334.341	-28.0499	-433.505	0.524268	-132.497	1.37201	-17.4774	30.9326	1373	1391.15	-88.3499	-87.2803	0.000311811	373.391
34.6813	-46.4747	370.318	-16.1529	-373.697	-0.996109	-39.7043	2.30395	-17.4774	30.9207	1373	1390.83	-88.4964	-87.1277	0.000159203	375.065
34.6820	-21.4499	273.312	-19.5081	-233.905	-3.1325	81.4374	1.37201	-10.1519	30.9207	1372.68	1389.95	-88.8055	-87.2803	-0.000298575	376.274
34.6827	8.45588	245.497	-20.7316	-103.321	-8.0213	149.201	-0.750724	-7.44089	30.9207	1373.43	1390.83	-87.8943	-86.8225	-0.000298575	377.646
34.6833	9.38635	192.128	-16.7609	-60.5751	-11.6781	203.211	-4.11604	-8.6522	30.9148	1374.67	1392.51	-86.3649	-85.2966	6.59448e-006	378.715
34.6840	-7.70497	124.067	-10.9663	-32.8153	-9.85624	321.297	-5.02209	-11.3632	30.9148	1375.59	1393.15	-85.291	-84.3811	6.59448e-006	379.645
34.6847	-18.6911	147.55	-7.30333	22.1176	-4.04997	340.846	-4.42668	-11.0748	30.9148	1376.02	1393.71	-84.9982	-84.0759	6.59448e-006	381.319
34.6853	-27.8489	247.067	-5.77211	152.431	0.524268	198.021	-5.33273	-2.53798	30.9148	1375.27	1392.83	-86.2185	-85.144	-0.000298575	382.993
34.6860	-31.8157	323.039	-4.24839	314.16	1.44174	59.7805	-6.23878	9.69046	30.9079	1372.68	1390.19	-88.3499	-87.4329	-0.000298575	384.226
34.6867	-15.3446	312.366	-2.41693	436.574	1.74319	-7.37705	-4.11604	16.6699	30.9079	1370.84	1388.51	-89.7167	-89.1113	-0.000298575	385.737
34.6873	-4.96252	252.844	-6.99559	464.018	0.825722	-48.5568	0.155322	8.47915	30.9079	1370.57	1387.79	-90.3349	-89.7217	-0.000451137	386.969
34.6880	-34.2643	-43.1975	-10.9663	178.385	-1.61212	-78.7764	4.11604	-9.22901	30.9079	1371.33	1388.83	-89.5702	-88.9587	6.59448e-006	388.643
34.6887	-89.505	-476.24	-3.33266	-247.943	-4.35142	-81.2266	5.33273	-15.9777	30.9079	1372.35	1390.67	-88.0408	-87.738	-0.000298575	390.178
34.6893	-127.638	-405.73	0.022518	-371.846	-4.66598	-74.5082	4.11604	-9.8635	30.9079	1372.51	1390.67	-88.4964	-87.738	-0.000603745	391.387
34.6900	-142.297	-55.0643	3.3777	-216.211	1.44174	-62.9157	3.52064	-2.53798	30.9079	1372.51	1390.11	-88.8055	-87.5854	6.59448e-006	393.061
34.6907	-156.94	29.7611	20.4688	-46.8532	7.54946	-27.822	1.37201	2.36493	30.9079	1372.68	1390.51	-88.4964	-87.2803	6.59448e-006	394.596
34.6913	-162.441	-30.7029	34.8128	48.6587	8.15237	-10.1171	-1.37201	5.99886	30.902	1372.68	1391.31	-88.3499	-87.1277	6.59448e-006	395.665
34.6920	-145.04	-70.9494	37.56	41.9783	5.09851	-32.6962	-1.96742	12.1131	30.9079	1372.51	1391.63	-88.3499	-87.2803	6.59448e-006	397.177
34.6927	-143.211	52.3644	44.8858	-48.3879	0.524268	-60.7816	-1.06137	18.8041	30.9079	1371.92	1390.83	-89.1146	-88.1958	-0.000298575	398.548
34.6933	-145.644	99.957	65.0244	-137.174	-1.91358	-90.0791	0.776611	19.1502	30.9079	1370.84	1389.63	-90.0258	-89.5691	-0.000145967	399.781
34.6940	-102.319	-187.231	69.9108	-178.385	-2.21503	-127.913	1.68266	15.1702	30.9207	1369.76	1388.99	-90.7905	-90.1794	0.000311811	401.618
34.6947	-26.6246	-305.647	50.3802	-172.878	-0.393201	-127.597	1.9933	11.4786	30.9079	1369.76	1388.83	-91.0997	-90.1794	0.000159203	402.989
34.6953	116.195	-168.583	43.0544	-154.868	2.35921	-79.6985	2.5887	3.57624	30.9079	1370.84	1389.63	-90.3349	-89.4165	-0.000145967	403.594
34.6960	241.613	-172.602	40.3072	-124.039	3.27667	-50.4011	3.52064	3.28783	30.9148	1372.68	1391.79	-88.4964	-87.738	0.000311811	404.663
34.6967	176.61	-245.497	18.9451	-87.1162	2.66066	-54.6692	4.73733	21.2844	30.9148	1374.35	1393.47	-87.4388	-86.2122	0.000159203	405.873
34.6973	61.5582	-259.248	-11.2665	-58.7244	1.44174	-59.2535	5.64338	34.0897	30.9148	1374.51	1393.87	-87.1296	-85.7544	6.59448e-006	407.105
34.6980	48.4336	-154.268	-44.5331	-3.52076	0.524268	-51.007	4.11604	32.5899	30.9148	1373.92	1393.55	-87.276	-86.0596	0.000311811	408.174
34.6987	54.849	61.7825	-60.1005	69.7381	2.96211	-46.4227	0.465967	36.2239	30.9148	1373.59	1393.47	-87.276	-86.2122	0.000311811	410.011
34.6993	41.1204	245.811	-35.0755	110.317	4.4956	-69.6341	-1.37201	36.5123	30.9207	1373.75	1393.31	-87.5852	-86.6699	6.59448e-006	411.685
34.7000	42.3447	511.652	7.64861	123.452	3.27667	-94.0311	0.155322	28.2638	30.9267	1373.27	1392.51	-88.2035	-87.1277	6.59448e-006	412.755
34.7007	49.0539	673.705	31.1499	121.602	3.27667	-75.4304	2.30395	27.687	30.9326	1373.16	1392.35	-88.3499	-87.1277	0.000159203	414.266
34.7013	45.0871	213.476	31.1499	110.317	3.57813	-17.7313	4.11604	29.5328	30.9267	1372.35	1391.63	-88.6591	-87.4329	-0.000145967	415.196
34.7020	30.4281	-308.096	25.9632	127.424	3.57813	40.5474	5.33273	24.9183	30.9267	1371.43	1390.35	-88.8055	-87.5854	-0.000145967	415.801
34.7027	23.4251	-348.343	23.216	203.707	4.19414	73.5071	7.48136	21.5728	30.9326	1372.68	1391.47	-87.8943	-86.8225	6.59448e-006	418.079
34.7033	42.0345	-305.334	25.6555	296.782	4.19414	99.7483	9.00869	9.69046	30.9385	1375.59	1393.55	-86.3649	-85.2966	-0.000145967	420.079
34.7040	69.1978	-101.15	42.1386	330.951	3.27667	115.319	6.26466	-15.3432	30.9385	1376.51	1394.51	-84.9982	-84.0759	-0.000451137	420.521
34.7047	79.8738	145.415	50.3802	222.936	2.96211	66.7887	2.30395	-25.4375	30.9385	1376.02	1394.19	-84.5263	-84.0759	-0.000603745	421.288
34.7053	71.9403	-8.09953	9.48007	116.411	3.57813	21.0246	0.465967	-20.2461	30.9454	1375	1392.83	-85.9093	-85.6018	-0.000451137	423.59
34.7060	64.6108	-122.812	-64.3714	175.948	2.66066	89.0779	-2.27806	-25.0914	30.9513	1373.16	1390.99	-87.7316	-87.1277	-0.000298575	425.729
34.7067	58.5056	-25.4916	-110.758	191.52	-0.0786402	161.083	-6.86007	-39.454	30.9513	1371.76	1389.95	-88.9519	-88.3484	-0.000451137	426.938
34.7073	47.2256	-175.929	-98.5462	110.317	-1.91358	128.124	-10.2254	-51.048	30.9572	1371.16	1389.31	-89.7167	-88.9587	-0.000603745	428.473
34.7080	39.5859	-342.88	-58.877	-61.207	-2.52959	61.9145	-11.1314	-55.9509	30.9572	1371.43	1389.95	-89.2611	-88.6536	-0.000145967	430.147
34.7087	34.101	-242.17	-35.0755	-287.032	-3.1325	21.3144	-10.536	-51.6824	30.9513	1372.24	1390.67	-88.3499	-88.0432	-0.000145967	431.356
34.7093	29.8241	-158.223	-30.1891	-269.609	-2.21503	15.8343	-9.29345	-32.763	30.9513	1372.35	1390.35	-88.0408	-87.738	-0.000451137	432.588
34.7100	27.3918	-82.565	-32.0206	-100.251	-0.0786402	-0.0526932	-7.17071	-7.44089	30.9513	1372.84	1390.51	-88.2035	-87.4329	6.59448e-006	434.262
34.7107	24.6331	87.7135	-25.0025	-79.4879	0.524268	-58.0153	-5.95402	3.86465	30.9572	1372.84	1390.35	-88.2035	-87.2803	0.000464373	435.332
34.7113	22.2008	282.73	-7.30333	-180.823	-3.44706	-99.8273	-6.54942	2.65334	30.9572	1372.24	1390.11	-88.3499	-87.4329	0.000159203	436.099
34.7120	19.7522	433.482	-4.24839	-227.224	-9.54168	-112.658	-6.23878	7.55625	30.9631	1372.35	1390.19	-88.6591	-87.738	-0.000145967	437.936
34.7127	16.0956	294.974	-18.5923	-151.844	-11.9926	-130.047	-5.02209	17.9389	30.9631	1371.76	1389.95	-89.5702	-88.3484	6.59448e-006	439.308
34.7133	13.043	-138.697	-24.0867	-85.3107	-13.2116	-128.835	-4.73733	19.1502	30.9631	1370.68	1388.99	-90.7905	-89.4165	6.59448e-006	440.819
34.7140	11.5085	-440.2	-14.6292	-77.3664	-15.3479	-98.2992	-3.8054	19.727	30.9631	1370.08	1388.27	-91.5552	-90.1794	6.59448e-006	442.516
34.7147	8.45588	-475.298	-3.94815	23.3363	-15.3479	-79.9883	-1.96742	33.1668	30.9631	1369.76	1388.43	-91.7017	-90.4846	6.59448e-006	443.888
34.7153	6.33375	-421.615	-1.20096	184.479	-11.9926	-67.4737	-1.96742	31.3209	30.9631	1371	1389.79	-90.3349	-89.1113	6.59448e-006	445.097
34.7160	4.48913	-179.885	-3.03242	247.943	-0.393201	-43.3665	-2.89935	12.4015	30.9691	1373	1391.47	-88.6591	-87.1277	0.000311811	446.167
34.7167	0.832529	283.986	-4.85638	236.658	11.5077	-44.6048	-1.68266	5.07595	30.976	1374.19	1392.83	-87.276	-86.0596	0.000464373	447.701
34.7173	-0.391778	454.892	-5.47187	195.447	9.68585	-65.6558	-1.06137	-3.46088	30.9691	1374.67	1393.55	-86.5113	-85.2966	0.000159203	448.445
34.7180	2.05684	155.775	-4.85638	168.906	1.14028	-55.5914	-0.750724	-22.6688	30.9691	1374.35	1392.99	-86.9832	-85.6018	6.59448e-006	449.515
34.7187	4.19529	-214.418	-4.24839	187.548	-0.996109	7.58783	1.37201	-33.9743	30.976	1373.75	1392.51	-87.7316	-86.2122	-0.000145967	451.212
34.7193	3.88513	-384.069	-3.94815	217.113	0.825722	95.77	3.20999	-31.2056	30.976	1373.43	1392.67	-87.8943	-86.5173	-0.000451137	452.724
34.7200	2.97098	-92.297	-4.85638	266.269	0.825722	154.365	2.5887	-23.3032	30.976	1373.27	1393.15	-87.7316	-86.8225	-0.000145967	454.095
34.7207	3.57498	375.529	-5.77211	176.218	0.222814	155.287	1.68266	-15.6316	30.9819	1373.16	1393.31	-88.0408	-86.9751	0.000159203	455.467
34.7213	4.48913	479.254	-5.47187	-87.7481	0.825722	79.3033	3.20999	-12.5745	30.976	1372.68	1392.67	-88.6591	-87.1277	-0.000298575	456.7
34.7220	4.79928	377.664	-5.16412	-249.793	2.66066	6.05972	3.52064	-22.3803	30.976	1372.35	1392.03	-88.9519	-87.4329	-0.000298575	457.769
34.7227	5.4196	279.968	-6.07985	-218.061	5.09851	20.7084	2.5887	-43.7224	30.976	1373.16	1392.99	-88.3499	-86.8225	6.59448e-006	458.839
34.7233	2.05684	161.865	-5.47187	-23.3363	6.63199	-10.4069	3.83128	-47.9908	30.9819	1374.83	1394.99	-86.5113	-85.144	6.59448e-006	460.048
34.7240	-6.18683	88.0275	-3.33266	174.729	7.54946	-109.286	6.26466	-26.3604	30.9819	1375.86	1396.5	-85.4537	-83.9233	-0.000145967	461.42
34.7247	-10.7576	79.1745	-2.41693	183.847	6.93344	-109.918	6.86007	1.44203	30.9819	1375.86	1396.82	-85.6002	-84.5337	6.59448e-006	463.094
34.7253	-8.61912	72.7702	-1.80894	-67.3007	5.71452	-28.1118	6.57531	26.1296	30.976	1374.67	1395.55	-87.1296	-85.907	-0.000451137	464.489
34.7260	-5.27268	73.3981	-0.285228	-492.726	5.71452	17.6522	7.17071	37.7236	30.976	1372.35	1393.55	-88.9519	-87.4329	-0.000451137	465.861
34.7267	-4.96252	90.7901	2.16173	-656.576	4.79705	27.4268	7.792	38.9926	30.9819	1371.16	1392.19	-90.0258	-88.8062	6.59448e-006	467.837
34.7273	-5.58284	71.5773	3.07746	-416.397	2.66066	39.0193	7.792	46.6065	30.9819	1370.68	1391.87	-90.6441	-89.8743	-0.000298575	469.209
34.7280	-5.87667	8.7274	3.99319	-126.476	1.44174	52.4561	6.26466	46.3181	30.9878	1371.16	1392.51	-90.1722	-88.501	-0.000451137	470.278
34.7287	-7.41114	-48.9739	5.82465	20.8989	0.222814	82.6493	4.11604	19.1502	30.9878	1371.92	1393.31	-88.9519	-86.8225	6.59448e-006	472.115
34.7293	-8.92928	-88.3414	6.12489	82.8732	-3.44706	137.898	3.52064	-4.03769	30.9878	1372.51	1393.31	-89.4238	-87.738	-0.000451137	472.859
34.7300	-7.70497	-110.317	4.29343	74.0262	-8.0213	200.155	3.52064	3.28783	30.9878	1372.68	1393.31	-89.7167	-88.3484	-0.000451137	473.626
34.7307	-5.27268	-113.08	2.76971	-45.6344	-11.3766	230.375	2.5887	15.4586	30.9937	1372.35	1393.31	-89.2611	-87.738	0.000159203	475.301
34.7313	-3.44438	-97.1944	1.85398	-179.288	-11.6781	172.992	1.68266	9.97887	30.9878	1372.08	1392.83	-88.9519	-87.738	0.000159203	476.835
34.7320	-0.391778	-29.4471	1.85398	-217.429	-8.32275	70.4509	1.68266	-5.249	30.9878	1372.35	1392.51	-88.8055	-87.738	0.000159203	477.905
34.7327	1.14269	49.2878	2.76971	-189.354	-5.58345	44.5258	2.5887	-16.9006	30.9937	1371.6	1391.31	-89.8794	-88.9587	6.59448e-006	479.579
34.7333	-0.99577	63.0382	2.76971	-127.424	-4.96744	80.8314	1.68266	-23.3032	30.9937	1370.41	1388.99	-91.5552	-90.6372	-0.000298575	481.113
34.7340	-1.90992	48.9739	0.630503	-7.17693	-0.694655	76.5633	-1.68266	-24.803	30.9937	1369.76	1387.95	-91.7017	-90.7898	-0.000145967	482.485
34.7347	1.14269	14.1899	-1.80894	130.765	4.4956	51.2178	-6.54942	-20.5345	30.9937	1369.76	1388.27	-91.2461	-90.1794	0.000311811	484.02
34.7353	3.57498	-200.354	-5.16412	262.612	4.4956	12.7781	-9.00869	-17.189	30.9937	1370.68	1389.47	-90.3349	-89.4165	-0.000145967	485.229
34.7360	1.43652	-464.31	-8.21906	444.473	2.96211	-65.9719	-7.17071	-19.3232	30.9937	1372.68	1390.83	-88.3499	-87.4329	-0.000145967	485.996
34.7367	-1.30593	-418.853	-6.68784	528.701	1.74319	-103.2	-4.11604	-22.9572	30.9937	1374.08	1391.63	-86.9832	-86.2122	0.000311811	486.903
34.7373	1.43652	-301.692	-1.80894	494.847	0.825722	-92.2132	-1.06137	-27.5717	30.9937	1374.19	1392.03	-86.8205	-85.907	6.59448e-006	487.67
34.7380	-0.391778	-223.208	0.330264	554.339	0.524268	-116.61	1.06137	-21.4574	30.9996	1373.92	1391.63	-87.276	-86.3647	-0.000145967	488.903
34.7387	-9.84343	189.366	1.85398	592.21	2.96211	-144.696	1.9933	-7.7293	30.9937	1373.59	1390.99	-87.7316	-87.1277	6.59448e-006	490.414
34.7393	-17.1729	649.595	1.24599	470.428	3.57813	-112.052	1.37201	-10.4403	30.9937	1373.16	1390.11	-88.2035	-87.5854	-0.000145967	491.786
34.7400	-19.0012	705.099	-4.55614	285.497	0.825722	-39.4145	-1.37201	-1.32667	30.9937	1373.16	1389.47	-88.2035	-87.2803	-0.000145967	493.622
34.7407	-16.2588	572.681	1.85398	92.3071	0.524268	30.1669	-5.64338	31.0325	30.9996	1373.43	1389.15	-87.7316	-86.8225	0.000159203	495.599
34.7413	-14.4305	96.0014	26.5712	-49.6066	2.66066	64.6546	-9.91474	31.667	30.9996	1373.16	1388.27	-88.0408	-87.2803	6.59448e-006	496.366
34.7420	-14.4305	-730.465	54.9514	-127.695	4.4956	61.9145	-11.1314	5.42204	30.9996	1372.68	1387.47	-88.4964	-87.738	-0.000451137	496.971
34.7427	-14.4305	-624.543	77.5369	-216.211	4.79705	30.483	-10.2254	-15.9777	31.0055	1373.16	1388.11	-87.5852	-86.9751	-0.000756307	498.04
34.7433	-30.5914	218.687	61.977	-269.609	4.4956	-26.8999	-9.91474	-27.8601	30.9996	1374.67	1388.99	-86.3649	-85.4492	-0.000298575	499.273
34.7440	-31.2117	375.529	16.1979	-280.623	3.27667	-66.8677	-9.60409	-12.9206	30.9996	1375.59	1389.47	-85.7466	-84.5337	6.59448e-006	500.784
34.7447	28.91	184.154	1.54623	-292.223	2.05775	-66.8677	-9.00869	15.8047	30.9996	1375.59	1389.47	-85.4537	-84.5337	-0.000451137	502.016
34.7453	57.9016	145.415	20.4688	-283.376	-0.0786402	-42.7606	-8.69805	24.3415	30.9996	1374.35	1387.95	-86.8205	-85.6018	-0.000451137	503.853
34.7460	4.79928	-32.8376	23.5238	-321.788	-3.74852	-63.5217	-7.48136	14.8818	30.9996	1372.84	1385.8	-88.8055	-87.5854	-0.000451137	505.992
34.7467	-33.9541	-136.562	-5.16412	-420.054	-9.24022	-113.87	-5.33273	3.86465	30.9996	1371.6	1384.28	-89.7167	-88.8062	-0.000298575	507.503
34.7473	-37.3169	-11.7412	-28.0499	-455.171	-13.513	-65.3396	-4.11604	2.65334	30.9996	1371.16	1383.24	-90.3349	-88.9587	6.59448e-006	508.736
34.7480	-36.6966	70.6355	-24.6947	-377.94	-12.5955	21.6306	-4.73733	11.8247	31.0055	1371.33	1382.76	-90.1722	-88.9587	-0.000603745	509.48
34.7487	-26.6246	147.55	-16.7609	-228.714	-10.1577	31.695	-4.73733	20.6499	30.9937	1371.6	1382.92	-89.7167	-88.501	-0.000603745	509.945
34.7493	-17.4831	223.208	-13.7135	-104.223	-9.24022	8.1938	-2.89935	24.3415	30.9937	1371.92	1383.24	-89.8794	-88.0432	6.59448e-006	511.782
34.7500	-16.569	23.0429	-7.30333	-18.7774	-8.32275	-11.329	-0.155322	15.4586	31.0055	1372.24	1383.64	-89.4238	-87.738	6.59448e-006	512.991
34.7507	-14.7243	-182.02	-2.11669	138.077	-3.74852	-25.0556	-0.750724	-3.74928	30.9996	1372.35	1383.24	-88.9519	-87.738	-0.000298575	513.758
34.7513	-17.4831	-88.3414	-4.55614	270.241	4.79705	-11.0392	-2.5887	0.519132	30.9937	1372.51	1382.92	-88.8055	-87.5854	0.000159203	515.595
34.7520	-35.1784	-172.602	-11.2665	223.523	11.2062	28.349	-2.5887	27.9754	30.9996	1372.24	1382.28	-89.1146	-87.5854	0.000616981	517.129
34.7527	-29.6772	-467.701	-19.5081	171.976	13.6441	40.8636	1.9933	31.9554	30.9996	1371.33	1380.92	-90.3349	-88.8062	6.59448e-006	518.036
34.7533	31.0484	-499.094	-25.9182	255.571	15.7805	23.4485	11.4421	13.6705	30.9937	1370.25	1379.56	-91.5552	-90.0269	-0.000298575	519.571
34.7540	73.1646	-287	-22.8633	237.561	15.1776	26.2149	18.1727	11.1902	30.9878	1369.65	1378.77	-91.7017	-90.0269	0.000311811	521.384
34.7547	46.3115	-37.1072	-10.3508	-56.0162	8.45382	29.8771	17.8621	14.2473	30.9819	1369.92	1378.77	-91.0997	-89.5691	0.000311811	522.454
34.7553	15.1814	41.0627	-6.3876	-402.089	-2.21503	10.644	15.7134	-5.88349	30.9878	1370.84	1379.4	-90.937	-89.4165	-0.000298575	522.919
34.7560	2.97098	-52.0505	-15.8452	-478.372	-9.54168	-7.06089	15.118	-26.3604	30.9819	1371.76	1380.12	-89.8794	-87.8906	6.59448e-006	523.384
34.7567	-14.1203	-55.0643	-16.1529	-256.79	-7.71984	-12.5673	17.2408	-25.0914	30.9819	1372.68	1380.6	-88.2035	-86.0596	0.00107471	524.128
34.7573	-22.968	34.3445	-3.03242	-42.881	-2.83105	-4.92682	21.2015	-19.3232	30.9878	1373.59	1381.4	-87.7316	-86.0596	0.00122732	525.965
34.7580	-18.0871	106.047	5.82465	-65.134	-4.04997	10.0381	23.0395	-9.8635	30.9878	1374.19	1382.12	-87.7316	-86.5173	0.000159203	527.964
34.7587	-10.4637	155.461	10.0956	-166.785	-8.62421	-4.92682	24.8774	7.21016	30.976	1373.16	1381.72	-88.0408	-86.3647	-0.000298575	528.267
34.7593	-4.35853	139.011	16.1979	-159.743	-9.24022	-52.5352	26.7154	16.0931	30.976	1371.92	1380.12	-88.9519	-86.9751	6.59448e-006	529.336
34.7600	2.97098	7.15773	16.1979	-93.5258	-3.1325	-65.3396	25.7835	16.3815	30.9691	1372.51	1380.6	-88.9519	-87.5854	0.000159203	532.08
34.7607	12.1288	-128.651	10.3958	-21.5308	3.57813	-39.4145	26.4048	9.05597	30.9691	1373.43	1381.4	-88.3499	-87.4329	-0.000145967	533.452
34.7613	15.4752	-203.995	3.3777	46.8532	8.45382	-43.9988	25.4987	4.21074	30.9631	1373	1380.28	-88.4964	-87.4329	-0.000451137	534.359
34.7620	10.3005	-236.958	-2.72468	55.3842	13.6441	-72.058	14.4967	9.97887	30.9631	1373	1380.04	-88.3499	-87.1277	-0.000145967	536.033
34.7627	1.74668	-19.7151	7.34837	7.17693	17.3139	-69.0018	-3.20999	9.05597	30.9631	1374.08	1381.4	-87.1296	-86.0596	0.000159203	537.102
34.7633	-4.04838	417.911	30.8421	-11.1491	21.2722	-42.4707	-17.8362	0.807538	30.9691	1375.59	1382.92	-86.2185	-84.8389	-0.000298575	537.73
34.7640	-4.04838	624.543	37.2522	-5.64224	22.5042	-39.4145	-34.0156	-2.24957	30.9691	1376.18	1383.64	-85.4537	-83.9233	-0.000298575	538.474
34.7647	-3.13423	368.497	11.3115	-2.30203	17.3139	-49.4789	-57.8317	-0.403769	30.9572	1375.1	1382.76	-86.2185	-84.6863	0.000159203	539.846
34.7653	-6.18683	-223.836	-36.5992	74.297	8.15237	-40.0205	-75.5384	2.94175	30.9513	1373.59	1380.6	-88.3499	-86.6699	0.000311811	541.683
34.7660	-5.87667	-620.587	-79.0156	157.306	-3.1325	-27.5059	-78.5672	2.36493	30.9572	1371.92	1378.93	-89.7167	-88.3484	0.000311811	543.357
34.7667	-2.22008	-531.179	-80.2391	78.5851	-9.85624	-17.4415	-81.9325	-3.11479	30.9572	1370.84	1378.05	-90.937	-89.5691	0.000311811	545.054
34.7673	-3.13423	-260.441	-42.0936	-53.8496	-14.4305	-23.5539	-96.5846	-11.0748	30.9513	1370.68	1377.57	-91.5552	-90.1794	0.000311811	546.565
34.7680	-8.61912	17.5176	-3.33266	-47.7559	-21.7571	-38.4924	-113.359	-17.189	30.9513	1371.6	1378.45	-90.3349	-89.1113	-0.000145967	547.495
34.7687	-2.22008	216.49	18.3296	39.2249	-21.4426	31.089	-113.359	-11.9977	30.9572	1371.76	1379.24	-88.9519	-87.8906	6.59448e-006	547.798
34.7693	25.2534	259.876	31.1499	92.623	-12.5955	144.011	-83.7705	2.65334	30.9513	1371.6	1379.24	-89.1146	-88.0432	6.59448e-006	549.007
34.7700	40.2062	242.484	26.5712	60.2591	-2.83105	158.027	-40.7462	8.76756	30.9454	1372.84	1380.04	-88.8055	-87.738	-0.000145967	551.611
34.7707	21.8906	258.934	8.2641	-6.27417	2.35921	107.389	-13.8755	5.42204	30.9454	1373.59	1380.6	-88.3499	-86.9751	0.000311811	553.285
34.7713	3.28114	102.72	6.43264	8.71162	2.05775	74.719	-0.750724	8.13306	30.9385	1373.27	1380.04	-88.9519	-87.738	6.59448e-006	553.89
34.7720	-1.30593	-169.525	15.2822	60.5751	4.19414	51.8501	23.6608	12.4015	30.9454	1373.27	1379.4	-89.4238	-88.501	-0.000298575	554.959
34.7727	-2.82407	-116.721	11.6193	74.297	13.0412	46.3437	66.0637	1.44203	30.9454	1372.08	1378.61	-89.8794	-88.501	0.000311811	556.191
34.7733	-4.35853	102.971	3.68544	121.602	19.4503	71.373	104.221	-17.189	30.9385	1370.25	1377.09	-91.3925	-89.5691	6.59448e-006	557.401
34.7740	-7.10098	129.216	-2.11669	208.582	19.1358	62.8103	110.641	-29.3598	30.9385	1369.65	1376.37	-91.7017	-90.4846	-0.000145967	558.772
34.7747	-7.41114	28.8193	-8.21906	278.456	18.2314	-13.4631	95.6785	-30.2827	30.9385	1370.25	1376.93	-90.937	-89.8743	0.000311811	559.702
34.7753	-5.58284	-79.1745	-11.2665	279.675	17.6154	-78.1704	81.6477	-17.4774	30.9385	1371.16	1377.73	-90.3349	-88.501	0.000464373	560.609
34.7760	-6.49699	-169.211	-10.3508	183.26	16.3965	-105.94	52.033	-15.0548	30.9454	1373.16	1379.56	-88.4964	-87.1277	0.000464373	561.981
34.7767	-7.70497	-143.908	-9.43503	126.792	14.863	-160.872	2.89935	-37.0314	30.9385	1374.51	1381.56	-86.8205	-85.907	-0.000298575	562.446
34.7773	-6.18683	26.9984	-7.60357	202.173	11.2062	-201.156	-33.1095	-52.6054	30.9385	1373.92	1381.24	-87.276	-85.7544	-0.000756307	562.446
34.7780	-4.96252	193.007	-2.41693	294.028	6.93344	-158.738	-47.1403	-34.5511	30.9454	1373.16	1379.72	-87.8943	-86.2122	-0.000451137	564.12
34.7787	-7.10098	317.2	5.20916	275.748	5.09851	-79.6985	-57.521	-5.249	30.9454	1373	1379.08	-88.2035	-86.8225	6.59448e-006	566.399
34.7793	-9.23944	319.649	9.48007	222.936	2.96211	-21.7096	-59.9544	-1.32667	30.9326	1373.27	1379.08	-88.3499	-87.1277	0.000159203	567.166
34.7800	-9.54959	54.1852	10.0956	210.433	-0.694655	21.6306	-36.7596	-7.44089	30.9326	1373.27	1378.61	-88.3499	-86.9751	0.000311811	568.538
34.7807	-9.84343	-164.063	10.3958	49.2906	0.524268	75.9573	-17.8362	-11.0748	30.9385	1373.16	1378.45	-88.4964	-87.4329	-0.000145967	570.212
34.7813	-10.7576	-8.41347	11.0113	-224.742	6.01597	110.129	-21.5121	-18.1119	30.9326	1372.51	1378.05	-88.6591	-87.8906	-0.000298575	570.537
34.7820	-11.6717	256.171	12.2273	-313.889	6.01597	108.917	-6.54942	-7.7293	30.9326	1371.92	1377.57	-88.8055	-87.5854	0.000311811	571.746
34.7827	-13.5163	341.938	13.7585	-269.338	0.825722	107.389	48.6676	14.2473	30.9385	1373.59	1378.77	-87.7316	-86.2122	0.000464373	573.723
34.7833	-14.1203	244.618	13.7585	-283.963	-5.58345	116.531	123.766	46.8949	30.9326	1375	1380.12	-86.2185	-84.9915	6.59448e-006	574.188
34.7840	-12.896	36.7932	12.535	-289.786	-16.8683	136.37	188.768	90.5597	30.9267	1375.43	1380.12	-86.0557	-84.9915	-0.000298575	574.49
34.7847	-10.1536	-158.537	12.2273	-194.229	-32.7405	172.676	234.847	103.999	30.9326	1375.43	1379.4	-86.8205	-85.4492	-0.000145967	576.629
34.7853	-6.49699	-384.069	13.4507	-89.5537	-47.6953	187.957	263.219	78.6196	30.9326	1373.92	1377.73	-88.2035	-86.8225	-0.000145967	578.768
34.7860	-3.44438	-557.11	14.3665	-61.4779	-51.6535	125.99	257.421	51.1633	30.9326	1372.35	1376.37	-89.2611	-88.1958	-0.000756307	579.373
34.7867	-1.59976	-448.174	14.0587	-44.0998	-42.8065	32.301	229.644	38.9926	30.9326	1371.76	1375.41	-89.7167	-88.6536	-0.000451137	580.605
34.7873	1.14269	-141.145	10.7035	22.4336	-44.6414	-25.3718	181.442	31.0325	30.9207	1371.16	1374.93	-90.1722	-88.9587	0.000159203	582.279
34.7880	4.79928	112.452	6.12489	50.5093	-50.1331	-51.3232	98.4225	18.5157	30.9267	1371.16	1375.09	-90.0258	-88.9587	6.59448e-006	582.884
34.7887	8.16205	117.663	3.68544	-59.6723	-29.3852	-52.219	1.9933	7.21016	30.9267	1372.08	1375.73	-89.2611	-88.0432	-0.000603745	583.651
34.7893	10.9045	-41.6278	3.99319	-197.614	8.45382	-25.3718	-102.073	-1.90348	30.9207	1372.51	1376.53	-88.6591	-87.1277	-0.000756307	584.721
34.7900	9.0762	-36.4793	0.938249	-175.316	36.2269	8.1938	-161.276	-5.59509	30.9207	1372.68	1376.77	-88.6591	-87.1277	-0.000298575	586.395
34.7907	3.88513	114.9	-7.91132	-100.567	44.1696	-40.6265	-121.902	-6.51799	30.9148	1373.27	1376.21	-88.9519	-87.738	-0.000603745	587.627
34.7913	-0.99577	27.9402	-10.6585	-127.108	49.9627	-171.543	-27.9062	-19.9001	30.9148	1372.68	1375.57	-88.9519	-87.738	-0.000603745	587.929
34.7920	-2.82407	-16.0107	-3.33266	-128.327	59.4258	-234.116	86.5145	-34.8972	30.9207	1371.76	1375.25	-89.4238	-88.0432	0.000159203	589.138
34.7927	-1.90992	458.848	2.16173	-41.3463	55.153	-135.237	178.983	-31.8401	30.9148	1371	1374.21	-90.937	-89.2639	0.000159203	590.673
34.7933	-1.30593	961.144	5.82465	57.8217	44.1696	102.199	219.574	-15.6316	30.9148	1369.76	1372.85	-92.1573	-90.4846	0.000159203	591.277
34.7940	-2.22008	843.042	10.0956	95.6924	23.4086	266.074	240.025	4.49914	30.9079	1368.73	1371.89	-92.6128	-90.9424	0.000616981	592.812
34.7947	-1.59976	350.477	9.78782	-4.10755	-11.9926	205.635	251.311	8.76756	30.9079	1369.65	1372.37	-92.0108	-90.332	0.000311811	594.486
34.7953	-0.0816205	-32.5237	6.74038	-101.786	-32.1245	89.3677	209.504	-11.3632	30.9148	1371.6	1374.05	-90.1722	-88.3484	6.59448e-006	595.393
34.7960	-1.30593	-276.012	6.43264	-83.776	-44.34	29.5609	41.9629	-19.6116	30.9148	1373.27	1375.73	-88.4964	-86.8225	0.000159203	596.462
34.7967	-5.27268	-332.771	9.17983	-74.0262	-60.8151	-33.3021	-177.456	-4.03769	30.9079	1374.08	1376.69	-87.276	-85.907	-0.000145967	596.765
34.7973	-6.18683	-274.191	12.535	-23.9682	-72.0999	-91.6072	-240.62	7.21016	30.9148	1373.92	1376.21	-87.276	-85.6018	0.000464373	597.067
34.7980	-4.35853	-255.606	16.8059	69.4221	-71.497	-103.806	-144.812	10.9018	30.9148	1373.75	1375.25	-88.2035	-86.5173	0.000616981	599.067
34.7987	-4.96252	-285.179	19.8609	56.287	-47.3807	-78.4602	-66.0637	16.3815	30.9079	1373.43	1374.93	-88.3499	-87.1277	0.000159203	600.438
34.7993	-7.10098	-345.329	4.90892	-19.0933	-19.9222	-28.1118	-43.4902	23.9954	30.9079	1373	1374.69	-88.3499	-87.1277	0.000159203	601.206
34.8000	-3.13423	-345.329	-26.5262	-43.7838	1.14028	19.1803	-59.9544	25.8412	30.9079	1372.68	1374.53	-88.3499	-87.2803	6.59448e-006	602.415
34.8007	6.33375	-199.726	-37.8227	-8.71162	36.2269	44.2096	-153.355	16.6699	30.9079	1372.84	1374.37	-88.0408	-86.8225	0.000159203	603.647
34.8013	12.7328	20.5942	-23.4787	5.32628	59.1243	50.6119	-284.576	5.71045	30.9079	1372.84	1373.73	-88.8055	-86.9751	0.000159203	605.019
34.8020	13.043	87.7135	-11.882	-50.1934	48.7438	66.7887	-333.089	-2.53798	30.9079	1372.84	1373.17	-88.9519	-87.2803	-0.000298575	605.763
34.8027	14.2673	13.2481	-9.13479	-91.0883	37.7604	127.834	-284.576	-11.3632	30.9079	1374.51	1374.37	-87.1296	-86.0596	-0.000145967	607.46
34.8033	15.4752	37.1072	-9.13479	-24.555	39.2808	173.598	-251.622	-24.5146	30.9079	1376.35	1376.05	-85.4537	-84.0759	0.000159203	608.669
34.8040	13.6469	114.272	-7.30333	56.9189	35.9255	135.764	-212.843	-37.6082	30.902	1375.86	1375.41	-85.7466	-83.9233	-0.000298575	608.204
34.8047	9.68019	67.3077	-3.33266	74.0262	27.6813	63.4427	-85.2978	-35.1856	30.902	1374.67	1373.57	-87.1296	-85.6018	-0.00106152	608.669
34.8053	5.4196	17.2664	0.938249	138.709	25.8595	-4.32085	65.779	-12.5745	30.902	1373.59	1372.53	-88.3499	-87.4329	-0.000908915	610.646
34.8060	0.832529	94.1178	5.20916	246.408	22.8057	-89.7629	173.184	5.07595	30.8961	1372.08	1371.49	-89.4238	-88.3484	0.000159203	612.645
34.8067	-3.13423	152.447	7.34837	237.29	6.01597	-144.09	222.007	2.36493	30.8961	1371.33	1370.06	-90.4814	-88.8062	6.59448e-006	614.482
34.8073	-5.58284	89.2832	7.95635	121.286	-20.5251	-108.39	186.309	9.34437	30.8961	1371.16	1368.86	-90.7905	-89.4165	-0.000451137	615.087
34.8080	-4.96252	-19.7151	7.95635	68.8353	-45.2443	-53.4573	91.0965	32.5899	30.8961	1371	1369.18	-90.4814	-90.1794	-0.000145967	615.854
34.8087	-2.82407	-161.3	7.04062	93.2098	-51.352	-80.6206	11.1314	36.5123	30.8902	1372.08	1369.9	-89.5702	-78.8879	0.000159203	617.365
34.8093	-2.53023	-353.24	6.43264	131.983	-52.571	-101.961	-21.2015	5.71045	30.8961	1373	1370.06	-88.6591	-90.7898	-0.000298575	618.133
34.8100	-5.58284	-425.571	6.74038	258.008	-70.5796	-9.51113	-11.7527	-28.4946	30.8961	1373	1370.06	-88.4964	-132.751	-0.000145967	619.039
34.8107	-6.49699	-378.857	6.43264	471.646	-81.2615	56.4081	23.9714	-40.3769	30.8902	1372.35	1369.5	-88.9519	50.5066	-0.000298575	619.969
34.8113	-2.22008	-303.827	3.68544	563.186	-75.1538	9.7219	45.0176	-36.1085	30.8843	1372.08	1369.5	-88.8055	-255.585	-0.000756307	620.109
34.8120	-1.30593	-38.614	-0.285228	380.107	-87.3692	-33.3021	31.8928	-18.4003	30.8902	1372.24	1369.34	-89.1146	-142.67	0.000159203	621.643
34.8127	-7.10098	179.32	-2.72468	101.786	-103.543	-30.8782	4.42668	6.34494	30.8902	1371.43	1368.14	-90.4814	2820.74	0.000922151	623.62
34.8133	-13.5163	104.227	-4.24839	-87.7481	-95.2988	-18.6534	-19.0788	17.9389	30.8902	1369.92	1366.46	-91.3925	4999.85	0.000159203	624.852
34.8140	-17.7769	-14.5038	-4.55614	-222.936	-84.0139	4.53162	-43.8009	2.94175	30.8843	1369.49	1365.34	-92.1573	4999.85	6.59448e-006	625.759
34.8147	-16.2588	-28.2542	-3.94815	-286.4	-62.65	30.1669	-66.3744	-29.3598	30.8774	1370.25	1365.66	-91.7017	4869.69	0.000464373	626.526
34.8153	-12.896	42.2557	-5.16412	-236.071	-25.4139	32.0111	-68.2124	-43.434	30.8774	1371.76	1366.7	-89.7167	4999.85	0.000464373	627.131
34.8160	-9.23944	-16.6386	-4.24839	-92.623	0.524268	-8.27284	-52.939	-22.0343	30.8774	1373.27	1367.82	-88.3499	4966.58	0.000311811	627.898
34.8167	-4.35853	-202.488	1.54623	34.35	10.2888	-54.0633	-32.4882	10.2673	30.8655	1374.51	1368.7	-87.5852	4970.55	0.000159203	628.363
34.8173	-1.59976	-193.321	6.12489	-5.64224	11.5077	-47.9508	-12.9694	30.7441	30.8655	1374.19	1368.38	-87.5852	4976.81	6.59448e-006	628.665
34.8180	2.05684	-24.8637	4.60117	-126.206	11.2062	-0.658665	2.30395	32.2439	30.8655	1373.16	1366.54	-88.8055	4974.37	0.000464373	630.037
34.8187	5.71343	228.419	3.07746	-137.806	16.6979	30.7728	9.00869	17.5928	30.8655	1373.16	1365.98	-88.9519	4973.91	0.000464373	631.572
34.8193	7.54173	456.085	4.90892	-74.297	31.6527	32.0111	12.0634	-5.249	30.8655	1373	1365.5	-88.9519	4974.21	6.59448e-006	632.316
34.8200	10.5943	329.13	5.20916	58.1377	45.9914	38.4134	14.4967	-31.494	30.8714	1373.16	1364.62	-89.4238	4973.91	6.59448e-006	634.153
34.8207	10.3005	119.484	3.99319	380.693	44.7725	93.952	3.20999	-51.9709	30.8655	1373.27	1364.3	-88.8055	4974.06	-0.000145967	634.92
34.8213	10.3005	195.142	-2.72468	615.997	31.9541	171.78	-26.0941	-65.699	30.8537	1372.35	1363.82	-88.9519	4974.21	6.59448e-006	635.687
34.8220	13.043	156.089	-15.5449	443.254	24.0246	143.378	-48.9783	-76.0816	30.8537	1373	1363.82	-88.8055	4974.37	-0.000298575	636.896
34.8227	9.99035	-173.481	-19.2003	-11.1491	26.777	34.435	-46.2343	-74.8703	30.8596	1374.35	1364.62	-87.276	4975.89	6.59448e-006	637.199
34.8233	-0.99577	-295.539	-9.13479	-322.42	31.6527	-32.6962	-38.9082	-55.3164	30.8537	1375.59	1365.66	-86.0557	4977.26	0.000769543	638.431
34.8240	-14.1203	-85.5788	-1.20096	-160.059	32.5701	-102.594	-40.7462	-30.2827	30.8478	1376.35	1365.98	-85.6002	4977.42	0.000159203	639.035
34.8247	-24.1923	83.7579	-0.285228	123.768	27.0784	-185.296	-36.4748	-12.5745	30.8478	1375.75	1364.62	-86.8205	4976.04	-0.000451137	639.803
34.8253	-29.0732	182.02	-0.893213	113.386	14.2601	-218.255	-27.6215	4.49914	30.8409	1374.19	1362.78	-88.6591	4974.21	6.59448e-006	641.477
34.8260	-30.2975	114.272	-2.11669	-64.5472	0.825722	-189.248	-23.9455	18.8041	30.8349	1372.35	1360.79	-89.8794	4972.99	-0.000145967	642.244
34.8267	-30.5914	-162.807	-6.99559	-248.891	-1.91358	-65.0498	-21.5121	22.7841	30.8349	1371.43	1359.27	-90.4814	4972.53	-0.000298575	643.151
34.8273	-29.6772	-163.121	-9.74278	-336.458	7.85091	66.7887	-25.4729	25.8412	30.8349	1371	1358.47	-90.7905	4957.28	6.59448e-006	644.22
34.8280	-34.2643	-14.5038	-1.80894	-244.602	21.8882	43.2875	-37.6915	29.1867	30.8349	1371.16	1358.79	-90.4814	4999.85	0.000159203	645.29
34.8287	-64.17	11.1133	5.20916	-174.097	27.6813	-94.637	-43.8009	25.8412	30.829	1371.76	1359.27	-90.0258	4961.7	-0.000145967	645.755
34.8293	-116.358	123.439	0.938249	-280.307	24.6406	-195.044	-39.2189	21.5728	30.8231	1372.35	1359.27	-89.5702	4850.46	6.59448e-006	646.825
34.8300	-153.887	143.28	-3.03242	-394.46	20.0532	-190.17	-34.0156	22.4957	30.8231	1372.68	1359.27	-88.9519	4999.85	0.000616981	648.661
34.8307	-166.408	-6.27871	0.330264	-372.794	16.3965	-115.714	-23.6349	30.4557	30.8231	1372.35	1358.63	-89.5702	4146.58	6.59448e-006	648.964
34.8313	-169.46	15.6968	8.56434	-264.734	12.4251	-33.6183	-4.11604	38.6465	30.8172	1372.24	1358.07	-89.7167	738.983	-0.000756307	648.336
34.8320	-152.973	157.344	18.3296	-179.604	9.06983	56.4081	16.3347	43.5494	30.8172	1371.76	1357.27	-89.5702	-454.407	-0.000145967	649.103
34.8327	-116.652	164.314	35.7285	-159.156	9.37129	146.434	32.2035	47.8178	30.8044	1370.68	1355.75	-90.937	34.9426	0.000159203	651.103
34.8333	-111.477	86.5206	53.7354	-156.403	16.095	165.351	36.7855	50.2404	30.7985	1369.76	1354.55	-92.0108	-78.7354	-0.000298575	652.475
34.8340	-120.325	48.66	37.2522	-143.9	20.9707	110.129	28.8382	47.8178	30.7985	1369.76	1353.91	-91.8644	-123.444	6.59448e-006	653.219
34.8347	-4.96252	56.32	-6.3876	-123.136	20.0532	42.6815	21.8228	38.3581	30.7985	1370.57	1354.23	-91.2461	-74.6155	0.000159203	654.288
34.8353	195.236	54.7503	-33.5443	-66.6687	18.2314	20.7084	17.2408	28.6099	30.7985	1371.92	1355.59	-89.8794	-88.3484	6.59448e-006	654.753
34.8360	241.319	26.9984	-34.1598	9.61438	19.7518	60.0703	12.0634	24.3415	30.7925	1372.84	1357.27	-87.8943	-86.6699	-0.000145967	654.288
34.8367	125.353	-7.47166	-25.0025	39.5408	22.8057	84.1774	10.2254	15.8047	30.7866	1374.19	1358.47	-86.674	-85.4492	6.59448e-006	654.753
34.8373	44.777	-138.697	-19.5081	-11.465	20.6693	68.6329	7.792	17.3044	30.7866	1374.51	1358.31	-87.276	-86.0596	6.59448e-006	656.729
34.8380	55.1591	-274.505	-15.2372	-87.1162	14.5615	75.9573	2.5887	25.8412	30.7866	1373.59	1357.43	-88.0408	-86.9751	0.000311811	658.101
34.8387	48.1398	-187.231	-10.0505	-117.043	12.1237	108.601	-0.465967	2.36493	30.7797	1373.16	1357.27	-88.3499	-86.8225	0.000311811	658.427
34.8393	28.306	-41.3767	-7.30333	-116.727	12.4251	115.925	0.776611	-26.3604	30.7738	1372.84	1357.11	-88.3499	-86.8225	0.000159203	659.334
34.8400	88.1175	-37.6722	-8.82705	-95.3764	14.2601	78.3812	3.83128	-27.5717	30.7738	1372.68	1357.43	-88.0408	-86.9751	-0.000298575	660.101
34.8407	113.436	-96.5665	-14.0137	-38.277	18.5329	24.6868	2.5887	-28.4946	30.7797	1372.35	1357.59	-87.7316	-86.6699	-0.000298575	660.101
34.8413	63.0926	-159.479	-18.2846	10.8331	22.5042	-36.0422	-11.4421	-36.3969	30.7738	1372.51	1357.59	-88.4964	-87.2803	0.000311811	661.775
34.8420	53.0207	-103.599	-14.6292	32.1833	22.8057	-131.575	-30.6761	-37.9543	30.7679	1373.59	1358.31	-88.2035	-87.2803	-0.000145967	662.682
34.8427	46.3115	181.141	-2.41693	52.044	20.3678	-200.84	-38.9082	-34.2627	30.7679	1373.75	1359.59	-86.5113	-85.6018	-0.000298575	661.938
34.8433	22.2008	469.836	5.82465	59.6723	17.6154	-172.465	-30.6761	-35.474	30.7679	1374.35	1360.47	-85.6002	-84.5337	0.000311811	662.682
34.8440	16.4057	552.212	6.43264	70.6409	20.0532	-98.9315	-14.4967	-31.494	30.7679	1375.75	1361.11	-86.2185	-84.8389	0.000464373	664.681
34.8447	15.1814	406.672	12.535	125.89	31.3512	-51.007	4.73733	-7.7293	30.7679	1375	1360.79	-87.1296	-85.7544	6.59448e-006	665.286
34.8453	6.62758	-7.15773	25.9632	151.844	43.2521	-38.2026	42.5842	14.8818	30.762	1373	1359.75	-88.2035	-86.9751	-0.000145967	666.053
34.8460	-15.0345	-440.828	33.8971	52.36	46.306	-52.219	82.2431	8.76756	30.762	1372.08	1358.31	-89.5702	-87.738	0.000159203	667.727
34.8467	-36.4027	-341.059	36.6443	-48.9747	38.9793	-69.6341	98.7332	-15.9777	30.762	1371.6	1357.91	-90.1722	-88.3484	0.000159203	668.936
34.8473	-41.5775	-3.51608	36.0363	-39.5408	31.9541	-44.2887	102.694	-37.3198	30.7561	1370.68	1357.59	-90.4814	-89.1113	6.59448e-006	668.634
34.8480	-34.8683	-136.876	26.5712	-44.4157	25.545	-3.71487	97.5165	-40.0885	30.7501	1370.68	1357.75	-90.0258	-88.8062	0.000159203	668.936
34.8487	-34.5744	-344.701	19.5531	-72.7623	11.5077	11.25	84.9872	-22.0343	30.7501	1371.92	1358.95	-89.4238	-88.0432	0.000159203	670.773
34.8493	-47.3888	-184.782	27.1867	-37.0582	-4.66598	34.435	91.0965	-5.88349	30.7501	1372.24	1359.27	-89.2611	-87.738	-0.000451137	671.703
34.8500	-65.9983	104.54	30.8421	58.7244	-12.5955	51.534	117.967	-1.90348	30.7432	1372.08	1359.11	-88.9519	-87.8906	-0.000451137	672.145
34.8507	-67.2226	371.26	10.0956	165.882	7.54946	37.4912	128.943	0.807538	30.7501	1372.51	1359.75	-88.6591	-87.4329	0.000464373	672.75
34.8513	-20.2256	514.666	-18.9001	169.538	40.4997	26.5047	104.221	-7.44089	30.7432	1372.84	1359.83	-88.6591	-87.1277	0.000311811	673.377
34.8520	38.0678	522.012	-19.8158	148.775	52.4006	7.58783	43.1796	-26.3604	30.7432	1372.35	1358.95	-89.2611	-87.8906	-0.000145967	674.586
34.8527	54.5388	420.046	-5.47187	241.849	50.8802	-40.6265	-17.2408	-18.4003	30.7432	1371	1357.59	-90.4814	-89.1113	0.000311811	675.354
34.8533	52.4167	33.7167	-10.6585	302.56	50.5787	-62.3097	-52.3436	15.8047	30.7432	1370.25	1356.63	-91.5552	-90.0269	0.000616981	676.423
34.8540	48.4336	-468.266	-20.7316	282.428	59.4258	-23.2377	-84.3659	35.5894	30.7373	1370.08	1356.47	-92.0108	-90.6372	-0.000145967	677.632
34.8547	32.5666	-537.583	-11.882	219.28	68.5742	25.5826	-100.235	32.8783	30.7373	1370.68	1356.63	-91.2461	-90.0269	-0.000603745	677.632
34.8553	30.7383	-307.468	17.7217	109.73	62.4796	50.322	-78.5672	27.9754	30.7373	1372.24	1358.31	-89.7167	-88.3484	-0.000298575	677.493
34.8560	56.6773	-130.785	41.8309	52.36	40.8143	50.322	-35.8536	28.6099	30.7373	1373.59	1360.47	-88.0408	-86.6699	6.59448e-006	678.26
34.8567	56.9874	41.0627	41.5232	47.7559	9.37129	19.1803	16.0241	29.5328	30.7373	1374.19	1361.27	-87.276	-85.7544	0.000311811	678.865
34.8573	3.88513	62.4103	25.9632	29.1591	-15.9509	-9.19497	47.1662	32.8783	30.7373	1374.67	1361.51	-87.276	-86.0596	6.59448e-006	679.027
34.8580	-23.572	-145.101	8.2641	-3.52076	-27.8517	-4.32085	35.8536	35.5894	30.7373	1374.08	1361.11	-87.8943	-86.5173	-0.000145967	679.33
34.8587	5.71343	-300.122	-0.893213	-2.88883	-39.1497	16.4403	17.2408	30.4557	30.7373	1373.16	1359.99	-88.6591	-86.9751	6.59448e-006	680.701
34.8593	24.6331	-240.663	9.17983	-18.7774	-48.9142	37.4912	19.0788	17.3044	30.7373	1373.16	1359.83	-88.0408	-86.8225	6.59448e-006	681.469
34.8600	16.6995	-134.113	37.8677	-123.136	-52.8855	63.4427	15.7134	6.92176	30.7314	1372.51	1359.27	-88.3499	-86.8225	6.59448e-006	681.469
34.8607	5.4196	-116.407	48.5488	-204.294	-62.65	96.4023	-10.8208	8.76756	30.7314	1372.51	1358.95	-89.8794	-88.0432	-0.000145967	682.678
34.8613	-3.44438	-25.4916	16.5057	-201.857	-71.497	103.727	-32.4882	19.4386	30.7314	1373	1359.27	-90.0258	-88.501	-0.000451137	683.445
34.8620	4.19529	122.246	-26.5262	-189.038	-64.4718	72.2951	-52.6284	27.0525	30.7373	1372.84	1359.27	-89.2611	-87.2803	-0.000145967	683.445
34.8627	13.9571	96.2526	-49.412	-181.139	-48.2982	36.5691	-96.5846	29.1867	30.7373	1373.92	1360.31	-87.7316	-85.6018	0.000616981	684.352
34.8633	-17.4831	5.65084	-40.2621	-163.399	-38.8483	-2.18677	-121.617	29.1867	30.7373	1375.75	1361.99	-86.0557	-84.2285	0.000311811	685.119
34.8640	-84.9179	-57.8269	-7.30333	-140.244	-38.5337	-32.6962	-92.6238	27.9754	30.7314	1376.18	1362.78	-85.4537	-83.9233	-0.000603745	685.119
34.8647	-145.04	-110.631	17.7217	-106.029	-34.2609	-17.7313	-47.451	20.996	30.7314	1375.1	1361.99	-86.5113	-85.144	-0.000603745	685.724
34.8653	-175.859	-117.663	14.0587	-38.9089	-23.2775	15.2283	0.776611	7.55625	30.7373	1373.27	1360.31	-88.4964	-86.9751	6.59448e-006	687.258
34.8660	-189.294	-105.106	-13.7135	32.8153	-15.3479	24.6868	49.2889	-8.6522	30.7373	1372.08	1359.11	-89.8794	-88.501	0.000159203	688.165
34.8667	-189.898	-203.995	-31.7128	41.9783	-14.4305	41.1534	67.3063	-20.5345	30.7432	1371.43	1357.91	-90.4814	-88.9587	-0.000145967	688.932
34.8673	-186.846	-425.257	-28.9656	62.6966	-11.3766	86.0217	52.6542	-19.0348	30.7432	1371.16	1357.43	-90.4814	-88.9587	-0.000451137	689.537
34.8680	-219.804	-326.681	-32.6286	126.792	-8.0213	107.389	23.0395	-11.3632	30.7432	1371.33	1357.91	-90.0258	-88.501	-0.000451137	689.7
34.8687	-239.034	7.15773	-43.3096	75.8317	-8.32275	92.7401	-5.02209	-5.249	30.7432	1371.76	1358.47	-89.5702	-87.738	0.000311811	690.607
34.8693	-187.156	95.0596	-23.779	-43.197	-3.44706	71.0568	-3.20999	5.71045	30.7432	1372.84	1359.11	-89.2611	-87.4329	6.59448e-006	691.374
34.8700	-79.433	162.493	5.20916	-71.2728	5.71452	35.3572	37.6915	8.47915	30.7432	1373.27	1359.43	-88.9519	-87.5854	-0.000603745	691.839
34.8707	110.694	328.502	5.20916	-52.6308	12.1237	-29.6399	70.3351	-16.2661	30.7432	1372.68	1358.47	-88.9519	-87.5854	6.59448e-006	692.281
34.8713	222.693	395.684	-0.893213	-31.9125	16.095	-125.779	57.521	-41.5882	30.7432	1371.92	1358.07	-89.4238	-88.0432	6.59448e-006	692.141
34.8720	143.358	465.566	-3.64041	-20.5829	19.1358	-182.529	17.2408	-42.2227	30.7432	1371.6	1358.07	-90.4814	-89.1113	-0.000451137	692.908
34.8727	100.328	465.566	-7.91132	-52.044	13.9586	-156.894	-32.7989	-37.6082	30.7432	1371	1356.47	-91.2461	-89.7217	6.59448e-006	694.28
34.8733	151.586	180.199	1.54623	-41.6623	-0.996109	-123.329	-61.1711	-33.6859	30.7373	1369.76	1354.79	-91.8644	-90.332	0.000311811	694.722
34.8740	172.644	-33.0888	17.7217	90.1856	-16.5669	-114.476	-49.8843	-22.6688	30.7432	1369.33	1354.71	-92.1573	-90.7898	6.59448e-006	695.187
34.8747	151.292	113.08	17.7217	241.533	-23.5789	-93.4251	-44.0856	-16.9006	30.7432	1370.41	1354.95	-91.2461	-89.8743	0.000311811	695.792
34.8753	134.494	330.951	2.16173	414.276	-18.4018	-46.1329	-38.0022	-15.6316	30.7432	1372.08	1355.91	-89.5702	-87.8906	0.000464373	695.954
34.8760	139.081	418.539	1.54623	634.323	-5.88491	-19.5755	5.33273	-11.3632	30.7432	1373.43	1357.27	-88.0408	-86.5173	0.000159203	696.257
34.8767	133.89	142.966	15.2822	752.088	-3.74852	-37.5703	45.9236	-16.2661	30.7373	1374.19	1357.59	-87.276	-85.7544	0.000616981	696.722
34.8773	111.314	-489.99	17.1137	804.313	-17.1698	-4.61066	58.1423	-33.3398	30.7373	1373.92	1356.79	-87.1296	-85.4492	0.000464373	696.419
34.8780	82.6162	-532.058	9.17983	742.338	-26.9343	87.5498	47.7616	-43.434	30.7432	1372.84	1355.43	-87.8943	-86.5173	-0.000298575	696.117
34.8787	33.4807	187.231	-5.16412	323.323	-20.5251	115.003	-2.27806	-33.0514	30.7432	1372.35	1354.79	-88.9519	-87.5854	-0.000145967	697.024
34.8793	-20.8295	427.392	-12.7977	-193.326	-7.10383	72.9011	-84.9872	-15.0548	30.7373	1372.84	1354.79	-88.9519	-87.4329	6.59448e-006	698.558
34.8800	-31.5218	-36.4793	6.74038	-461.58	2.66066	29.8771	-142.042	-8.9406	30.7373	1373	1354.55	-88.4964	-86.6699	-0.000145967	699.163
34.8807	12.7328	-464.624	32.3734	-431.383	8.15237	2.39754	-148.462	-6.1719	30.7373	1373	1353.75	-88.4964	-86.8225	0.000311811	699.605
34.8813	61.2643	-546.122	34.2048	-148.775	8.45382	-15.3074	-155.167	8.76756	30.7373	1373.16	1353.12	-88.6591	-87.5854	6.59448e-006	700.232
34.8820	72.5443	-285.179	17.4214	48.0719	8.45382	-18.3636	-149.368	29.8212	30.7314	1373.16	1352.88	-88.6591	-87.2803	6.59448e-006	700.372
34.8827	64.3169	-41.0627	-15.5449	-6.86097	16.3965	10.644	-85.6085	37.1468	30.7314	1374.83	1354.07	-87.1296	-85.6018	0.000159203	701.139
34.8833	54.849	36.4793	-49.1117	-30.3778	22.1896	59.7805	-23.6349	26.4757	30.7255	1376.78	1355.59	-85.291	-69.2749	-0.000145967	702.046
34.8840	44.173	188.738	-51.2434	60.2591	23.1071	117.743	23.0395	29.8212	30.7255	1376.35	1354.71	-85.291	-117.798	-0.000145967	701.907
34.8847	39.8961	245.184	-32.9363	18.7774	21.5867	209.008	99.0438	46.6065	30.7314	1374.51	1352.72	-86.5113	-72.0215	-0.000451137	701.604
34.8853	40.5001	-70.0704	-17.0686	-88.0641	6.31743	302.986	183.876	38.6465	30.7255	1372.35	1350.24	-88.4964	34.79	-0.000451137	701.907
34.8860	34.4112	-372.767	-10.9663	-65.45	-15.9509	296.584	239.403	8.47915	30.7196	1371.33	1347.92	-90.4814	-460.815	0.000159203	703.441
34.8867	23.7189	-310.545	-6.07985	-77.0504	-25.1124	151.625	287.32	-14.1319	30.7196	1371.33	1347.68	-90.6441	754.089	0.000159203	704.487
34.8873	17.3199	-86.8345	4.60117	-106.661	-24.4964	-60.7816	371.246	-18.6887	30.7127	1370.68	1347.36	-90.7905	4161.53	6.59448e-006	704.487
34.8880	20.3725	134.113	11.927	-24.2391	-20.2236	-213.065	390.48	-11.7093	30.7127	1371.16	1347.04	-90.7905	4999.85	0.000159203	704.813
34.8887	27.0817	129.53	14.3665	14.1733	-7.71984	-238.99	237.591	0.519132	30.7127	1372.08	1347.2	-89.7167	4848.17	6.59448e-006	705.417
34.8893	27.3918	-45.9601	17.7217	-58.4536	8.15237	-177.049	23.6608	10.9018	30.7127	1372.35	1346.72	-89.5702	4962.92	0.000159203	706.487
34.8900	23.4251	-7.7856	18.9451	-178.385	18.5329	-76.0363	-127.105	12.1131	30.7068	1373.16	1346.4	-89.4238	4999.85	0.000464373	707.394
34.8907	23.4251	149.057	17.7217	-317.861	22.1896	23.1587	-193.324	5.99886	30.7068	1373	1346.4	-89.1146	4958.8	0.000311811	707.254
34.8913	23.7189	227.791	16.5057	-445.421	20.9707	112.263	-219.574	-1.90348	30.7008	1372.68	1345.36	-89.5702	4973.14	-0.000145967	707.394
34.8920	16.6995	276.64	8.2641	-483.247	11.5077	160.793	-261.977	-6.51799	30.6949	1372.24	1344.17	-90.0258	4972.69	6.59448e-006	707.696
34.8927	6.62758	298.301	-7.91132	-412.425	-0.0786402	86.6277	-265.342	-5.59509	30.7008	1370.84	1342.65	-91.0997	4971.62	0.000159203	707.998
34.8933	0.228537	318.456	-35.0755	-335.239	-1.91358	-54.9854	-213.154	-2.82638	30.6949	1369.49	1340.65	-92.6128	4970.4	6.59448e-006	708.928
34.8940	0.832529	222.643	-61.3165	-301.657	0.222814	-105.624	-177.456	-2.24957	30.6949	1369.49	1340.17	-92.4664	4970.7	6.59448e-006	709.37
34.8947	6.62758	-104.227	-52.4669	-272.362	0.524268	-63.5217	-171.346	-0.692176	30.689	1370.41	1340.97	-91.3925	4971.77	-0.000145967	708.928
34.8953	5.71343	-262.01	-22.2553	-170.441	-0.996109	-25.0556	-156.41	5.07595	30.6821	1372.08	1341.37	-90.1722	4973.14	0.000311811	708.766
34.8960	0.228537	-141.145	-7.60357	-20.5829	-3.1325	-14.7014	-115.819	13.3244	30.6821	1373.75	1342.81	-88.2035	4974.82	0.000311811	709.068
34.8967	10.9045	-86.8345	-11.2665	36.4714	-3.44706	-16.5193	-93.5299	17.5928	30.6821	1374.35	1343.21	-87.4388	4975.43	6.59448e-006	708.766
34.8973	23.1149	-81.3093	-13.4057	-15.392	-8.0213	-18.3636	-106.033	17.3044	30.6762	1374.08	1342.17	-88.0408	4974.98	0.000769543	709.37
34.8980	12.1288	-20.9081	-9.74278	-59.0404	-14.7319	-25.688	-104.817	20.6499	30.6762	1373.59	1341.85	-88.4964	4974.67	0.000922151	710.765
34.8987	2.05684	36.7932	-12.1822	-36.7874	-9.24022	-46.4227	-80.7158	33.8012	30.6703	1373.75	1341.85	-88.4964	4974.98	0.000159203	710.905
34.8993	2.66083	-20.9081	-16.7609	38.9089	0.825722	-64.4438	-47.7616	50.2404	30.6644	1373.43	1341.13	-88.6591	4974.52	-0.000145967	710.602
34.9000	-5.87667	-159.479	-20.7316	182.041	-0.0786402	-61.0715	-9.29345	60.3346	30.6703	1373.16	1340.65	-89.1146	4973.6	-0.000451137	711.068
34.9007	-12.292	-265.966	-26.5262	340.746	-10.1577	-34.5404	27.3108	53.0091	30.6703	1373	1340.49	-89.1146	4974.06	-0.000451137	711.37
34.9013	-10.7576	-269.922	-23.171	372.162	-17.1698	0.263466	64.2516	28.6099	30.6703	1372.68	1339.85	-89.1146	4974.37	-0.000298575	711.37
34.9020	-14.1203	-190.559	-11.2665	289.154	-15.3479	33.8291	68.2124	-0.403769	30.6644	1373.43	1340.33	-88.3499	4974.52	-0.000298575	712.137
34.9027	-13.8102	-254.036	-5.77211	211.02	-4.96744	39.3355	31.8928	-24.5146	30.6644	1374.83	1342.17	-86.8205	4976.2	-0.000145967	712.439
34.9033	-5.58284	-220.822	-4.55614	59.3564	10.2888	8.50996	12.0634	-41.5882	30.6644	1375.59	1343.05	-86.0557	4977.72	6.59448e-006	712.277
34.9040	-1.59976	184.468	-1.20096	-158.84	19.7518	-0.658665	20.2954	-51.3364	30.6644	1376.02	1342.89	-86.0557	4977.42	0.000159203	712.439
34.9047	-5.58284	622.094	1.54623	-194.544	19.1358	49.0837	32.7989	-47.7024	30.6644	1375.1	1341.53	-86.9832	4975.59	6.59448e-006	713.044
34.9053	-8.01513	547.315	2.46197	-61.7938	20.0532	89.6839	56.615	-29.3598	30.6584	1373	1339.45	-88.9519	4973.75	-0.000145967	713.951
34.9060	-1.90992	-121.619	2.16173	-22.7495	20.9707	65.2606	93.5299	-6.80639	30.6584	1371.6	1338.01	-90.1722	4972.84	0.000464373	714.718
34.9067	7.2479	-454.578	1.54623	-98.7167	13.6441	-29.034	106.655	6.92176	30.6584	1371.16	1337.77	-90.6441	4972.08	0.000159203	714.881
34.9073	11.8186	-186.289	0.330264	-161.278	-0.0786402	-129.731	74.6323	7.21016	30.6515	1370.68	1337.45	-91.2461	4971.77	-0.000145967	714.578
34.9080	11.8186	-34.3445	-2.41693	-172.878	-7.71984	-20.7875	47.451	-0.115363	30.6456	1371.16	1337.45	-91.0997	4972.38	0.000311811	714.718
34.9087	7.2479	41.9418	-3.03242	-94.1577	-5.58345	190.987	67.3063	-9.5751	30.6456	1372.24	1338.49	-90.0258	4973.14	6.59448e-006	715.485
34.9093	-1.90992	280.909	1.54623	21.5308	-6.18636	185.796	92.3132	-14.7664	30.6456	1372.68	1339.45	-89.2611	4973.91	-0.000145967	715.95
34.9100	-8.92928	361.151	5.82465	76.4637	-12.5955	63.7325	99.9499	-11.0748	30.6397	1372.51	1339.69	-89.4238	4974.21	6.59448e-006	715.788
34.9107	-10.4637	150.626	3.68544	94.7445	-19.3062	-6.74473	103.911	-2.53798	30.6456	1372.24	1339.45	-89.4238	4973.75	-0.000145967	715.648
34.9113	-12.896	35.5375	2.76971	107.248	-18.7033	-42.1546	97.8013	0.807538	30.6397	1372.24	1339.13	-88.9519	4973.6	-0.000145967	716.253
34.9120	-18.3973	87.1485	6.43264	106.345	-9.24022	-83.0445	97.5165	-1.90348	30.6397	1371.92	1338.49	-90.0258	4972.99	6.59448e-006	716.694
34.9127	-23.2782	-53.5574	7.64861	66.9847	-3.44706	-147.752	103.911	-4.03769	30.6397	1371.33	1337.45	-91.3925	4971.47	6.59448e-006	717.462
34.9133	-22.6578	-269.608	5.82465	14.8052	-7.71984	-139.505	87.7312	-9.22901	30.6338	1370.68	1336.66	-92.0108	4970.7	6.59448e-006	718.089
34.9140	-16.2588	-261.697	2.76971	107.564	-15.9509	-49.1891	80.1204	-21.169	30.6338	1370.08	1335.62	-92.1573	4971.01	0.000311811	717.927
34.9147	-8.92928	-85.5788	0.330264	329.417	-15.6494	-5.84895	118.563	-31.494	30.6338	1370.25	1335.46	-92.0108	4971.62	0.000769543	717.462
34.9153	-4.04838	54.7503	-0.585468	351.083	-5.58345	-25.0556	169.845	-44.0108	30.6279	1372.08	1337.45	-90.3349	4973.3	0.000769543	717.462
34.9160	-2.53023	112.452	-0.893213	83.776	3.57813	-32.0902	176.86	-62.0651	30.6279	1373.92	1339.85	-88.0408	4974.98	0.000159203	717.462
34.9167	-3.13423	205.816	-0.585468	-143.9	4.79705	-29.9561	132.904	-67.5448	30.6279	1374.51	1340.65	-87.276	4975.89	0.000159203	717.462
34.9173	-0.99577	233.317	0.022518	-159.156	0.524268	-51.613	95.3679	-48.6253	30.6219	1374.51	1340.17	-87.4388	4975.74	0.000159203	717.764
34.9180	3.88513	148.177	0.022518	-120.383	5.09851	-72.058	77.9718	-13.4974	30.6219	1373.92	1339.53	-88.0408	4974.98	0.000464373	717.927
34.9187	4.19529	158.851	0.330264	-137.49	14.863	-71.1359	24.8774	21.8612	30.6219	1373.43	1339.13	-88.8055	4974.37	0.000311811	718.229
34.9193	-0.0816205	192.128	2.76971	-141.733	13.6441	-62.3097	-55.9937	40.2039	30.615	1373.27	1338.97	-88.4964	4974.82	-0.000145967	718.531
34.9200	-4.35853	103.599	6.12489	-74.613	6.01597	-66.8677	-136.865	52.0862	30.6091	1373.27	1338.33	-88.0408	4974.98	0.000311811	718.531
34.9207	-2.82407	48.9739	6.43264	-40.7596	3.27667	-75.4304	-230.239	65.2376	30.6091	1373	1337.61	-89.2611	4973.6	6.59448e-006	718.996
34.9213	1.74668	73.3981	4.60117	-105.126	7.2349	-63.2055	-269.018	45.3952	30.6091	1372.51	1337.29	-89.4238	4973.6	-0.000756307	718.694
34.9220	2.05684	31.5819	6.43264	-157.622	12.4251	-54.0633	-218.953	3.57624	30.6091	1372.84	1338.33	-88.3499	4975.13	0.000159203	718.229
34.9227	-4.35853	-68.5007	10.7035	-132.299	14.5615	-55.2752	-157.316	-7.0948	30.6032	1374.83	1339.85	-86.9832	4976.04	0.000464373	719.136
34.9233	-13.8102	-140.831	17.7217	-80.7066	10.2888	-42.7606	-116.103	7.21016	30.6091	1376.18	1341.13	-85.4537	4977.57	6.59448e-006	718.833
34.9240	-21.4499	-125.888	29.0182	-73.0783	-5.58345	-30.5621	-89.2585	20.0731	30.6032	1375.59	1340.65	-85.9093	4977.11	6.59448e-006	718.531
34.9247	-22.364	-76.7258	33.5893	-81.0226	-30.6041	-13.7793	-83.7705	21.8612	30.6032	1374.51	1339.53	-87.5852	4975.43	-0.000145967	719.763
34.9253	-15.0345	-58.4548	25.6555	-27.3084	-51.9681	18.8905	-73.7004	15.8047	30.6032	1373.27	1338.01	-88.6591	4974.21	-0.000298575	720.531
34.9260	-7.70497	38.3001	14.6742	83.1441	-64.7864	49.0837	-52.6284	7.55625	30.5973	1371.6	1336.5	-90.1722	4972.53	-0.000298575	720.531
34.9267	-2.53023	105.106	7.34837	191.791	-69.6621	71.0568	-49.2889	-1.32667	30.5973	1371.16	1335.94	-91.2461	4971.77	-0.000298575	720.973
34.9273	1.43652	-96.3154	3.07746	240.314	-72.0999	78.3812	-55.0876	-5.249	30.5973	1371.6	1335.94	-90.7905	4972.38	-0.000451137	720.973
34.9280	2.97098	-299.557	3.3777	234.537	-70.5796	59.4643	-54.777	-8.0177	30.5914	1372.08	1336.5	-89.5702	4973.45	-0.000298575	721.135
34.9287	3.57498	-232.375	3.07746	262.928	-55.6248	49.0837	-54.4663	-15.9777	30.5914	1372.84	1336.81	-89.2611	4973.91	6.59448e-006	721.438
34.9293	4.19529	-113.08	-9.74278	373.065	-31.207	60.9924	-50.195	-22.3803	30.5914	1372.51	1336.1	-89.4238	4974.06	6.59448e-006	720.833
34.9300	4.48913	-8.09953	-32.3283	372.794	-6.48781	49.6897	-47.1403	-19.6116	30.5914	1371.92	1335.94	-89.2611	4973.6	-0.000145967	720.368
34.9307	4.48913	111.51	-41.1779	201.857	6.31743	28.0328	-54.1557	-15.0548	30.5845	1371.92	1335.62	-89.7167	4973.14	-0.000298575	720.973
34.9313	4.48913	77.9815	-25.3102	81.9253	9.68585	27.1107	-55.0876	-15.6316	30.5845	1372.24	1335.3	-90.0258	4973.6	6.59448e-006	721.438
34.9320	4.79928	56.8851	-8.21906	-10.5171	16.3965	15.8343	-41.3416	-9.8635	30.5845	1371.76	1335.3	-90.3349	4972.99	0.000311811	721.74
34.9327	1.74668	147.55	-5.16412	-94.7445	19.4503	-10.4069	-23.9455	4.78755	30.5786	1370.41	1333.94	-91.2461	4971.62	0.000311811	722.507
34.9333	-5.27268	99.3291	-6.07985	-20.8989	13.9586	6.66569	-1.06137	10.6134	30.5726	1369.65	1332.58	-92.32	4971.16	0.000311811	722.809
34.9340	-8.01513	-8.97855	-6.68784	135.053	14.863	84.1774	27.0002	8.47915	30.5726	1369.65	1332.26	-92.4664	4971.01	0.000159203	722.972
34.9347	-4.96252	-46.5252	-5.47187	182.357	26.161	166.59	37.3809	13.036	30.5726	1370.84	1332.98	-91.0997	4972.23	-0.000145967	722.647
34.9353	-4.96252	-248.888	0.330264	74.929	33.173	212.064	51.1269	17.016	30.5786	1372.68	1334.5	-89.1146	4974.21	0.000159203	721.577
34.9360	-5.87667	-537.583	6.43264	-39.5408	30.7352	229.453	86.8251	11.4786	30.5786	1373.75	1335.14	-88.0408	4975.13	0.000311811	721.577
34.9367	-4.65237	-426.764	7.95635	-95.0605	25.545	253.56	93.8405	7.21016	30.5786	1374.35	1335.3	-87.4388	4975.74	-0.000145967	721.275
34.9373	-4.96252	43.5114	7.04062	-159.743	23.7231	274.005	75.5384	9.05597	30.5726	1373.75	1334.98	-87.8943	4975.59	6.59448e-006	720.066
34.9380	-6.49699	351.105	7.95635	-178.701	23.7231	227.002	65.4683	9.34437	30.5726	1373.27	1333.94	-88.9519	4974.06	0.000464373	720.531
34.9387	-7.70497	349.284	8.56434	-68.2034	21.5867	71.373	22.7288	7.55625	30.5726	1373.43	1333.62	-89.2611	4973.45	-0.000145967	721.135
34.9393	-9.23944	183.589	7.64861	118.848	20.6693	-143.484	-41.9629	-1.90348	30.5726	1373	1333.3	-89.4238	4973.14	-0.000603745	720.67
34.9400	-8.61912	-115.528	6.74038	257.738	20.9707	-266.47	-37.6915	-31.494	30.5786	1372.84	1332.74	-89.5702	4973.14	6.59448e-006	720.833
34.9407	-6.49699	-221.701	6.12489	226.276	20.0532	-249.977	28.8382	-51.3364	30.5845	1372.51	1332.1	-89.7167	4973.3	0.000769543	720.67
34.9413	-7.10098	-18.7733	6.74038	27.3084	21.5867	-213.671	69.4291	-31.2056	30.5786	1372.08	1331.14	-90.0258	4973.45	0.000769543	719.903
34.9420	-9.23944	-160.358	7.95635	-129.862	22.1896	-217.623	65.4683	-4.96059	30.5786	1372.51	1331.62	-89.2611	4974.37	0.000769543	719.298
34.9427	-9.23944	-607.465	5.82465	-135.955	23.4086	-245.709	38.3128	2.94175	30.5726	1374.51	1333.3	-87.5852	4975.89	0.000311811	719.601
34.9433	-5.87667	-502.485	0.022518	-118.848	36.5415	-254.877	20.9167	10.9018	30.5726	1376.18	1334.98	-85.7466	4977.57	-0.000451137	719.903
34.9440	-0.0816205	-5.3369	-6.3876	-139.025	52.4006	-219.151	4.73733	16.3815	30.5786	1376.02	1334.82	-85.6002	4977.57	-0.000451137	719.298
34.9447	6.62758	183.275	-8.5193	-242.165	51.1817	-161.795	-49.2889	17.016	30.5786	1374.08	1332.42	-88.0408	4975.13	-0.000298575	718.694
34.9453	8.76604	132.292	-2.72468	-424.026	37.1444	-71.452	-87.1358	20.0731	30.5786	1372.35	1329.38	-90.3349	4972.99	-0.000145967	719.298
34.9460	6.93774	97.1944	0.330264	-460.046	24.326	17.9684	-68.8078	17.3044	30.5845	1371.6	1328.11	-91.3925	4971.77	-0.000298575	719.903
34.9467	7.85189	97.1944	-4.24839	-266.585	10.9048	59.4643	-35.8536	12.7476	30.5845	1371	1328.27	-91.2461	4971.77	-0.000298575	719.601
34.9473	9.38635	147.55	-10.0505	-37.6902	-4.66598	64.9708	-19.6742	14.5357	30.5786	1371	1328.11	-90.6441	4972.38	-0.000298575	719.601
34.9480	9.68019	189.994	-18.5923	26.9925	-19.0047	32.9069	-38.9082	17.5928	30.5786	1371.76	1328.74	-90.0258	4972.99	-0.000603745	719.298
34.9487	10.9045	197.591	-27.7497	-34.6208	-21.4426	8.79977	-82.5538	13.6705	30.5845	1372.24	1329.06	-89.7167	4973.75	6.59448e-006	718.833
34.9493	4.48913	261.697	-32.0206	-74.0262	-5.88491	24.3706	-112.764	-1.32667	30.5845	1372.51	1328.58	-89.5702	4973.75	0.000311811	718.694
34.9500	-5.58284	305.334	-27.7497	-72.4915	2.66066	32.6171	-124.361	-20.5345	30.5786	1372.35	1328.27	-89.4238	4973.6	-0.000145967	718.229
34.9507	-8.32529	181.706	-13.098	-30.0619	-8.32275	34.435	-118.252	-28.4946	30.5786	1372.51	1328.27	-89.7167	4973.6	-0.000145967	718.089
34.9513	-4.04838	115.528	6.74038	19.6801	-10.7606	45.1318	-98.7073	-20.5345	30.5726	1372.68	1328.11	-89.7167	4973.6	-0.000451137	717.462
34.9520	2.36699	140.517	25.0475	12.0518	0.825722	39.9415	-67.9017	-14.4203	30.5786	1370.84	1326.59	-90.6441	4972.99	-0.000298575	717.02
34.9527	1.43652	73.712	27.7947	-17.2427	7.2349	37.8074	-13.8755	-11.9977	30.5786	1369.76	1325.55	-92.0108	4971.01	0.000311811	718.089
34.9533	-8.92928	171.974	5.51691	-16.024	9.68585	48.188	35.5688	-7.7293	30.5786	1369.76	1325.39	-92.1573	4970.55	0.000464373	718.392
34.9540	-15.0345	264.459	-18.9001	25.5029	10.5902	32.9069	41.9629	-12.2861	30.5786	1369.76	1324.75	-91.8644	4971.31	0.000464373	717.764
34.9547	-15.0345	56.0061	-19.8158	167.101	6.63199	-2.47658	23.0395	-21.7459	30.5726	1370.84	1325.87	-90.7905	4972.38	0.000311811	717.462
34.9553	-18.6911	-95.3736	-5.47187	344.086	-0.694655	-18.6534	10.536	-21.4574	30.5786	1372.84	1327.95	-89.1146	4974.21	0.000159203	716.857
34.9560	-21.1397	-126.516	3.68544	280.623	-3.74852	-23.2377	6.86007	-10.7864	30.5786	1374.08	1328.9	-87.8943	4975.74	0.000464373	716.392
34.9567	-17.1729	-86.8345	7.34837	30.3778	-4.96744	-38.4924	2.89935	2.94175	30.5786	1375	1329.38	-87.276	4976.2	0.000464373	716.09
34.9573	-15.9486	106.989	15.5899	-109.73	-10.1577	-24.4497	2.30395	10.6134	30.5786	1375.1	1329.46	-87.1296	4976.04	6.59448e-006	715.95
34.9580	-22.6578	203.681	24.1318	-157.306	-15.3479	14.596	19.9848	11.1902	30.5726	1374.19	1327.71	-87.8943	4975.43	0.000464373	715.648
34.9587	-36.4027	135.055	27.7947	-198.517	-18.0872	5.74356	44.3963	5.99886	30.5726	1373.75	1327.07	-88.6591	4974.82	0.000464373	715.648
34.9593	-36.6966	-12.0551	32.9813	-200.954	-20.8396	-41.8648	55.9937	-6.1719	30.5786	1373.27	1327.07	-88.6591	4974.67	-0.000145967	715.323
34.9600	-10.7576	-280.595	39.0837	-150.625	-26.0299	-60.7816	68.8336	-13.209	30.5726	1372.35	1325.55	-89.2611	4974.06	0.000159203	714.416
34.9607	8.16205	-449.995	39.9994	-66.3979	-29.3852	-38.2026	85.2978	-13.4974	30.5608	1372.35	1324.91	-89.7167	4973.6	0.000311811	714.578
34.9613	-2.82407	-319.398	32.9813	5.05545	-22.36	-9.80094	69.1184	-20.2461	30.5667	1373	1325.39	-89.1146	4974.06	6.59448e-006	714.881
34.9620	-16.8628	-81.6232	25.3552	77.3664	-8.0213	6.05972	24.2562	-22.9572	30.5786	1373.59	1325.71	-87.7316	4975.43	0.000159203	714.253
34.9627	-5.27268	30.075	25.9632	138.709	8.76838	21.3144	4.11604	-12.9206	30.5726	1375	1326.59	-86.3649	4977.11	6.59448e-006	713.346
34.9633	11.8186	19.0873	31.4576	135.053	23.1071	36.2793	19.3894	-1.61508	30.5667	1375.86	1327.55	-85.9093	4977.88	6.59448e-006	713.207
34.9640	-0.685612	0.43951	28.4027	119.164	16.3965	33.8291	41.6523	6.63335	30.5667	1376.02	1326.59	-86.674	4976.81	6.59448e-006	713.509
34.9647	-27.8489	8.09953	-0.585468	98.1299	-7.10383	9.40574	55.9937	9.97887	30.5667	1374.83	1324.75	-88.2035	4974.67	-0.000603745	713.207
34.9653	-26.0206	18.1455	-39.3464	-0.767345	-19.9222	-7.06089	55.7089	8.76756	30.5726	1373.16	1323.07	-89.4238	4973.3	-0.000603745	713.346
34.9660	6.02359	45.0183	-45.7565	-106.661	-19.6207	9.40574	48.3829	11.4786	30.5667	1371.92	1321.39	-90.4814	4972.84	0.000159203	713.509
34.9667	11.8186	72.7702	-26.2259	-134.421	-28.4677	32.0111	42.8689	14.2473	30.5608	1370.41	1319.88	-91.7017	4972.08	-0.000145967	712.277
34.9673	-29.3834	83.444	-13.7135	-103.005	-32.1245	23.1587	36.7855	14.5357	30.5667	1370.08	1319.4	-91.5552	4972.38	-0.000298575	711.068
34.9680	-71.1894	152.133	-11.882	-36.4714	-4.35142	-1.87061	29.4595	13.036	30.5667	1371.43	1320.19	-90.1722	4973.45	-0.000145967	711.37
34.9687	-79.433	223.522	-14.0137	0.135414	31.9541	-16.8355	24.8774	5.99886	30.5667	1372.24	1320.51	-89.8794	4973.45	6.59448e-006	711.672
34.9693	-58.6688	21.536	-14.9294	-7.76372	47.2234	-19.5755	21.2015	1.44203	30.5667	1372.24	1320.19	-89.8794	4973.75	0.000159203	711.812
34.9700	-46.1645	-215.925	-7.91132	15.708	40.1982	-18.0474	22.4441	9.05597	30.5539	1372.68	1319.88	-89.4238	4974.21	6.59448e-006	711.672
34.9707	-58.979	-129.844	6.12489	78.5851	29.5163	-14.0691	34.3262	24.3415	30.5539	1372.84	1319.88	-89.1146	4973.91	-0.000145967	711.068
34.9713	-76.6743	-190.559	17.1137	109.098	24.942	-1.5808	40.1249	40.2039	30.5608	1372.84	1319.4	-89.2611	4973.45	-0.000145967	710.765
34.9720	-47.9928	-328.188	19.2454	50.1934	13.6441	24.6868	27.9321	37.7236	30.5608	1371.76	1317.88	-90.1722	4973.14	-0.000145967	710.3
34.9727	85.6688	-74.905	16.8059	-1.98607	-0.393201	74.719	13.9013	17.9389	30.5539	1370.08	1316.36	-91.0997	4972.23	0.000311811	710.137
34.9733	183.63	99.0152	13.7585	65.45	-10.7606	129.968	12.374	5.42204	30.5608	1369.65	1315.8	-91.7017	4971.31	0.000311811	710.137
34.9740	125.353	-23.6707	9.17983	163.715	-32.1245	141.244	15.4287	0.807538	30.5608	1369.49	1315.32	-91.7017	4971.62	-0.000145967	708.766
34.9747	53.0207	-81.3093	5.82465	128.959	-51.0506	119.587	19.3894	0.519132	30.5539	1370.25	1315.88	-90.7905	4973.3	0.000159203	707.557
34.9753	49.9681	-26.9984	6.74038	-23.9682	-40.9846	124.172	9.91474	2.65334	30.5539	1372.35	1317.16	-89.4238	4974.37	0.000769543	707.557
34.9760	61.5582	-3.83001	6.74038	-122.234	-15.9509	129.046	-40.4356	-6.1719	30.5539	1373.92	1318.04	-88.2035	4975.28	0.000311811	706.929
34.9767	31.0484	-27.9402	6.12489	-122.549	-4.04997	59.1745	-90.1646	-19.9001	30.5539	1373.75	1318.2	-87.5852	4975.89	0.000159203	706.627
34.9773	2.97098	48.346	7.64861	-103.908	-0.393201	-80.3045	-79.8098	-20.823	30.548	1373.43	1317.56	-88.0408	4975.13	0.000159203	706.627
34.9780	44.173	153.64	8.2641	-89.8696	7.2349	-206.031	-40.1249	-15.3432	30.548	1372.84	1316.36	-88.4964	4974.52	-0.000298575	705.557
34.9787	59.1259	120.112	4.90892	-39.2249	9.9873	-192.304	-10.536	-15.3432	30.548	1372.68	1315.88	-88.9519	4974.52	-0.000145967	705.72
34.9793	-3.44438	65.7381	-2.11669	62.4258	8.45382	-102.884	13.5907	-12.5745	30.548	1373	1315.88	-88.9519	4974.52	0.000464373	706.185
34.9800	-43.1119	28.8193	-10.3508	130.178	8.15237	-152.942	25.7835	-10.4403	30.548	1373.27	1315.48	-89.1146	4974.37	0.000311811	705.72
34.9807	-40.3695	-1.38132	-10.9663	144.487	6.63199	-215.489	25.1881	-23.3032	30.548	1373.16	1315	-89.1146	4974.37	6.59448e-006	705.115
34.9813	-47.0787	41.9418	-7.60357	232.37	5.09851	-102.278	18.4575	-31.8401	30.5421	1373	1314.36	-89.1146	4974.52	6.59448e-006	704.348
34.9820	-40.6633	40.4349	-14.9294	347.156	5.41307	4.84778	2.30395	-25.0914	30.5421	1373.75	1314.36	-88.4964	4975.28	-0.000145967	703.581
34.9827	2.36699	-70.9494	-22.8633	347.156	2.35921	2.08138	-13.5648	-20.823	30.5421	1376.02	1316.2	-86.674	4976.65	-0.000145967	703.883
34.9833	21.2866	-133.799	-17.3689	304.726	-4.96744	-9.80094	-12.0375	-20.823	30.5421	1377.42	1317.72	-85.1446	4978.18	-0.000298575	703.883
34.9840	7.2479	-183.589	-6.99559	240.044	-9.54168	-1.87061	0.776611	-13.4974	30.5421	1376.02	1316.2	-85.9093	4977.88	-0.000451137	702.209
34.9847	17.3199	-384.382	1.24599	45.0025	-13.513	19.1803	10.8467	2.65334	30.5362	1373.59	1313.48	-87.4388	4975.74	-0.000298575	701.302
34.9853	36.2395	-434.738	4.90892	-203.076	-17.4843	61.5984	18.7681	12.1131	30.5362	1372.35	1311.33	-89.2611	4973.6	-0.000145967	702.046
34.9860	28.306	-84.3858	4.60117	-310.233	-17.7858	102.488	21.5121	2.65334	30.5362	1371.92	1309.97	-90.4814	4972.69	-0.000298575	702.511
34.9867	5.4196	236.331	4.29343	-269.338	-19.9222	103.094	14.8074	-4.38378	30.5362	1371.16	1309.09	-90.7905	4972.38	-0.000298575	701.442
34.9873	-12.5859	150.626	1.54623	-169.538	-25.7153	74.719	1.06137	7.55625	30.5302	1371.16	1309.33	-90.7905	4972.69	6.59448e-006	700.837
34.9880	-33.3501	-73.712	-4.55614	-32.1833	-21.1411	49.6897	-13.5648	25.5528	30.5233	1371.76	1309.65	-90.1722	4973.14	0.000159203	700.372
34.9887	-51.0454	-98.7013	-10.0505	83.46	-3.74852	29.8771	-19.3635	45.0491	30.5302	1372.24	1309.33	-89.4238	4973.45	-0.000145967	699.93
34.9893	-44.9402	-70.0704	-15.2372	109.73	4.19414	13.7002	-15.4028	53.6436	30.5233	1372.24	1308.61	-89.1146	4974.21	-0.000298575	699.302
34.9900	-38.835	-158.537	-21.9475	75.2449	-1.91358	20.7084	-11.1314	33.4552	30.5174	1372.24	1308.13	-89.2611	4974.37	0.000159203	698.861
34.9907	-57.7546	-166.449	-19.5081	-46.5372	-2.52959	62.8103	-7.17071	4.21074	30.5174	1372.35	1307.81	-89.4238	4974.21	0.000159203	698.093
34.9913	-65.0842	-62.4103	-5.47187	-263.199	3.87958	120.799	-0.155322	-14.7664	30.5174	1372.08	1306.93	-89.8794	4973.3	-0.000451137	696.861
34.9920	-9.54959	-221.387	6.12489	-379.791	6.63199	173.308	6.86007	-23.3032	30.5174	1371.16	1305.73	-90.937	4971.92	-0.000603745	696.419
34.9927	85.0648	-401.774	7.34837	-310.82	5.41307	196.783	9.91474	-24.2261	30.5174	1369.92	1303.89	-92.32	4970.55	-0.000145967	696.419
34.9933	105.813	-190.559	4.60117	-159.156	4.19414	154.075	10.536	-19.6116	30.5174	1369.33	1302.46	-92.922	4970.09	0.000159203	696.117
34.9940	30.7383	184.782	9.48007	-1.98607	1.44174	50.322	14.1861	-7.7293	30.5115	1369.92	1303.09	-92.4664	4971.16	0.000311811	695.954
34.9947	-15.6385	493.946	24.1318	117.359	-0.694655	-44.6048	15.4287	1.73044	30.5115	1371.33	1304.45	-90.937	4972.99	0.000616981	695.489
34.9953	2.36699	572.681	31.4576	159.472	-0.694655	-112.658	10.8467	-1.32667	30.5115	1372.84	1305.41	-88.9519	4974.52	0.000311811	694.42
34.9960	12.7328	364.542	25.6555	136.271	-4.04997	-159.028	3.20999	-2.24957	30.5056	1374.08	1305.97	-87.8943	4975.74	0.000311811	693.676
34.9967	-2.53023	167.39	20.7766	104.81	-5.88491	-144.09	-6.54942	0.230725	30.4997	1375.27	1306.93	-87.1296	4976.35	0.000311811	693.35
34.9973	-1.30593	153.075	14.3665	66.0819	-2.52959	-91.291	-10.8208	-4.96059	30.5056	1375	1307.09	-87.276	4975.59	-0.000451137	692.281
34.9980	13.3531	5.3369	13.7585	11.7359	-0.694655	-37.8864	-10.8208	-5.88349	30.5056	1373.43	1305.57	-88.2035	4974.82	-0.000298575	691.676
34.9987	-15.0345	-123.125	35.1205	-29.4299	2.66066	45.1318	-13.5648	2.65334	30.5056	1373.16	1304.77	-88.4964	4974.52	-0.000145967	691.536
34.9993	-50.7353	-22.7289	53.1199	-6.27417	13.6441	139.426	-12.6588	9.34437	30.5056	1372.84	1304.29	-88.6591	4974.37	-0.000298575	690.467
35.0000	21.8906	-178.064	31.7579	78.2692	24.942	166.879	-7.48136	14.5357	30.5056	1372.08	1303.41	-89.5702	4973.91	0.000311811	690.304
35.0007	100.622	-332.52	-21.3395	148.775	25.545	134.842	1.37201	13.6705	30.4997	1372.35	1302.78	-90.1722	4973.3	0.000616981	690.165
35.0013	49.9681	-52.9295	-46.9725	172.562	20.6693	84.7834	23.0395	-0.115363	30.5056	1373.27	1303.09	-89.7167	4973.6	0.000159203	689.235
35.0020	6.93774	334.906	-37.8227	119.796	13.3426	23.1587	55.9937	-12.5745	30.4997	1374.08	1304.45	-88.0408	4975.59	6.59448e-006	688.165
35.0027	25.5472	490.241	-22.8633	-80.1198	0.825722	-61.3876	82.5538	-11.9977	30.4938	1375	1305.41	-86.5113	4977.26	0.000311811	687.723
35.0033	21.8906	292.525	35.4208	-341.333	-7.71984	-151.098	91.0965	-1.61508	30.4997	1376.02	1305.81	-86.2185	4977.88	-0.000145967	687.096
35.0040	-5.87667	87.4624	104.701	-330.365	-9.54168	-166.669	100.261	6.63335	30.4997	1375.86	1305.81	-86.2185	4977.26	-0.000298575	686.189
35.0047	-27.5551	85.0137	98.899	-48.9747	-11.6781	-104.412	106.059	7.21016	30.4997	1374.35	1304.29	-87.5852	4975.43	6.59448e-006	686.189
35.0053	-45.2504	29.4471	49.1568	122.549	-13.513	-33.0123	76.4444	3.28783	30.4997	1372.68	1302.06	-89.5702	4973.6	-0.000145967	686.189
35.0060	-55.6162	-94.4318	26.271	138.393	-7.71984	-6.45492	38.3128	-3.46088	30.4997	1371.76	1300.7	-90.7905	4972.53	6.59448e-006	685.584
35.0067	-30.5914	-122.812	36.6443	154.281	6.01597	-26.5837	16.6454	-7.0948	30.4997	1371.16	1299.9	-91.2461	4972.38	-0.000145967	684.817
35.0073	12.1288	-76.7258	54.6511	245.189	13.9586	-33.3021	-16.9301	-8.6522	30.4997	1371.43	1299.58	-90.7905	4972.99	-0.000298575	684.515
35.0080	35.9293	-12.9969	48.5488	402.089	5.09851	-3.71487	-58.1423	-15.3432	30.4997	1372.08	1300.22	-89.8794	4973.3	-0.000298575	683.91
35.0087	22.8048	117.663	19.2454	493.944	-8.0213	22.2365	-91.4072	-20.5345	30.4938	1371.16	1299.9	-90.0258	4973.14	0.000159203	682.376
35.0093	-3.13423	297.673	-24.3945	444.202	-12.2941	13.9901	-119.158	-14.1319	30.4997	1370.84	1299.42	-90.6441	4973.14	0.000769543	681.306
35.0100	-3.44438	370.946	-76.5761	261.394	-8.62421	-11.6452	-132.283	-1.32667	30.4997	1372.08	1300.22	-90.0258	4973.6	0.000464373	681.306
35.0107	4.19529	264.459	-69.2503	84.9947	-5.58345	-41.8648	-124.361	13.036	30.4997	1372.68	1300.38	-89.4238	4973.91	6.59448e-006	680.841
35.0113	5.10944	103.285	-13.098	53.5787	-5.88491	-65.6558	-99.9499	23.707	30.4938	1372.24	1300.22	-89.8794	4973.6	0.000159203	679.934
35.0120	6.33375	41.9418	-5.77211	-45.0025	-4.04997	-44.8946	-70.3351	25.8412	30.4938	1371	1299.26	-90.7905	4972.38	6.59448e-006	679.167
35.0127	5.10944	38.928	-38.7309	-280.893	0.825722	26.8209	-46.5449	21.8612	30.4938	1369.76	1297.58	-92.0108	4971.01	0.000159203	679.027
35.0133	2.66083	-66.052	-60.7085	-416.127	8.45382	102.199	-23.6349	14.2473	30.4938	1369.49	1297.18	-92.32	4970.55	0.000159203	678.702
35.0140	1.14269	-208.893	-76.5761	-417.345	12.4251	93.3461	-5.95402	6.92176	30.4997	1369.92	1297.58	-91.7017	4971.31	0.000311811	677.795
35.0147	1.43652	-306.526	-99.1617	-297.685	9.9873	14.9122	-11.4421	0.230725	30.4938	1371.43	1299.02	-90.3349	4973.3	0.000311811	676.888
35.0153	4.19529	-331.892	-123.271	-211.02	10.2888	1.79157	-32.7989	-10.1519	30.4997	1373.16	1300.54	-88.4964	4975.13	0.000464373	675.958
35.0160	5.71343	-174.109	-121.439	-284.279	13.9586	84.4936	-38.9082	-18.4003	30.4997	1374.35	1301.9	-87.4388	4976.04	0.000464373	674.889
35.0167	3.57498	20.2802	-66.8109	-323.323	16.3965	147.673	-28.5275	-22.0343	30.4997	1375.1	1302.46	-87.276	4976.35	0.000464373	674.145
35.0173	2.66083	87.4624	0.938249	-262.612	16.6979	96.4023	-19.3635	-23.8801	30.4997	1374.83	1301.74	-87.7316	4975.89	0.000311811	673.517
35.0180	2.97098	70.0076	25.0475	-198.517	15.479	-18.0474	3.20999	-20.2461	30.4997	1373.75	1300.54	-88.4964	4974.67	-0.000145967	672.61
35.0187	-0.391778	67.8728	24.7398	-148.459	20.3678	-101.355	38.3128	-11.0748	30.4997	1373.27	1300.22	-88.8055	4974.37	6.59448e-006	672.006
35.0193	-3.73822	91.418	30.2341	-59.6723	26.4624	-162.401	60.265	-1.61508	30.4938	1373.16	1299.9	-88.9519	4974.37	0.000311811	671.541
35.0200	-4.35853	42.8836	34.8128	29.1591	22.1896	-197.494	69.7397	1.73044	30.4938	1373.16	1299.42	-88.8055	4974.37	0.000159203	670.936
35.0207	-2.82407	-40.4349	24.7398	56.9189	14.5615	-147.752	75.849	4.49914	30.4938	1373.27	1299.58	-88.8055	4974.21	6.59448e-006	670.169
35.0213	-0.685612	-110.945	3.07746	84.6788	10.5902	-90.0791	73.7004	17.9389	30.4997	1373.27	1299.58	-88.6591	4974.52	6.59448e-006	669.099
35.0220	-0.391778	-145.101	-3.64041	93.2098	6.31743	-101.066	63.3197	35.301	30.4997	1373.75	1299.74	-88.2035	4975.13	0.000311811	667.727
35.0227	1.43652	-107.24	-6.3876	9.29841	2.66066	-101.355	51.1269	35.301	30.4997	1375.1	1300.54	-87.4388	4975.74	6.59448e-006	667.123
35.0233	6.33375	-54.7503	-28.0499	-88.9669	-0.0786402	-49.1891	26.4048	17.016	30.4938	1376.35	1300.94	-86.8205	4976.65	6.59448e-006	666.658
35.0240	6.93774	-16.3246	-42.0936	-111.536	-5.58345	25.2928	-9.29345	0.230725	30.4997	1375.43	1300.06	-87.5852	4975.89	0.000159203	665.891
35.0247	2.05684	-19.0873	-28.9656	-49.6066	-11.9926	93.6359	-26.6895	-9.5751	30.5056	1373.59	1298.7	-88.8055	4974.06	-0.000451137	665.425
35.0253	-5.58284	-66.052	-9.13479	78.5851	-19.9222	129.362	-25.7835	-19.6116	30.4997	1372.51	1297.18	-89.7167	4973.3	-0.000298575	665.123
35.0260	-13.8102	-85.5788	-1.5012	148.459	-28.4677	117.453	-23.6349	-30.6288	30.4997	1371.43	1295.74	-90.937	4972.38	-0.000451137	664.379
35.0267	-19.0012	-53.2434	0.330264	65.766	-26.3314	57.3302	-22.4182	-38.2427	30.5056	1371	1295.34	-91.0997	4971.92	-0.000451137	663.147
35.0273	-19.3114	-39.2419	1.54623	-33.4021	-15.3479	-26.5837	-22.7288	-35.8201	30.5056	1371.33	1295.34	-90.7905	4972.38	-0.000298575	661.938
35.0280	-14.7243	-6.84379	-0.585468	-23.9682	-3.74852	-82.7547	-24.2562	-19.3232	30.5056	1372.08	1296.22	-90.0258	4973.3	-0.000451137	661.612
35.0287	-8.92928	109.689	-4.55614	5.32628	5.71452	-87.3127	-25.7835	3.28783	30.5056	1373	1297.02	-88.9519	4973.75	-0.000298575	661.473
35.0293	-5.87667	103.913	-5.47187	15.392	9.37129	-100.143	-22.7288	16.3815	30.4997	1372.51	1295.9	-89.4238	4973.75	0.000311811	660.24
35.0300	-6.79082	9.92036	-1.80894	61.207	2.05775	-152.942	-16.6195	16.0931	30.5056	1371.92	1294.55	-90.3349	4973.14	0.000616981	659.031
35.0307	-7.70497	-76.7258	3.07746	85.8975	-10.4591	-126.385	-16.6195	20.996	30.5056	1372.24	1294.55	-90.3349	4972.99	6.59448e-006	657.962
35.0313	-5.87667	-307.154	6.12489	82.2413	-13.513	8.50996	-17.2408	37.1468	30.4997	1372.24	1294.86	-89.8794	4973.3	-0.000145967	657.195
35.0320	-4.65237	-404.537	5.51691	97.8139	-3.1325	91.212	-12.6588	42.9149	30.4938	1371.33	1293.91	-90.4814	4972.69	0.000464373	657.195
35.0327	-4.35853	-181.141	1.54623	130.178	8.76838	69.8449	-8.07676	38.9926	30.4938	1369.65	1292.39	-92.0108	4971.31	-0.000145967	656.427
35.0333	-1.59976	80.4302	-6.07985	116.14	11.8222	19.4965	-3.8054	31.667	30.4997	1368.84	1291.67	-93.2311	4970.4	-0.000298575	655.358
35.0340	4.79928	6.27871	-16.1529	-12.0518	10.2888	7.90399	-0.750724	4.49914	30.5056	1370.08	1291.99	-91.8644	4971.31	0.000159203	654.288
35.0347	8.16205	-322.726	-16.7609	-37.0582	8.15237	63.1265	1.9933	-23.3032	30.5056	1371.6	1293.51	-90.0258	4973.75	0.000464373	653.544
35.0353	6.02359	-208.893	-4.24839	143.584	7.85091	148.885	7.48136	-23.5917	30.4997	1373.27	1295.18	-88.9519	4974.82	0.000311811	652.916
35.0360	3.88513	108.81	3.68544	286.716	15.479	214.488	6.86007	-12.2861	30.4997	1375.1	1296.54	-86.9832	4975.89	-0.000298575	651.847
35.0367	3.57498	69.4425	2.46197	323.639	25.8595	197.099	0.465967	-14.1319	30.4997	1375.59	1296.22	-86.9832	4976.04	-0.000145967	650.638
35.0373	1.14269	45.6462	1.24599	227.224	26.4624	103.094	-5.95402	-25.0914	30.4997	1374.51	1295.02	-88.8055	4974.67	6.59448e-006	649.568
35.0380	-2.22008	240.6	0.022518	7.4929	16.3965	62.2044	-17.5514	-27.5717	30.4997	1373.92	1294.39	-88.6591	4974.52	6.59448e-006	648.661
35.0387	-3.13423	348.657	-0.285228	-176.534	2.35921	89.0779	-25.1622	-20.2461	30.4997	1373.16	1293.83	-88.3499	4974.37	6.59448e-006	647.894
35.0393	-1.30593	355.061	3.07746	-300.438	-8.32275	93.952	-19.9848	-15.3432	30.4997	1373.16	1293.83	-88.6591	4974.21	6.59448e-006	647.127
35.0400	1.14269	271.428	6.43264	-358.44	-12.897	78.0914	-12.0375	-19.3232	30.4938	1373	1293.51	-88.9519	4974.06	6.59448e-006	646.22
35.0407	1.14269	-139.952	7.95635	-307.75	-12.5955	69.2389	-5.02209	-20.2461	30.4938	1372.35	1292.55	-89.7167	4973.3	-0.000451137	644.988
35.0413	2.66083	-348.657	6.43264	-218.061	-13.2116	51.534	0.465967	-9.5751	30.4997	1373	1292.87	-89.1146	4974.37	-0.000145967	644.081
35.0420	6.33375	-86.8345	2.16173	-147.872	-15.3479	6.05972	-0.155322	6.92176	30.4938	1374.08	1293.51	-87.5852	4976.2	0.000464373	643.011
35.0427	10.9045	176.557	-1.80894	-85.8975	-10.4591	-60.1493	-3.8054	20.0731	30.4938	1375	1293.91	-86.8205	4976.65	6.59448e-006	642.244
35.0433	14.8712	301.064	-2.41693	-58.4536	-0.0786402	-114.792	3.20999	23.4186	30.4938	1376.35	1295.18	-85.7466	4976.96	-0.000451137	641.477
35.0440	13.3531	275.698	0.938249	-81.3386	3.27667	-119.982	22.4441	19.4386	30.4938	1375.59	1294.55	-85.9093	4976.96	-0.000298575	639.942
35.0447	8.76604	225.657	4.29343	-105.442	-0.0786402	-93.1089	39.2189	13.6705	30.4938	1373	1291.67	-88.3499	4975.13	6.59448e-006	638.733
35.0453	4.48913	195.77	4.60117	-93.5258	-4.35142	-83.3607	46.8555	7.21016	30.4938	1370.84	1289.19	-90.4814	4972.99	0.000311811	638.129
35.0460	0.228537	89.2832	4.60117	-38.9089	-7.10383	-82.4386	49.2889	5.99886	30.4997	1370.25	1287.99	-91.7017	4971.62	6.59448e-006	638.129
35.0467	-2.82407	140.831	4.90892	47.44	-7.71984	-76.3261	50.195	9.05597	30.4938	1370.84	1288.79	-91.3925	4971.77	6.59448e-006	638.268
35.0473	-3.13423	183.841	3.68544	113.657	-6.80238	-76.6423	48.3829	4.49914	30.4868	1371.6	1289.67	-90.1722	4973.3	-0.000145967	636.757
35.0480	-0.99577	-325.802	1.54623	169.809	-5.58345	-78.1704	44.7069	-13.4974	30.4868	1372.24	1289.83	-89.7167	4973.3	-0.000451137	635.222
35.0487	3.57498	-590.387	0.022518	254.984	-3.1325	-65.3396	35.8536	-27.8601	30.4938	1372.84	1289.67	-90.0258	4972.84	-0.000451137	634.153
35.0493	9.99035	-78.6094	-0.285228	291.907	0.825722	-27.2161	25.7835	-23.5917	30.4938	1372.24	1288.79	-90.0258	4973.14	-0.000451137	632.944
35.0500	11.8186	118.542	1.85398	196.079	6.93344	21.0246	34.9475	-11.9977	30.4868	1371.76	1288.15	-89.8794	4973.14	6.59448e-006	632.013
35.0507	8.16205	-67.3077	3.3777	29.7459	9.9873	50.322	55.7089	-5.88349	30.4809	1372.24	1288.79	-89.4238	4973.6	0.000311811	631.246
35.0513	2.97098	41.3767	4.29343	-83.46	8.76838	52.4561	66.9957	-7.7293	30.4868	1372.08	1288.63	-89.7167	4973.45	-0.000145967	630.502
35.0520	-0.99577	154.896	4.60117	-116.14	11.8222	28.349	64.2516	-14.4203	30.4938	1371.16	1287.19	-90.937	4972.08	-0.000145967	629.572
35.0527	-2.22008	-51.1087	4.60117	-21.2148	16.3965	-8.589	50.5056	-15.0548	30.4938	1370.08	1285.84	-92.1573	4971.01	0.000464373	628.968
35.0533	-1.30593	-278.775	3.99319	120.383	14.863	-30.5621	28.8382	-4.38378	30.4938	1369.92	1285.68	-92.4664	4970.7	0.000464373	628.968
35.0540	-0.391778	-285.179	2.76971	132.299	9.06983	-42.7606	12.6588	18.8041	30.4938	1370.84	1285.84	-92.0108	4971.47	0.000311811	627.898
35.0547	0.522371	-215.925	1.24599	99.0326	2.05775	-69.0018	25.4987	42.0497	30.4938	1371.6	1286.31	-90.4814	4973.3	0.000464373	624.992
35.0553	0.832529	-169.839	0.330264	52.6308	-3.74852	-98.9315	50.5056	40.4923	30.4938	1372.35	1287.67	-88.6591	4975.28	0.000464373	622.853
35.0560	-4.65237	-109.124	0.938249	-76.4637	-5.88491	-106.546	41.0569	20.996	30.4997	1373.59	1288.79	-87.8943	4975.74	0.000616981	622.109
35.0567	-10.1536	-27.6263	1.24599	-170.125	-4.66598	-80.3045	-5.64338	12.1131	30.4997	1374.35	1288.87	-88.0408	4975.59	0.000311811	621.643
35.0573	-7.70497	145.415	-0.285228	-150.309	-4.04997	-39.7043	-42.8689	13.6705	30.4938	1374.08	1288.63	-87.8943	4975.89	6.59448e-006	621.039
35.0580	-3.44438	345.329	-0.285228	-83.776	-5.26889	-13.7793	-44.3963	5.99886	30.4938	1373.27	1287.99	-88.4964	4975.28	0.000159203	620.411
35.0587	-2.22008	311.424	0.630503	-42.881	-4.35142	-2.47658	-41.3416	-2.82638	30.4938	1373	1287.19	-88.8055	4974.21	-0.000145967	619.202
35.0593	-0.685612	76.4747	0.022518	-57.2349	-2.83105	5.74356	-49.8843	0.230725	30.4938	1373.16	1287.11	-88.9519	4974.21	6.59448e-006	617.97
35.0600	2.05684	-26.1194	-3.94815	-107.88	-3.1325	6.37588	-57.8317	4.21074	30.4938	1373.75	1287.11	-88.9519	4974.37	0.000159203	617.365
35.0607	6.93774	42.8836	-9.43503	-149.677	-4.35142	4.84778	-69.7397	4.49914	30.4997	1373.43	1286.95	-89.1146	4974.52	-0.000298575	616.156
35.0613	9.68019	48.66	-11.2665	-159.743	-5.26889	19.4965	-76.4444	7.21016	30.4868	1373.27	1287.11	-88.4964	4974.82	-0.000145967	614.784
35.0620	6.93774	9.60642	-7.60357	-130.178	-6.18636	30.7728	-45.9236	9.69046	30.4809	1374.67	1288.31	-87.1296	4976.35	6.59448e-006	613.552
35.0627	0.522371	36.7932	-0.585468	-55.7002	-8.93877	23.1587	11.1314	11.4786	30.4938	1375.1	1288.47	-86.674	4977.26	-0.000145967	612.041
35.0633	-3.13423	-106.361	5.82465	12.9546	-8.93877	30.7728	52.033	12.7476	30.4997	1375.43	1288.31	-86.674	4976.65	-0.000451137	610.808
35.0640	-2.82407	-376.408	7.95635	21.8016	-1.91358	51.2178	48.9783	13.9589	30.4997	1375.59	1288.15	-86.674	4976.65	-0.000756307	610.041
35.0647	-1.90992	-239.721	6.12489	-3.83672	5.41307	47.8718	8.10264	16.0931	30.4997	1373.27	1286.63	-88.2035	4975.74	-0.000298575	609.134
35.0653	-0.0816205	16.6386	3.07746	10.2012	9.37129	19.7863	-25.4729	13.036	30.4997	1371.6	1284.64	-90.1722	4973.14	6.59448e-006	608.669
35.0660	-0.391778	-179.32	3.3777	88.9669	15.7805	-9.80094	-37.3809	1.44203	30.4997	1371.43	1283.84	-90.7905	4972.08	-0.000145967	608.204
35.0667	-1.90992	-387.145	7.04062	159.472	24.0246	-20.1815	-57.2104	-11.3632	30.4938	1371	1283.76	-90.7905	4972.38	-0.000145967	607.158
35.0673	1.43652	-49.2878	7.04062	194.86	27.9959	-2.79274	-95.9633	-14.7664	30.4938	1370.84	1283.6	-90.6441	4973.45	-0.000298575	605.321
35.0680	4.48913	515.607	3.68544	251.915	27.6813	26.8209	-117.346	-11.3632	30.4938	1371.76	1283.28	-90.0258	4973.75	-0.000145967	604.252
35.0687	5.10944	513.473	4.29343	306.532	24.0246	41.7594	-86.5145	-8.6522	30.4938	1372.84	1284	-89.4238	4973.45	-0.000145967	603.787
35.0693	6.62758	19.6524	13.143	284.865	16.095	40.8636	-41.9629	-7.7293	30.4938	1372.84	1284.32	-89.4238	4973.91	-0.000451137	602.578
35.0700	4.48913	-62.7243	21.6923	186.916	8.45382	50.322	-16.3347	-12.2861	30.4938	1372.08	1283.12	-90.0258	4973.3	6.59448e-006	600.88
35.0707	-0.0816205	344.073	21.3846	106.977	6.93344	69.2389	26.7154	-19.6116	30.4997	1371.92	1283.6	-89.8794	4972.69	-0.000298575	599.206
35.0713	-4.96252	553.154	14.9745	117.945	6.63199	53.9842	82.8644	-18.6887	30.4997	1371.6	1283.6	-89.8794	4972.69	-0.000756307	597.997
35.0720	-10.1536	308.975	11.6193	52.9468	2.96211	5.45375	98.4225	-13.8435	30.4997	1370.57	1281.6	-91.0997	4971.92	0.000159203	597.532
35.0727	-14.4305	-114.9	15.5899	-166.469	-0.996109	-24.7658	84.0811	-7.0948	30.4938	1369.49	1280.48	-92.32	4971.01	0.000311811	597.067
35.0733	-12.5859	-285.179	22.6081	-313.889	0.524268	-27.5059	67.9017	5.07595	30.4938	1369.17	1280.4	-92.4664	4970.4	6.59448e-006	595.858
35.0740	3.57498	-135.934	31.4576	-293.713	5.41307	-20.7875	34.9475	7.84466	30.4938	1369.92	1280.64	-91.7017	4971.16	0.000311811	594.486
35.0747	14.5611	-103.913	28.1024	-198.833	5.71452	-28.1118	-4.11604	1.73044	30.4997	1371.43	1282.48	-90.0258	4973.75	0.000464373	592.952
35.0753	-7.10098	-276.954	-2.72468	-116.727	3.87958	-58.9374	-15.7134	6.92176	30.4997	1372.84	1283.28	-88.9519	4974.98	0.000616981	591.742
35.0760	-36.0926	-229.047	-34.46	-102.689	4.19414	-65.6558	-11.7527	18.2273	30.4997	1373.59	1283.44	-88.6591	4974.67	0.000464373	590.673
35.0767	-21.1397	-8.97855	-37.2072	-151.844	-0.393201	-28.7178	-17.5514	20.996	30.4997	1374.08	1283.6	-88.3499	4974.67	0.000464373	589.603
35.0773	21.8906	45.3323	-21.6473	-197.298	-9.85624	-1.5808	-20.8908	20.996	30.4938	1373.59	1283.12	-88.8055	4974.52	0.000769543	588.673
35.0780	32.8767	19.6524	-4.24839	-172.878	-15.3479	-7.66687	-18.4575	19.727	30.4938	1373	1282.64	-89.2611	4974.21	0.000311811	587.627
35.0787	17.9239	33.4027	7.95635	-99.0326	-17.7858	3.92565	-29.1488	14.2473	30.4938	1373	1282.32	-89.1146	4974.06	6.59448e-006	586.557
35.0793	9.0762	67.3077	10.3958	-63.0126	-19.6207	46.9497	-38.5976	5.42204	30.4938	1373	1281.92	-89.1146	4974.21	0.000159203	585.325
35.0800	6.33375	61.7825	5.20916	-73.7102	-19.6207	62.5205	-25.7835	-5.59509	30.4868	1372.35	1281.28	-89.2611	4974.37	0.000311811	584.256
35.0807	4.48913	-26.3706	-0.585468	-70.3249	-19.3062	26.2149	-12.6588	-9.8635	30.4809	1372.68	1280.96	-89.7167	4973.6	6.59448e-006	583.488
35.0813	2.97098	-106.989	-3.33266	-38.5929	-15.9509	-19.2594	-20.8908	-4.96059	30.4868	1373.92	1281.6	-88.6591	4974.06	-0.000756307	581.977
35.0820	2.97098	-148.491	-0.585468	-6.545	-14.7319	-18.0474	-34.9475	-1.90348	30.4868	1374.51	1282.8	-87.276	4976.35	-0.000603745	580.303
35.0827	4.48913	-206.444	3.99319	3.20479	-23.8935	21.6306	-29.4336	-5.59509	30.4809	1375.59	1283.6	-86.3649	4977.42	6.59448e-006	579.373
35.0833	5.4196	-188.424	4.90892	16.6108	-23.2775	59.1745	-27.6215	-11.9977	30.4868	1376.35	1283.6	-85.6002	4977.72	6.59448e-006	578.303
35.0840	6.33375	-110.945	4.29343	128.327	-7.10383	98.8262	-55.683	-18.4003	30.4809	1375.1	1282.64	-86.674	4977.11	0.000159203	577.234
35.0847	6.62758	-180.827	2.46197	329.417	2.96211	130.89	-71.2411	-23.8801	30.4809	1373.43	1280.64	-88.6591	4974.67	-0.000298575	576.629
35.0853	6.02359	-206.444	-0.585468	500.625	2.96211	97.6142	-48.6676	-23.3032	30.4809	1372.35	1278.72	-89.7167	4973.14	-0.000145967	575.862
35.0860	4.48913	31.8958	-2.41693	576.953	0.825722	9.11593	-25.4729	-17.7658	30.475	1371.6	1277.45	-90.7905	4972.53	0.000159203	575.095
35.0867	2.05684	245.811	-6.68784	525.044	-1.31067	-57.1195	-18.7681	-10.1519	30.4691	1371.16	1277.29	-90.6441	4972.23	-0.000145967	573.723
35.0873	0.832529	277.582	-13.7135	442.036	-1.91358	-99.8273	-5.95402	-1.90348	30.475	1371.33	1277.13	-90.1722	4973.3	-0.000298575	571.909
35.0880	1.74668	201.546	-14.3214	393.828	-0.694655	-119.982	27.9321	-0.980582	30.475	1371.76	1277.13	-90.3349	4973.45	6.59448e-006	570.677
35.0887	2.66083	20.9081	-8.5193	200.954	0.222814	-86.1007	59.6696	-13.4974	30.475	1371.92	1277.92	-90.0258	4973.3	-0.000451137	569.305
35.0893	4.79928	-201.295	-4.24839	-77.3664	1.14028	-41.5486	68.2124	-29.0714	30.475	1371.76	1277.29	-89.7167	4974.06	-0.000298575	567.468
35.0900	6.93774	-134.427	-0.893213	-152.747	0.524268	-26.2939	55.9937	-15.0548	30.4691	1371.92	1276.09	-90.0258	4973.45	0.000464373	566.701
35.0907	6.62758	216.49	-1.5012	-125.574	-0.0786402	-6.74473	26.4048	26.4757	30.4691	1372.35	1276.41	-89.7167	4972.99	-0.000145967	565.957
35.0913	3.28114	322.726	-5.47187	-147.24	2.35921	24.6868	-4.73733	44.4723	30.4691	1371.6	1275.37	-90.0258	4973.14	-0.000145967	565.027
35.0920	1.14269	61.4685	-6.99559	-131.667	3.87958	60.9924	-6.23878	39.5694	30.4632	1370.68	1273.37	-91.2461	4971.62	0.000311811	564.12
35.0927	2.05684	-159.479	-4.55614	-150.309	2.35921	107.995	-9.91474	50.5865	30.4632	1369.65	1272.01	-92.32	4970.55	0.000159203	563.051
35.0933	2.05684	-76.4747	-1.5012	-288.838	2.96211	123.249	-80.0945	57.5659	30.4691	1369	1270.57	-93.0847	4970.55	0.000159203	561.818
35.0940	-0.391778	-18.1455	-1.80894	-406.016	5.09851	86.0217	-172.874	41.4152	30.4691	1370.41	1271.21	-91.7017	4971.92	6.59448e-006	560.446
35.0947	-0.685612	-95.0596	-5.77211	-365.121	4.79705	48.4778	-176.239	33.8012	30.4691	1372.24	1273.21	-89.4238	4974.21	6.59448e-006	558.633
35.0953	-0.391778	8.41347	-6.99559	-204.023	4.79705	56.1183	-84.6765	31.0325	30.4632	1373	1273.53	-88.8055	4974.82	0.000159203	556.633
35.0960	-2.82407	153.326	-3.64041	-22.1176	6.93344	83.8876	7.792	6.92176	30.4632	1374.35	1273.53	-88.0408	4974.67	-0.000298575	555.424
35.0967	1.14269	134.113	-1.5012	92.623	7.85091	57.3302	35.8536	-17.4774	30.4632	1374.35	1273.37	-87.5852	4975.59	6.59448e-006	554.052
35.0973	9.68019	99.6431	-5.47187	170.757	8.45382	7.58783	7.792	-20.5345	30.4632	1373	1271.85	-88.4964	4975.43	0.000769543	552.82
35.0980	16.6995	-10.5482	-12.49	249.477	10.2888	9.7219	-17.5514	-15.6316	30.4632	1372.68	1270.73	-89.4238	4973.91	6.59448e-006	551.913
35.0987	25.8574	-239.721	-15.5449	225.374	7.85091	-28.1118	-1.68266	-17.7658	30.4632	1372.84	1270.41	-89.1146	4973.75	-0.000451137	551.006
35.0993	23.1149	-226.912	-10.3508	95.9632	4.19414	-143.773	30.3655	-24.803	30.4632	1372.51	1270.01	-88.9519	4974.37	0.000159203	549.937
35.1000	2.36699	109.375	-0.893213	-50.1934	0.222814	-199.312	49.2889	-35.1856	30.4632	1372.51	1269.37	-89.1146	4974.21	0.000159203	548.867
35.1007	10.5943	320.591	4.90892	-162.497	-4.66598	-154.76	41.6523	-38.8195	30.4632	1373	1268.5	-88.9519	4974.37	0.000159203	547.635
35.1013	42.3447	73.712	2.76971	-165.882	-3.44706	-122.723	36.7855	-22.9572	30.4563	1373.92	1268.34	-88.8055	4974.67	0.000311811	546.426
35.1020	15.7854	-193.949	-2.11669	-24.2391	0.825722	-158.738	69.1184	-3.74928	30.4563	1374.83	1269.06	-87.8943	4975.43	6.59448e-006	544.891
35.1027	-40.9735	-63.0382	0.022518	95.0605	-10.7606	-145.012	111.858	-0.980582	30.4563	1375.59	1269.69	-86.2185	4977.72	-0.000145967	543.357
35.1033	-52.2697	64.859	10.0956	16.024	-33.042	-26.2939	131.066	-6.51799	30.4504	1376.35	1270.17	-85.1446	4978.79	6.59448e-006	542.148
35.1040	-41.8876	-2.57427	23.216	-137.806	-35.7944	87.8396	125.889	-9.5751	30.4563	1375.27	1268.34	-86.9832	4976.2	-0.000298575	540.915
35.1047	-32.436	-5.96477	30.2341	-175	-26.9343	149.491	110.641	-11.9977	30.4563	1373.16	1265.14	-90.1722	4972.69	-0.000451137	539.544
35.1053	-6.49699	107.868	26.5712	-87.4322	-27.5503	130.574	94.7725	-10.7864	30.4563	1371.76	1263.14	-90.937	4971.77	-0.000145967	538.939
35.1060	20.6663	279.089	21.6923	20.5829	-32.4391	29.2447	87.7312	-1.61508	30.4504	1370.57	1262.02	-90.937	4972.08	-0.000145967	538.032
35.1067	18.5278	247.632	24.7398	33.718	-38.8483	-48.5568	74.0111	5.71045	30.4504	1371	1261.86	-90.937	4972.38	-0.000145967	536.963
35.1073	-0.685612	-57.513	31.4576	-18.1454	-39.7526	-54.6692	16.6454	6.92176	30.4563	1371.76	1262.18	-90.0258	4972.69	-0.000145967	535.591
35.1080	-8.32529	-128.651	35.4208	-55.3842	-30.3027	-43.9988	-56.3043	-1.32667	30.4563	1371.92	1262.34	-89.5702	4973.3	-0.000145967	534.521
35.1087	-3.73822	83.7579	27.1867	-123.136	-22.976	-52.219	-74.0111	-16.2661	30.4504	1372.35	1262.02	-89.5702	4973.6	0.000159203	533.15
35.1093	1.74668	154.268	-5.16412	-248.259	-21.7571	-56.1973	-48.0722	-16.5545	30.4504	1372.51	1261.78	-89.4238	4973.75	0.000159203	531.778
35.1100	6.02359	109.689	-41.7859	-346.524	-16.2654	-28.1118	-23.9455	-3.46088	30.4504	1373.16	1261.62	-88.6591	4974.37	-0.000145967	531.01
35.1107	3.88513	10.8622	-43.6173	-302.56	-4.04997	2.39754	0.465967	1.15363	30.4444	1373.59	1261.3	-88.6591	4974.67	-0.000145967	529.778
35.1113	-1.59976	-173.167	-20.7316	-157.306	7.54946	-5.84895	17.8621	0.519132	30.4504	1371.6	1259.47	-90.3349	4973.45	0.000311811	527.337
35.1120	-4.65237	-180.199	-7.30333	-72.1756	12.1237	-24.7658	13.9013	7.21016	30.4504	1369.49	1257.63	-92.0108	4971.62	0.000159203	525.523
35.1127	-7.41114	-52.0505	-3.64041	-66.6687	13.9586	-16.5193	0.465967	13.9589	30.4385	1368.57	1256.11	-92.922	4969.94	-0.000145967	525.198
35.1133	-8.01513	-19.4012	-2.11669	-52.044	18.2314	0.869438	-6.86007	16.3815	30.4444	1368.84	1255.63	-93.0847	4970.09	0.000159203	524.454
35.1140	-5.87667	3.20214	-1.80894	-21.8016	21.8882	12.1721	-9.00869	18.2273	30.4444	1370.68	1256.99	-91.3925	4971.77	0.000311811	522.919
35.1147	-3.73822	56.6339	-2.72468	2.57286	22.8057	33.2231	-10.8208	21.8612	30.4444	1372.68	1258.67	-89.2611	4973.91	0.000159203	521.384
35.1153	-1.90992	-12.9969	-4.55614	56.603	22.1896	56.4081	-10.536	25.2644	30.4444	1373.75	1259.47	-88.0408	4975.43	0.000159203	520.175
35.1160	0.228537	-18.4594	-5.16412	109.414	22.1896	62.2044	-5.95402	23.4186	30.4444	1374.67	1259.95	-87.4388	4976.04	0.000311811	518.804
35.1167	1.14269	210.713	-3.94815	119.796	18.8343	60.6763	1.68266	19.4386	30.4385	1375	1259.79	-87.1296	4976.2	0.000464373	517.269
35.1173	1.43652	105.419	-2.41693	143.584	13.0412	59.7805	6.26466	15.4586	30.4444	1373.75	1258.27	-88.2035	4975.28	0.000311811	515.897
35.1180	3.57498	-367.556	-3.03242	146.337	10.9048	63.7325	4.73733	10.6134	30.4444	1372.84	1256.75	-89.2611	4973.75	6.59448e-006	514.525
35.1187	5.10944	-521.698	-3.94815	45.0025	11.2062	63.4427	0.465967	7.84466	30.4444	1372.84	1256.11	-89.1146	4974.06	0.000159203	513.456
35.1193	3.57498	-428.898	-2.41693	-71.2728	11.8222	46.3437	-3.8054	7.55625	30.4385	1373.16	1255.79	-88.9519	4974.52	0.000464373	512.549
35.1200	4.19529	-260.441	-2.11669	-74.0262	11.5077	44.8156	-7.76611	3.86465	30.4385	1372.84	1255.15	-89.1146	4974.21	6.59448e-006	511.177
35.1207	8.16205	1.38132	-3.33266	38.9089	7.54946	71.0568	-10.536	-2.82638	30.4385	1372.51	1254.43	-89.2611	4974.21	-0.000145967	509.805
35.1213	10.5943	69.1286	-4.55614	149.091	3.27667	92.4239	-11.1314	-2.53798	30.4385	1373.59	1254.59	-88.8055	4974.98	0.000159203	508.736
35.1220	11.5085	8.97855	-3.94815	114.605	3.27667	94.8742	-10.536	4.49914	30.4326	1374.51	1255.31	-87.4388	4976.35	0.000311811	507.038
35.1227	12.1288	72.1423	-1.5012	16.9267	6.31743	61.3086	-8.3874	1.15363	30.4326	1375.59	1255.47	-86.3649	4977.26	6.59448e-006	505.829
35.1233	12.1288	258.055	0.630503	18.7774	6.01597	20.7084	-6.54942	-11.9977	30.4326	1376.18	1255.63	-85.4537	4977.72	0.000159203	504.76
35.1240	8.16205	396.563	0.938249	43.197	1.74319	12.4619	-5.95402	-21.4574	30.4257	1375.27	1254.75	-85.9093	4976.96	0.000159203	503.551
35.1247	10.3005	379.171	0.330264	39.5408	-0.694655	16.1241	-5.33273	-28.4946	30.4326	1373.75	1251.96	-88.3499	4974.37	-0.000603745	502.621
35.1253	21.2866	189.68	-2.11669	48.0719	-0.393201	37.8074	-6.54942	-34.2627	30.4326	1372.51	1249.4	-90.4814	4972.23	-0.000451137	501.551
35.1260	6.02359	-108.496	-3.94815	15.708	-0.996109	58.8583	-10.8208	-30.9172	30.4257	1371	1248.04	-91.2461	4971.77	-0.000298575	499.877
35.1267	-22.968	-169.525	-2.72468	-3.20479	-0.393201	39.9415	-14.4967	-21.169	30.4257	1370.84	1247.56	-90.7905	4972.38	-0.000298575	498.668
35.1273	-26.3308	24.2358	-1.5012	121.918	1.44174	-31.168	-9.60409	-17.189	30.4198	1371.92	1247.72	-90.3349	4973.14	6.59448e-006	497.598
35.1280	-15.6385	118.542	-8.21906	320.886	0.825722	-145.908	-2.5887	-17.189	30.4257	1372.35	1247.72	-89.7167	4973.6	-0.000145967	496.668
35.1287	9.38635	80.9953	-17.0686	374.6	-0.996109	-208.771	-1.96742	-9.5751	30.4257	1372.68	1247.88	-89.1146	4973.91	-0.000298575	495.459
35.1293	29.8241	42.8836	-13.098	251.328	-2.21503	-179.473	-1.06137	-3.74928	30.4257	1372.68	1246.92	-89.1146	4973.75	-0.000145967	493.46
35.1300	8.16205	-42.8836	3.68544	109.414	-6.48781	-139.821	2.30395	-15.6316	30.4198	1372.51	1246.04	-89.4238	4973.91	0.000159203	492.088
35.1307	-21.1397	-187.859	20.7766	0.451379	-11.6781	-112.342	4.73733	-29.3598	30.4198	1373	1246.36	-89.2611	4974.21	0.000464373	491.344
35.1313	-29.6772	-124.695	30.8421	-102.373	-12.897	-63.2055	5.64338	-24.5146	30.4198	1373	1245.24	-89.5702	4973.6	0.000311811	490.414
35.1320	-35.7824	113.707	39.0837	-176.534	-13.2116	-6.74473	9.00869	-12.9206	30.4198	1371.43	1242.53	-90.937	4971.77	6.59448e-006	489.344
35.1327	-36.6966	117.349	52.5119	-193.01	-15.3479	29.2447	15.118	-8.0177	30.4139	1369.92	1240.53	-92.7755	4970.25	0.000159203	487.972
35.1333	-18.3973	-113.393	66.8559	-135.955	-14.129	42.0755	16.9301	-3.11479	30.4139	1369.65	1239.89	-93.0847	4970.55	0.000159203	486.461
35.1340	10.3005	-231.496	71.7423	-41.9783	-5.58345	48.7939	12.9694	4.78755	30.4139	1370.84	1240.53	-91.2461	4972.23	6.59448e-006	484.927
35.1347	26.1675	-168.018	61.977	61.207	4.4956	55.1962	9.91474	8.47915	30.4198	1372.68	1242.05	-89.1146	4974.21	0.000159203	483.09
35.1353	8.45588	-134.741	39.3915	178.972	10.9048	54.5902	10.2254	3.86465	30.4139	1373.75	1242.69	-88.0408	4975.59	0.000464373	481.416
35.1360	-33.3501	-133.234	12.8428	289.47	13.6441	50.6119	5.95402	-6.51799	30.408	1374.83	1243.01	-86.9832	4976.35	0.000464373	480.183
35.1367	-64.4802	-78.2955	-1.20096	269.022	14.5615	21.9204	-1.96742	-16.2661	30.4139	1374.67	1242.53	-87.4388	4975.43	6.59448e-006	478.509
35.1373	-75.1561	-95.6875	-0.585468	-54.4815	12.7266	-44.6048	-8.07676	-14.4203	30.4139	1373.59	1241.17	-88.4964	4974.37	-0.000298575	477.3
35.1380	-80.9512	-191.814	-14.0137	-441.72	6.93344	-83.3607	-11.7527	-1.90348	30.408	1373.59	1240.05	-88.6591	4974.37	6.59448e-006	476.533
35.1387	-85.8321	-239.093	-44.5331	-411.838	-0.0786402	-49.7951	-12.9694	5.99886	30.408	1373.59	1239.17	-88.6591	4974.21	6.59448e-006	474.998
35.1393	-78.8127	-218.939	-67.7266	-59.9883	-1.91358	-0.948478	-13.2801	10.6134	30.402	1373.43	1239.17	-88.9519	4973.91	6.59448e-006	473.789
35.1400	-70.8792	-86.5206	-58.877	156.719	-0.393201	38.7032	-12.9694	20.6499	30.402	1373.16	1239.17	-89.1146	4974.21	-0.000145967	472.557
35.1407	-71.1894	120.991	-20.4238	114.605	0.222814	67.1048	-9.60409	32.2439	30.408	1372.84	1237.97	-88.9519	4974.21	-0.000451137	471.046
35.1413	12.7328	175.301	3.99319	7.4929	0.524268	23.4485	-5.02209	38.6465	30.408	1373.92	1237.97	-88.0408	4975.13	6.59448e-006	469.976
35.1420	156.466	81.3093	-3.64041	-60.2591	1.14028	-46.1329	-1.06137	36.2239	30.402	1375	1239.01	-86.9832	4976.65	0.000159203	468.744
35.1427	151.586	48.346	-20.1161	-97.8139	2.35921	-43.6827	2.5887	31.3209	30.402	1375.75	1239.81	-86.0557	4977.57	-0.000298575	466.93
35.1433	51.7963	120.677	-29.8814	-109.414	2.05775	-2.47658	5.33273	29.8212	30.402	1375.86	1239.49	-85.6002	4977.26	-0.000298575	465.535
35.1440	21.5805	159.73	-35.0755	-137.49	1.74319	31.089	6.26466	28.2638	30.402	1374.83	1237.33	-87.1296	4976.2	-0.000145967	464.326
35.1447	29.514	114.586	-31.4126	-177.437	6.01597	53.3519	5.04797	22.4957	30.3961	1373.16	1234.62	-89.2611	4974.37	-0.000298575	463.256
35.1453	31.3586	106.047	-24.0867	-194.86	9.9873	68.9228	2.30395	16.0931	30.3961	1372.08	1233.1	-90.1722	4972.69	-0.000145967	462.35
35.1460	31.3586	100.836	-25.0025	-173.194	10.2888	99.7483	1.06137	14.5357	30.3892	1370.68	1231.66	-90.937	4972.38	0.000159203	460.513
35.1467	32.2727	26.3706	-30.1891	-110.633	8.76838	134.552	1.9933	13.036	30.3892	1369.92	1230.62	-91.5552	4971.92	0.000464373	458.676
35.1473	31.9626	-11.1133	-30.7971	-50.1934	5.71452	140.638	2.5887	6.92176	30.3892	1371	1231.1	-90.6441	4972.38	0.000159203	457.606
35.1480	29.2201	59.3338	-26.2259	-1.08331	4.79705	120.193	1.68266	2.65334	30.3892	1372.08	1231.42	-89.4238	4973.6	6.59448e-006	456.235
35.1487	26.1675	95.3736	-19.5081	58.7244	5.41307	146.751	-0.155322	-0.403769	30.3892	1372.35	1230.94	-89.4238	4973.75	0.000159203	455.165
35.1493	22.2008	-56.0061	-14.0137	102.102	4.19414	212.67	-1.96742	-5.59509	30.3833	1372.51	1230.62	-89.8794	4972.99	-0.000451137	453.793
35.1500	18.838	-137.504	-16.1529	110.949	1.44174	166.59	-3.20999	-13.8435	30.3833	1372.08	1230.3	-89.4238	4973.45	-0.000603745	451.352
35.1507	15.7854	58.1408	-19.2003	98.4007	0.825722	6.66569	-3.20999	-26.3604	30.3833	1371.76	1228.94	-89.7167	4973.75	0.000311811	450.143
35.1513	12.7328	186.603	-11.5742	79.8039	0.524268	-120.588	-0.155322	-40.3769	30.3892	1372.08	1227.9	-90.6441	4972.53	0.000464373	450.445
35.1520	10.3005	26.6845	1.54623	75.8317	-1.91358	-151.704	4.42668	-43.1456	30.3833	1371.33	1226.63	-91.3925	4971.31	6.59448e-006	449.841
35.1527	7.85189	-88.9693	11.6193	71.5436	-3.44706	-139.821	7.792	-33.9743	30.3715	1369.33	1224.23	-92.4664	4970.7	0.000159203	447.539
35.1533	5.71343	10.5482	13.7585	40.7596	-1.61212	-144.379	6.86007	-25.7259	30.3774	1368.73	1223.03	-92.6128	4970.86	0.000464373	445.4
35.1540	4.79928	151.191	9.48007	5.32628	3.87958	-154.76	1.68266	-20.823	30.3774	1370.41	1223.75	-91.3925	4972.23	0.000311811	444.33
35.1547	3.28114	228.419	4.60117	-7.76372	6.01597	-155.682	-4.11604	-11.9977	30.3715	1372.68	1225.27	-89.4238	4974.06	6.59448e-006	442.819
35.1553	2.97098	197.591	1.24599	-39.2249	0.524268	-147.436	-7.76611	-2.53798	30.3656	1373.75	1226.23	-87.8943	4975.13	0.000311811	440.819
35.1560	5.71343	131.664	-0.585468	-102.373	-6.18636	-129.125	-8.3874	3.28783	30.3656	1374.08	1226.23	-87.7316	4975.74	0.000464373	438.843
35.1567	7.85189	82.565	0.330264	-124.355	-8.32275	-106.256	-6.23878	5.71045	30.3715	1374.19	1225.43	-88.0408	4975.59	0.000311811	437.634
35.1573	7.2479	86.5206	-1.80894	-98.4007	-10.7606	-79.6985	-4.42668	5.99886	30.3656	1373.92	1224.07	-88.6591	4974.82	0.000311811	437.006
35.1580	5.71343	187.545	-3.64041	-61.207	-11.6781	-61.9936	-5.02209	8.76756	30.3587	1373.43	1223.11	-88.6591	4974.37	0.000311811	436.239
35.1587	4.19529	139.952	2.16173	-21.8016	-6.80238	-47.3449	-7.48136	13.9589	30.3656	1373	1222.23	-88.6591	4974.21	6.59448e-006	434.425
35.1593	1.14269	-84.0719	9.48007	-2.88883	0.825722	-19.5755	-7.48136	16.6699	30.3587	1372.68	1221.43	-89.2611	4973.75	-0.000145967	432.89
35.1600	-3.13423	-168.018	11.0113	-15.392	9.68585	1.47541	-6.23878	13.6705	30.3587	1372.68	1221.03	-89.7167	4973.75	-0.000298575	431.681
35.1607	-3.73822	-257.741	8.56434	-35.2527	17.6154	13.3841	-6.54942	4.21074	30.3587	1372.68	1220.23	-89.4238	4974.06	-0.000451137	430.286
35.1613	-2.53023	-394.742	6.74038	-34.35	19.4503	29.2447	-3.49475	-4.38378	30.3527	1373.43	1220.07	-88.3499	4975.13	-0.000298575	428.775
35.1620	-1.30593	-285.179	5.20916	-13.2706	17.3139	30.483	1.37201	-6.1719	30.3468	1374.83	1220.55	-87.1296	4976.5	-0.000145967	427.101
35.1627	-1.30593	-5.02297	3.3777	10.2012	13.9586	11.856	3.83128	-4.96059	30.3468	1376.02	1221.43	-86.2185	4977.42	-0.000298575	425.729
35.1633	-1.30593	149.684	2.76971	35.8395	9.37129	-17.4415	2.5887	-5.59509	30.3468	1376.18	1221.19	-85.9093	4976.96	-0.000451137	424.66
35.1640	-0.0816205	99.3291	1.24599	83.46	1.44174	-51.613	-1.37201	-7.7293	30.3409	1374.51	1218.87	-87.276	4975.28	-0.000603745	423.288
35.1647	0.522371	45.8974	-2.72468	165.25	-7.10383	-61.0715	-4.11604	-5.249	30.3409	1372.35	1216.16	-89.2611	4973.6	-0.000451137	421.916
35.1653	-0.391778	41.6278	-5.47187	247.04	-13.2116	-29.034	-2.27806	2.01885	30.3409	1371.16	1214.48	-90.6441	4972.84	-0.000145967	421.149
35.1660	-0.685612	47.781	-5.47187	323.639	-14.7319	10.644	5.95402	6.92176	30.3409	1371	1213.52	-90.937	4972.53	-0.000298575	420.079
35.1667	0.832529	82.565	-6.3876	374.6	-11.3766	24.3706	11.7527	2.94175	30.335	1371	1213.04	-90.6441	4972.53	-0.000451137	418.405
35.1673	2.36699	87.7135	-6.99559	291.591	-3.44706	26.8209	8.69805	-4.67219	30.335	1371.76	1213.04	-90.1722	4973.3	-0.000298575	417.173
35.1680	2.05684	74.905	-6.68784	185.381	2.35921	35.3572	2.5887	-6.1719	30.3409	1372.51	1212.8	-89.5702	4973.6	6.59448e-006	415.801
35.1687	0.832529	22.7289	-7.91132	188.767	2.35921	38.4134	-0.750724	-2.53798	30.3281	1372.35	1212.32	-89.4238	4973.14	-0.000145967	414.266
35.1693	0.228537	-238.465	-9.74278	117.359	1.74319	33.5392	-0.750724	4.78755	30.3222	1372.51	1212	-89.2611	4974.06	0.000159203	413.197
35.1700	0.522371	-435.617	-10.0505	-80.7066	1.74319	26.5047	1.68266	7.21016	30.3281	1373	1211.68	-88.4964	4974.82	0.000464373	412.15
35.1707	-0.0816205	-214.104	-9.43503	-201.27	0.825722	18.5744	4.73733	0.519132	30.335	1372.68	1210.8	-88.8055	4974.06	-0.000298575	410.151
35.1713	-1.90992	74.3399	-6.07985	-195.176	0.222814	17.3624	7.17071	-0.115363	30.3222	1371.43	1208.81	-90.1722	4972.84	-0.000756307	408.314
35.1720	-4.35853	124.632	1.24599	-146.924	0.524268	14.596	9.62998	4.49914	30.3162	1370.25	1206.09	-91.7017	4971.47	0.000159203	407.407
35.1727	-6.18683	60.9035	10.7035	-111.536	-0.0786402	18.2582	11.1314	4.49914	30.3162	1369.65	1204.65	-92.6128	4970.55	0.000311811	406.64
35.1733	-4.65237	23.0429	14.6742	-134.737	0.222814	40.2313	13.9013	4.49914	30.3162	1369.65	1204.25	-92.6128	4971.01	6.59448e-006	404.966
35.1740	0.228537	35.5375	11.0113	-189.986	2.66066	54.88	16.9301	0.807538	30.3162	1370.68	1203.93	-91.3925	4972.08	0.000159203	403.292
35.1747	5.10944	43.1975	6.12489	-203.392	4.79705	61.9145	19.7	-14.4203	30.3103	1372.35	1204.65	-89.7167	4974.06	0.000159203	401.618
35.1753	6.62758	63.9172	4.60117	-153.063	3.87958	58.8583	31.8928	-28.4946	30.3103	1373.43	1205.13	-88.3499	4975.28	0.000311811	399.781
35.1760	2.66083	77.6676	6.12489	-66.3979	2.66066	28.0328	52.3436	-27.2256	30.3103	1374.35	1204.65	-87.8943	4975.13	0.000464373	398.409
35.1767	-6.18683	-15.3828	8.2641	5.95821	3.57813	8.1938	61.7924	-17.7658	30.3103	1374.19	1203.45	-88.2035	4974.67	-0.000145967	397.037
35.1773	-12.896	-110.003	7.34837	45.0025	5.71452	12.1721	52.3436	-7.7293	30.3044	1373.59	1202.09	-88.0408	4974.82	-0.000145967	395.968
35.1780	-13.5163	-97.1944	3.99319	68.5194	7.54946	-7.98302	39.5295	-0.115363	30.2975	1373.59	1201.3	-88.0408	4974.82	0.000464373	395.2
35.1787	-10.7576	-84.6998	-2.41693	77.0504	5.09851	-46.7389	41.3675	2.01885	30.2916	1373.27	1199.94	-88.6591	4974.37	6.59448e-006	393.666
35.1793	-8.61912	-124.695	-10.3508	25.5029	-0.694655	-54.9854	51.1269	3.57624	30.2916	1373.16	1198.58	-89.1146	4974.52	-0.000145967	392.294
35.1800	-8.32529	-80.4302	-7.30333	-131.983	-6.18636	-35.4362	49.2889	7.55625	30.2916	1372.84	1197.38	-88.9519	4974.67	0.000464373	391.224
35.1807	-8.01513	12.683	1.85398	-261.394	-7.71984	-27.2161	42.5842	6.92176	30.2916	1372.84	1196.26	-88.8055	4974.52	0.000464373	390.015
35.1813	-4.65237	-0.43951	5.20916	-205.558	-5.26889	-34.8302	31.2974	4.21074	30.2916	1374.08	1196.26	-87.8943	4975.28	-0.000298575	388.481
35.1820	-1.59976	6.84379	8.87208	-61.207	-2.52959	-32.0902	1.9933	2.94175	30.2798	1375.27	1196.58	-86.3649	4976.65	-0.000451137	386.667
35.1827	-0.0816205	74.905	20.4688	24.2842	-0.694655	-22.0258	-30.6761	1.73044	30.2857	1375.86	1196.1	-85.7466	4977.42	-0.000298575	385.435
35.1833	0.228537	145.101	37.8677	19.6801	0.825722	-25.688	-45.3023	2.94175	30.2857	1375.75	1194.42	-86.5113	4976.65	-0.000603745	383.761
35.1840	-2.53023	223.522	54.3434	-19.6801	0.222814	-29.034	-46.8297	5.42204	30.2738	1374.19	1192.19	-87.5852	4975.13	-0.000298575	382.226
35.1847	-4.96252	247.946	61.6692	-34.35	-0.694655	-13.4631	-54.4663	9.05597	30.2738	1372.35	1189.71	-89.7167	4973.45	6.59448e-006	381.622
35.1853	-1.59976	185.096	54.0356	-32.1833	-0.393201	-2.18677	-63.0091	12.1131	30.2738	1371.16	1187.15	-90.937	4972.23	-0.000451137	380.413
35.1860	2.66083	-35.2235	24.7398	-21.5308	-0.694655	-15.3074	-53.8709	6.34494	30.2738	1371	1184.84	-90.937	4972.08	-0.000298575	379.017
35.1867	2.97098	-240.035	-5.77211	10.5171	-0.0786402	-40.3367	-40.1249	0.519132	30.2738	1371.16	1183.96	-90.937	4972.38	6.59448e-006	378.111
35.1873	2.36699	-155.775	-14.9294	50.8253	0.222814	-38.2026	-34.6369	6.34494	30.2679	1371.33	1183.16	-90.4814	4972.69	-0.000298575	376.437
35.1880	2.97098	2.00919	-17.6766	67.6166	0.222814	20.7084	-26.0941	13.9589	30.261	1371.43	1181.96	-89.8794	4973.45	-0.000298575	374.46
35.1887	1.14269	31.268	-17.9844	51.7281	-0.0786402	85.0996	-12.6588	8.76756	30.261	1371.76	1180.6	-90.1722	4973.6	0.000311811	373.228
35.1893	-1.59976	44.3905	-16.4531	34.35	-0.0786402	106.467	-20.2954	-10.1519	30.2551	1372.24	1179.08	-90.937	4972.84	0.000311811	372.461
35.1900	-2.22008	83.1301	-18.5923	28.2112	0.222814	102.199	-39.5036	-25.0914	30.2551	1372.24	1177.48	-90.3349	4973.14	-0.000451137	370.647
35.1907	-3.73822	118.856	-13.4057	14.1733	1.14028	93.6359	-35.8536	-19.9001	30.2551	1371.76	1175.97	-89.7167	4973.45	6.59448e-006	368.95
35.1913	-6.49699	121.619	1.24599	7.76372	1.74319	79.9093	-19.6742	-8.6522	30.2492	1371.43	1174.05	-90.6441	4972.38	0.000464373	368.508
35.1920	-10.4637	36.1654	20.7766	27.6244	2.66066	53.0621	-5.33273	-6.51799	30.2492	1370.25	1171.41	-92.0108	4970.86	6.59448e-006	367.438
35.1927	-18.6911	-98.4501	38.7835	73.3943	2.96211	3.60949	8.69805	-10.1519	30.2433	1369.49	1169.01	-92.4664	4970.55	6.59448e-006	366.671
35.1933	-22.0539	-153.075	48.849	121.015	3.27667	-46.7389	12.374	-17.4774	30.2433	1369.92	1167.74	-91.7017	4971.47	0.000616981	366.067
35.1940	-16.2588	-62.7243	39.3915	143.268	3.87958	-59.8595	9.31934	-23.8801	30.2433	1371.33	1167.42	-90.3349	4973.14	0.000311811	364.23
35.1947	-11.3779	71.8912	-2.72468	101.786	3.87958	-40.9426	12.6588	-23.8801	30.2374	1372.84	1167.42	-89.4238	4973.91	-0.000451137	361.928
35.1953	-13.8102	119.798	-46.6723	25.5029	2.66066	-21.3935	18.4575	-14.1319	30.2305	1373.92	1166.86	-88.3499	4974.52	-0.000145967	360.114
35.1960	-20.5357	166.197	-56.7378	42.5651	1.44174	-19.2594	16.6454	1.15363	30.2305	1374.67	1165.74	-87.1296	4975.59	0.000311811	358.882
35.1967	-26.3308	192.694	-38.1229	89.5537	1.14028	-32.6962	10.8467	8.47915	30.2245	1374.51	1163.66	-87.4388	4976.04	6.59448e-006	357.812
35.1973	-29.3834	4.39509	-10.6585	40.1276	1.74319	-47.0287	3.52064	4.78755	30.2245	1373.92	1160.7	-88.3499	4975.43	0.000311811	357.371
35.1980	-29.9874	-152.447	1.85398	-26.0897	0.524268	-40.6265	-13.5648	0.230725	30.2186	1373.59	1158.63	-88.4964	4974.52	6.59448e-006	356.138
35.1987	-31.5218	2.26033	-1.80894	-75.2449	-0.0786402	-6.13876	-26.4048	-1.61508	30.2127	1373.16	1156.63	-88.4964	4974.37	-0.000298575	353.86
35.1993	-29.6772	162.179	-3.64041	-135.324	4.79705	24.9766	-25.4729	-5.59509	30.2068	1372.68	1154.47	-89.2611	4974.06	0.000159203	352.627
35.2000	-26.6246	-133.234	-1.80894	-120.383	7.54946	36.2793	-20.6061	-7.7293	30.2068	1373.16	1152.63	-89.5702	4973.45	-0.000451137	351.558
35.2007	-28.4692	-585.803	0.022518	-25.5029	-0.393201	32.301	-14.1861	-1.32667	30.2068	1372.68	1150.48	-89.2611	4974.06	-0.000298575	349.884
35.2013	-15.6385	-551.271	8.87208	22.7495	-13.8145	21.0246	-13.5648	6.34494	30.1999	1373.27	1148.72	-88.6591	4974.98	0.000159203	348.512
35.2020	14.5611	-222.015	23.824	-29.7459	-24.195	38.4134	-23.0395	12.7476	30.194	1375.1	1148.24	-87.276	4976.2	-0.000298575	346.977
35.2027	35.9293	2.88821	19.2454	-68.8353	-27.2488	89.0779	-34.0156	20.996	30.1881	1375.75	1147.28	-86.5113	4977.26	-0.000145967	345.768
35.2033	34.101	68.1868	-4.55614	-42.2491	-23.2775	125.384	-41.031	24.3415	30.1881	1375.27	1145.04	-86.5113	4976.65	-0.000451137	344.396
35.2040	20.6663	48.346	-23.171	-46.2212	-16.2654	110.419	-44.7069	18.2273	30.1821	1373.59	1141.21	-88.0408	4975.13	-0.000908915	343.327
35.2047	12.4226	82.8789	-35.6835	-61.7938	-8.62421	68.6329	-46.2343	5.42204	30.1762	1372.08	1137.53	-89.8794	4973.6	-0.000298575	343.025
35.2053	7.2479	136.876	-39.0387	-43.197	-1.31067	49.0837	-39.2189	-4.67219	30.1762	1371.6	1134.65	-90.7905	4972.38	0.000159203	341.955
35.2060	-1.90992	87.1485	-27.1342	-15.392	4.79705	46.6599	-20.6061	-6.80639	30.1703	1371	1132.18	-91.0997	4972.08	6.59448e-006	340.723
35.2067	-11.9819	-64.5451	-13.7135	17.5587	7.2349	41.1534	-2.5887	-5.59509	30.1634	1371.33	1130.34	-90.7905	4972.53	-0.000298575	339.653
35.2073	-18.3973	-152.133	-7.60357	14.8052	6.93344	24.3706	7.17071	-6.51799	30.1634	1371.92	1128.66	-90.1722	4973.3	-0.000298575	337.84
35.2080	-22.6578	-137.818	-6.3876	-3.83672	9.06983	-15.5972	10.536	-7.0948	30.1516	1372.08	1127.3	-89.7167	4973.75	-0.000298575	336.305
35.2087	-33.9541	-174.736	-6.68784	61.4779	9.9873	-67.4737	10.536	-8.0177	30.1516	1372.51	1125.94	-88.9519	4974.06	6.59448e-006	335.235
35.2093	-22.968	-278.461	-8.82705	167.687	5.71452	-98.0094	9.31934	-10.1519	30.1457	1372.51	1124.27	-88.8055	4974.21	-0.000145967	333.864
35.2100	14.8712	-276.012	-10.0505	203.076	2.35921	-90.3689	5.64338	-9.22901	30.1397	1372.35	1121.95	-89.7167	4973.3	-0.000451137	332.631
35.2107	29.2201	-100.585	-7.91132	180.823	4.19414	-63.2055	5.04797	-5.88349	30.1269	1372.08	1119.39	-90.3349	4972.53	-0.000298575	331.725
35.2113	20.6663	-84.6998	-6.07985	156.403	5.71452	-34.5404	11.4421	2.65334	30.1269	1371.43	1116.92	-90.6441	4972.23	-0.000145967	330.516
35.2120	14.5611	-196.398	-4.55614	36.1555	3.27667	-21.3935	19.0788	14.8818	30.1269	1370.25	1114.04	-91.5552	4971.31	-0.000145967	329.446
35.2127	14.5611	37.6722	1.24599	-193.642	2.05775	-33.9081	23.3501	19.727	30.1269	1369.17	1111.16	-92.4664	4970.55	6.59448e-006	328.214
35.2133	20.3725	225.657	9.17983	-290.056	6.31743	-29.6399	22.4441	15.8047	30.1151	1369.49	1109.32	-92.32	4971.16	0.000464373	327.005
35.2140	18.838	30.954	14.9745	-146.924	8.45382	4.24181	17.5514	10.9018	30.1092	1371.33	1109.01	-90.6441	4972.69	0.000464373	325.772
35.2147	11.2147	-69.7564	22.3003	99.0326	5.41307	18.8905	10.8467	6.63335	30.1023	1373.16	1108.69	-89.1146	4974.06	0.000311811	324.098
35.2153	7.85189	-185.975	34.2048	295.879	7.54946	28.349	2.89935	4.49914	30.0963	1373.92	1107.49	-88.6591	4974.67	0.000464373	322.726
35.2160	9.0762	-252.53	39.9994	437.161	13.6441	54.5902	-6.54942	11.4786	30.0963	1374.35	1105.81	-88.0408	4975.13	0.000464373	321.192
35.2167	13.043	122.498	22.9083	471.646	12.1237	72.2951	-12.6588	18.2273	30.0904	1374.35	1103.65	-87.5852	4975.59	0.000311811	319.983
35.2173	13.9571	352.298	-13.098	199.419	0.222814	87.5498	-9.29345	5.71045	30.0845	1373.75	1101.25	-88.2035	4975.13	6.59448e-006	318.611
35.2180	11.8186	188.424	-32.9363	-170.125	-10.1577	92.7401	-1.96742	-12.9206	30.0786	1373.16	1099.26	-88.6591	4974.82	6.59448e-006	317.379
35.2187	12.7328	172.853	-28.6654	-287.303	-10.7606	54.274	-0.750724	-17.7658	30.0717	1373	1096.94	-88.8055	4974.82	6.59448e-006	316.309
35.2193	14.8712	244.932	-20.7316	-254.668	-8.93877	9.40574	-4.42668	-15.3432	30.0658	1373.16	1094.7	-88.9519	4974.52	-0.000145967	315.239
35.2200	12.4226	110.003	-5.77211	-185.111	-10.1577	-11.935	-7.76611	-11.9977	30.0658	1372.84	1092.54	-89.1146	4973.75	-0.000298575	313.728
35.2207	6.62758	50.2297	14.3665	-101.47	-10.7606	-51.007	-7.48136	-11.3632	30.0599	1372.68	1090.71	-89.1146	4973.91	6.59448e-006	312.194
35.2213	0.228537	170.153	18.6374	-105.758	-10.1577	-75.7202	-4.73733	-11.7093	30.0599	1373.92	1089.75	-88.2035	4975.43	6.59448e-006	310.659
35.2220	-0.99577	256.171	9.17983	-159.743	-9.54168	-41.8648	-2.89935	-10.1519	30.048	1375.43	1089.35	-86.5113	4976.96	-0.000145967	309.45
35.2227	0.832529	254.664	12.535	-159.156	-6.48781	-13.7793	-3.49475	-9.5751	30.0352	1376.51	1088.39	-85.4537	4977.57	0.000311811	308.683
35.2233	-0.391778	211.027	38.168	-131.397	-1.91358	-39.0984	-2.27806	-11.0748	30.0352	1375.86	1086.15	-86.2185	4977.11	6.59448e-006	307.474
35.2240	-1.30593	176.871	58.0063	-134.737	0.825722	-80.3045	4.73733	-14.1319	30.0352	1374.08	1082.32	-88.2035	4975.13	-0.000451137	305.939
35.2247	-1.90992	143.908	59.8378	-137.49	2.05775	-92.8191	13.9013	-15.0548	30.0293	1371.92	1078.64	-90.0258	4973.45	-0.000145967	304.869
35.2253	-5.27268	116.407	58.6143	-100.251	3.87958	-74.5082	17.5514	-14.4203	30.0234	1370.84	1075.92	-90.7905	4972.69	6.59448e-006	304.265
35.2260	-5.58284	97.5083	51.296	-52.36	4.79705	-44.6048	14.8074	-13.8435	30.0234	1371.76	1074.09	-90.3349	4972.38	-0.000298575	303.498
35.2267	4.79928	71.5773	32.3734	-30.6487	3.27667	-27.5059	11.4421	-11.3632	30.0175	1372.08	1072.41	-89.8794	4972.69	-0.000145967	301.824
35.2273	15.1814	54.4992	22.3003	-33.718	-0.0786402	-29.9561	9.62998	-9.5751	30.0115	1371.33	1070.57	-90.3349	4973.45	0.000159203	300.149
35.2280	9.99035	44.3905	24.4395	-38.277	-2.52959	-29.3501	9.91474	-8.9406	30.0046	1371.92	1069.77	-89.8794	4973.75	-0.000145967	299.08
35.2287	1.74668	30.075	6.43264	-35.5687	-2.52959	-23.2377	12.374	-9.5751	29.9987	1372.68	1069.21	-89.4238	4973.75	6.59448e-006	298.01
35.2293	-0.99577	16.6386	-47.2803	-30.3778	-1.91358	-19.8917	14.8074	-11.0748	29.9987	1372.35	1067.69	-89.4238	4973.75	0.000159203	297.08
35.2300	-0.391778	7.47166	-85.4257	-23.3363	-2.21503	-13.1733	14.8074	-11.7093	29.9987	1372.51	1066.1	-88.9519	4973.75	-0.000145967	295.871
35.2307	16.0956	-0.753445	-68.0343	-16.9267	-4.04997	-2.47658	13.2801	-11.7093	29.9928	1372.51	1064.34	-89.2611	4973.75	6.59448e-006	294.499
35.2313	29.514	-10.2343	-32.9363	-11.465	-6.48781	6.66569	9.91474	-10.4403	29.981	1371.6	1061.86	-90.4814	4972.99	6.59448e-006	293.43
35.2320	12.4226	-13.562	-8.5193	-6.86097	-8.0213	15.2283	6.57531	-6.80639	29.9741	1370.25	1058.98	-91.7017	4971.31	-0.000145967	292.198
35.2327	-8.92928	-16.9525	4.90892	-0.135414	-8.0213	22.8425	5.95402	-2.82638	29.9741	1369.49	1056.67	-92.4664	4970.55	0.000464373	291.454
35.2333	-14.7243	-41.3767	8.56434	20.5829	-6.48781	27.4268	7.792	-0.692176	29.981	1370.57	1056.51	-91.8644	4971.62	0.000769543	291.128
35.2340	-11.6717	-77.6676	13.143	59.3564	-3.74852	28.349	10.8467	2.65334	29.9682	1372.08	1056.83	-90.1722	4973.75	0.000311811	289.012
35.2347	-5.58284	-101.778	25.3552	96.5952	-2.52959	17.9684	11.4421	8.47915	29.9622	1372.68	1055.95	-88.6591	4975.28	0.000159203	286.106
35.2353	-1.90992	-108.81	37.56	112.439	-2.83105	1.79157	8.10264	14.5357	29.9504	1373.43	1055.31	-88.0408	4975.89	0.000464373	285.176
35.2360	0.522371	-116.721	25.9632	109.414	-2.21503	-0.658665	5.95402	18.2273	29.9563	1374.19	1054.51	-87.4388	4976.2	0.000159203	284.571
35.2367	1.43652	-99.6431	-12.49	65.134	-1.61212	3.00351	5.95402	17.3044	29.9563	1373.92	1052.43	-87.7316	4975.59	-0.000298575	283.362
35.2373	0.522371	-25.4916	-43.9251	-16.3399	-1.31067	-7.98302	5.64338	15.4586	29.9435	1373.43	1049.8	-89.1146	4974.06	-0.000145967	281.99
35.2380	-0.685612	23.0429	-43.6173	-63.9153	1.14028	-23.2377	6.86007	14.2473	29.9317	1373.16	1048.28	-89.5702	4973.91	6.59448e-006	281.06
35.2387	-0.685612	-1.38132	-28.9656	-62.4258	2.66066	-19.5755	3.20999	6.34494	29.9317	1373	1046.76	-88.9519	4974.37	0.000159203	279.991
35.2393	-1.30593	-28.8193	-20.1161	-9.29841	2.35921	3.31967	-6.23878	-9.8635	29.9317	1372.84	1044.92	-88.8055	4974.52	6.59448e-006	278.921
35.2400	-1.59976	-16.0107	-16.4531	79.4879	1.44174	27.4268	-6.54942	-22.9572	29.9257	1372.68	1043.08	-88.9519	4974.37	-0.000298575	277.852
35.2407	-1.59976	-5.02297	-14.3214	131.397	-0.0786402	33.2231	0.776611	-25.0914	29.9198	1373	1041.25	-88.8055	4974.52	-0.000145967	276.48
35.2413	-1.59976	-24.8637	-13.7135	122.234	-0.0786402	25.8987	4.11604	-16.9006	29.9198	1374.19	1040.69	-88.0408	4975.59	6.59448e-006	275.41
35.2420	-1.30593	-30.3889	-14.0137	55.0683	1.44174	28.349	4.11604	-7.0948	29.9198	1375.43	1040.21	-86.8205	4976.96	-0.000298575	274.364
35.2427	-1.59976	-12.9969	-13.7135	-16.6108	1.14028	39.9415	3.20999	-1.90348	29.9139	1375.86	1039.09	-85.9093	4977.88	0.000159203	272.829
35.2433	-2.82407	-37.6722	-12.7977	-44.4157	-0.393201	35.9631	-0.155322	-0.115363	29.907	1375.75	1037.01	-86.2185	4977.11	6.59448e-006	271.923
35.2440	-3.73822	-95.3736	-12.49	-50.5093	-0.393201	3.31967	-6.86007	0.807538	29.8952	1374.35	1033.33	-88.2035	4974.52	-0.000908915	271.155
35.2447	-4.04838	-103.599	-11.882	-36.4714	0.222814	-23.5539	-16.0241	2.65334	29.8893	1372.68	1029.02	-89.5702	4973.14	-0.000145967	270.225
35.2453	-3.44438	-80.4302	-11.5742	-15.1212	0.524268	-14.7014	-22.7288	4.49914	29.8833	1371.6	1025.82	-90.3349	4972.84	0.000464373	269.783
35.2460	-2.53023	-105.733	-11.2665	-16.9267	-0.996109	3.60949	-24.2562	4.21074	29.8833	1371.33	1023.59	-90.937	4972.38	-0.000145967	268.551
35.2467	-1.59976	-112.452	-10.6585	-35.8395	-2.83105	13.9901	-21.8228	1.15363	29.8764	1371.6	1021.43	-90.3349	4972.53	-0.000298575	267.179
35.2473	-0.0816205	30.3889	-9.74278	-38.9089	-3.44706	13.3841	-18.7681	-1.32667	29.8646	1372.35	1019.75	-89.7167	4973.45	0.000159203	265.97
35.2480	0.228537	174.109	-6.99559	-13.2706	-3.74852	1.1856	-13.2801	-3.11479	29.8587	1373	1018.55	-89.2611	4974.21	0.000159203	265.203
35.2487	-0.0816205	140.517	-4.24839	20.8989	-4.35142	-2.18677	-6.86007	-6.51799	29.8528	1373.16	1016.87	-88.8055	4974.52	6.59448e-006	263.971
35.2493	-0.0816205	59.9617	-1.80894	55.3842	-4.66598	-5.53279	-3.49475	-9.22901	29.8528	1372.84	1013.76	-89.4238	4973.75	-0.000451137	262.157
35.2500	-0.391778	10.5482	-0.285228	78.9011	-3.44706	-21.1036	-1.06137	-10.7864	29.8459	1373	1011.36	-89.5702	4973.6	-0.000298575	261.529
35.2507	-0.685612	-8.7274	-0.893213	63.6445	-0.0786402	-31.168	0.155322	-11.7093	29.834	1372.84	1009.68	-89.4238	4973.91	0.000159203	260.925
35.2513	1.14269	15.6968	-2.41693	14.1733	3.57813	-27.822	1.68266	-9.22901	29.834	1371	1005.85	-90.3349	4973.14	0.000159203	258.646
35.2520	4.19529	22.7289	-2.72468	-30.6487	4.4956	-11.6452	4.42668	-4.03769	29.8222	1369.49	1001.45	-92.1573	4971.31	0.000311811	257.577
35.2527	4.48913	7.15773	-1.80894	-39.2249	5.09851	6.66569	5.95402	0.807538	29.8163	1369.49	998.816	-92.6128	4970.25	0.000311811	257.414
35.2533	4.48913	1.06738	-0.893213	-25.187	6.31743	15.8343	6.26466	5.07595	29.8094	1370.41	996.978	-91.3925	4971.01	-0.000145967	255.879
35.2540	5.10944	-1.69525	-0.893213	-12.0518	5.41307	30.483	5.64338	8.76756	29.8035	1371.33	994.741	-90.6441	4972.69	6.59448e-006	254.066
35.2547	2.97098	-3.83001	-0.893213	-7.4929	3.87958	54.88	1.37201	10.6134	29.7916	1372.84	993.462	-89.2611	4974.06	0.000159203	252.531
35.2553	-1.59976	-5.02297	0.330264	-12.3678	3.27667	71.373	-3.20999	9.97887	29.7916	1374.19	992.583	-87.7316	4975.59	6.59448e-006	251.159
35.2560	-3.13423	-9.29249	0.938249	-18.7774	3.27667	68.0006	-5.02209	10.9018	29.7857	1374.08	989.706	-87.7316	4976.2	0.000464373	250.09
35.2567	-2.82407	-8.41347	0.022518	-25.187	3.57813	53.0621	-4.42668	9.05597	29.7729	1373.43	985.711	-88.8055	4974.82	0.000922151	249.183
35.2573	-3.13423	0.43951	-0.285228	-25.5029	4.4956	44.8156	-3.49475	4.49914	29.767	1373.59	982.515	-89.4238	4973.6	0.000311811	248.718
35.2580	-2.82407	7.47166	0.938249	-18.1454	4.4956	50.0059	-3.8054	2.36493	29.7611	1373.75	979.798	-89.2611	4973.75	-0.000451137	247.648
35.2587	-2.22008	12.9969	0.938249	-13.2706	4.4956	57.3302	-4.73733	-0.403769	29.7551	1372.84	976.442	-89.4238	4974.06	-0.000298575	245.974
35.2593	-0.99577	19.0873	-0.893213	-12.6838	3.87958	45.7377	-7.17071	-6.51799	29.7482	1372.35	972.926	-89.8794	4974.06	0.000159203	245.811
35.2600	0.522371	23.0429	-1.5012	-14.4893	2.05775	31.3788	-8.3874	-13.209	29.7364	1372.84	970.609	-89.5702	4974.06	0.000159203	245.509
35.2607	-0.391778	21.222	-1.20096	-16.6108	0.222814	30.483	-8.69805	-19.6116	29.7305	1373.27	968.452	-88.8055	4974.98	-0.000145967	243.672
35.2613	-2.22008	13.2481	-1.20096	-15.1212	-0.996109	20.7084	-7.76611	-24.803	29.7305	1374.35	965.895	-87.8943	4976.04	6.59448e-006	241.859
35.2620	-1.59976	4.14395	0.022518	-14.4893	-1.31067	-7.66687	-4.73733	-24.803	29.7177	1375.59	963.018	-87.1296	4976.96	0.000464373	240.626
35.2627	-0.99577	-2.26033	2.16173	-15.708	-2.83105	-46.1329	1.9933	-16.5545	29.7118	1376.18	960.381	-86.3649	4977.42	0.000159203	239.859
35.2633	-0.391778	-19.9663	4.60117	-10.5171	-4.66598	-84.5726	7.48136	-5.59509	29.7118	1375.59	956.706	-86.8205	4976.5	-0.000145967	239.255
35.2640	1.14269	-49.2878	11.6193	0.135414	-4.35142	-108.996	5.33273	2.94175	29.6999	1373.92	951.272	-88.6591	4974.82	-0.000298575	238.348
35.2647	1.14269	-60.5895	21.3846	19.0933	-2.21503	-110.524	0.465967	9.97887	29.6812	1372.08	945.918	-90.937	4972.99	-0.000298575	237.278
35.2653	-0.685612	-45.6462	28.4027	51.7281	-0.393201	-98.6154	-2.5887	11.8247	29.6812	1370.84	941.444	-92.4664	4971.16	-0.000145967	236.674
35.2660	-2.82407	-14.5038	32.3734	81.0226	0.524268	-87.0229	-5.95402	9.05597	29.6753	1370.68	937.688	-92.6128	4971.31	-0.000145967	235.604
35.2667	-4.96252	53.8713	32.0656	95.3764	0.825722	-79.6985	-12.0375	-1.61508	29.6575	1371.33	934.891	-91.5552	4972.69	6.59448e-006	234.535
35.2673	-5.27268	124.632	26.5712	96.9111	0.825722	-67.7898	-17.5514	-19.6116	29.6506	1371.92	931.695	-90.937	4973.6	6.59448e-006	233.465
35.2680	-2.22008	52.9295	24.4395	83.46	0.222814	-46.1329	-18.4575	-26.0143	29.6388	1372.35	927.7	-90.6441	4974.21	-0.000298575	232.233
35.2687	1.43652	-41.9418	20.7766	70.3249	-0.694655	-27.2161	-15.7134	-16.9006	29.6329	1372.51	923.465	-90.6441	4974.37	-0.000298575	231.163
35.2693	1.43652	-33.0888	-0.893213	63.6445	-1.61212	-13.4631	-4.73733	-7.0948	29.627	1372.51	918.91	-90.7905	4974.21	-0.000145967	230.419
35.2700	-0.99577	-125.574	-29.5811	68.2034	-2.83105	6.66569	9.62998	-4.38378	29.6141	1373	914.436	-90.6441	4974.37	-0.000145967	229.489
35.2707	-1.59976	-213.162	-40.2621	103.005	-2.83105	32.9069	12.0634	-4.67219	29.6023	1373	909.881	-90.1722	4974.21	0.000159203	228.885
35.2713	-0.0816205	-124.946	-31.4126	142.997	1.74319	61.9145	5.33273	-6.1719	29.5905	1371.76	904.048	-91.0997	4973.3	6.59448e-006	228.28
35.2720	-0.0816205	-24.8637	-12.49	128.643	4.79705	84.7834	3.83128	-8.6522	29.5776	1369.92	897.496	-92.7755	4971.31	-0.000145967	226.908
35.2727	-3.44438	9.60642	0.630503	54.4815	-0.694655	89.3677	9.31934	-5.249	29.5658	1369.49	891.743	-93.2311	4970.4	0.000464373	225.978
35.2733	-5.27268	37.1072	0.330264	-5.05545	-5.58345	83.5715	13.5907	0.519132	29.5599	1370.41	887.588	-92.4664	4971.31	0.000464373	225.211
35.2740	-4.04838	60.9035	-3.94815	-19.3642	-4.96744	80.2254	13.9013	2.65334	29.5471	1371.92	884.871	-90.937	4973.45	6.59448e-006	223.7
35.2747	-4.04838	50.4808	-7.30333	14.8052	-4.96744	77.1692	13.9013	5.71045	29.5352	1373.43	881.834	-89.1146	4975.43	0.000311811	222.328
35.2753	-5.27268	27.9402	-8.5193	60.8911	-5.26889	58.2524	12.6588	6.34494	29.5224	1374.83	877.839	-87.8943	4976.2	0.000464373	221.398
35.2760	-5.87667	10.8622	-6.68784	59.3564	-4.66598	10.0381	9.62998	5.71045	29.5106	1375.1	873.684	-87.8943	4976.35	0.000159203	220.328
35.2767	-5.27268	22.101	-5.16412	33.1312	-4.04997	-30.8782	7.792	5.07595	29.4988	1373.92	868.25	-88.8055	4975.59	6.59448e-006	219.259
35.2773	-2.53023	111.51	-3.03242	21.2148	-0.694655	-42.7606	6.57531	1.44203	29.4859	1373	862.417	-90.0258	4973.91	0.000311811	218.515
35.2780	0.832529	191.814	1.54623	62.4258	3.57813	-47.9508	3.83128	-1.61508	29.48	1373.43	858.342	-90.7905	4973.14	6.59448e-006	217.747
35.2787	2.36699	80.4302	5.82465	135.324	5.71452	-47.0287	1.06137	-8.6522	29.4682	1373.16	854.187	-90.6441	4973.6	-0.000298575	216.073
35.2793	2.36699	-47.467	6.43264	163.399	7.54946	-40.0205	0.465967	-18.1119	29.4623	1372.08	848.834	-91.0997	4974.21	6.59448e-006	214.701
35.2800	3.57498	102.406	3.3777	166.153	9.9873	-23.2377	1.06137	-17.189	29.4495	1372.24	844.119	-92.0108	4973.45	6.59448e-006	214.539
35.2807	5.10944	247.067	7.95635	163.715	10.2888	7.90399	1.06137	-9.8635	29.4376	1372.84	841.083	-91.3925	4973.91	-0.000451137	213.771
35.2813	5.71343	34.9724	27.4869	136.587	8.15237	35.9631	-0.155322	-12.5745	29.4248	1374.08	838.286	-89.8794	4975.89	6.59448e-006	212.702
35.2820	6.93774	-210.399	38.7835	61.207	6.01597	55.5123	-1.96742	-22.0343	29.4189	1375.43	835.409	-88.6591	4977.11	0.000311811	211.632
35.2827	6.33375	-133.485	25.0475	-85.5815	4.19414	55.8021	-3.8054	-22.6688	29.407	1376.18	831.734	-87.5852	4977.72	0.000464373	211.028
35.2833	1.74668	38.3001	9.48007	-212.87	2.35921	35.6733	-4.11604	-15.0548	29.3942	1375.75	827.339	-88.0408	4977.88	0.000464373	210.725
35.2840	-1.30593	69.1286	18.3296	-243.068	0.222814	14.3062	-1.06137	-6.80639	29.3883	1373.59	820.947	-90.0258	4975.74	-0.000298575	209.354
35.2847	-0.391778	51.4226	39.6992	-216.211	-0.694655	-8.589	2.89935	-0.403769	29.3765	1371.6	814.474	-91.8644	4973.45	-0.000451137	208.121
35.2853	0.228537	41.6278	49.4645	-191.204	-1.31067	-35.1464	3.83128	4.49914	29.3706	1371.16	809.44	-92.6128	4972.23	-0.000451137	208.284
35.2860	-0.99577	-5.02297	34.2048	-220.815	-0.694655	-34.8302	5.33273	8.13306	29.3577	1370.84	805.525	-91.8644	4972.69	-0.000298575	207.982
35.2867	-0.391778	-27.6263	-2.41693	-248.575	-0.0786402	-14.9912	9.00869	8.76756	29.3459	1371.43	801.849	-90.937	4973.3	6.59448e-006	206.749
35.2873	2.97098	-4.14395	-42.7016	-198.201	-0.393201	-11.6452	11.1314	8.13306	29.34	1372.35	798.493	-90.4814	4973.3	0.000311811	205.68
35.2880	5.4196	-22.101	-78.4076	-126.476	-0.996109	-14.9912	12.9694	10.9018	29.3341	1372.51	795.617	-89.8794	4973.6	6.59448e-006	204.773
35.2887	7.54173	-88.0275	-88.1729	-86.8002	-0.996109	-10.4069	15.4287	15.4586	29.3213	1372.08	792.42	-89.8794	4973.91	-0.000298575	203.401
35.2893	8.16205	-108.182	-56.4376	-84.092	-0.694655	-2.18677	17.5514	18.5157	29.3153	1372.51	789.624	-90.3349	4973.6	-0.000145967	202.797
35.2900	4.79928	-55.3782	-24.3945	-103.908	-1.31067	10.644	18.1727	18.8041	29.3094	1373.75	787.946	-89.7167	4973.75	-0.000145967	202.634
35.2907	-0.391778	-8.41347	-15.2372	-109.414	-0.996109	18.2582	17.2408	17.016	29.2966	1373.16	784.75	-89.7167	4973.6	6.59448e-006	201.425
35.2913	-8.92928	-0.125574	-14.3214	-90.5015	1.14028	7.27167	13.9013	16.3815	29.2907	1370.68	780.195	-91.3925	4972.08	0.000311811	200.355
35.2920	-18.0871	-3.20214	-17.3689	-71.8596	2.05775	-9.80094	10.8467	17.016	29.2848	1369.76	776.999	-92.1573	4970.7	6.59448e-006	199.89
35.2927	-20.2256	-10.2343	-21.9475	-63.6445	0.825722	-22.9216	9.31934	17.3044	29.2789	1369.92	774.522	-92.4664	4970.86	0.000311811	199.425
35.2933	-15.3446	-18.1455	-23.171	-56.9189	-0.996109	-30.8782	5.33273	19.4386	29.266	1370.57	773.323	-91.8644	4972.38	0.000769543	198.658
35.2940	-10.4637	-21.222	-21.3395	-43.4678	-0.694655	-25.688	-2.27806	23.707	29.2601	1372.35	772.364	-90.0258	4973.91	0.000159203	197.286
35.2947	-8.92928	-23.6707	-17.6766	-18.7774	0.222814	-13.4631	-6.23878	22.7841	29.2601	1374.08	771.965	-88.4964	4975.43	0.000159203	196.217
35.2953	-5.58284	-20.2802	-13.7135	2.57286	-0.694655	-6.13876	-6.54942	15.1702	29.2542	1374.67	771.485	-87.4388	4976.5	0.000616981	195.473
35.2960	-2.53023	-7.7856	-8.5193	13.9025	-2.21503	3.60949	-6.54942	11.1902	29.2424	1374.51	769.168	-87.276	4976.2	0.000616981	194.403
35.2967	-2.82407	4.70903	-2.72468	23.9682	-2.21503	15.2283	-5.33273	9.97887	29.2365	1374.19	766.132	-87.7316	4975.59	0.000311811	193.473
35.2973	-1.90992	11.4272	-2.11669	28.2112	-2.52959	13.9901	-5.02209	4.21074	29.2295	1373.59	763.415	-88.3499	4975.28	-0.000298575	192.566
35.2980	0.228537	13.562	-3.64041	28.2112	-2.83105	9.40574	-5.95402	1.15363	29.2236	1373	761.257	-88.9519	4974.37	-0.000145967	191.799
35.2987	-0.0816205	12.683	-1.5012	11.465	-2.21503	10.9338	-5.95402	2.36493	29.2177	1373	759.579	-88.8055	4974.37	0.000464373	191.194
35.2993	-0.391778	9.60642	7.95635	-18.1454	-1.31067	3.60949	-4.73733	-3.74928	29.2118	1372.84	757.422	-89.1146	4974.21	0.000311811	190.729
35.3000	-2.53023	5.65084	17.7217	-14.8052	1.44174	-9.19497	-3.20999	-9.8635	29.2059	1372.35	755.344	-89.2611	4974.06	6.59448e-006	190.288
35.3007	-6.49699	-7.47166	23.824	13.5865	3.87958	-11.6452	-4.42668	-6.51799	29.2059	1373.16	753.906	-88.8055	4974.82	6.59448e-006	189.218
35.3013	-8.92928	-21.8499	39.9994	23.9682	4.19414	-4.92682	-5.02209	-2.82638	29.1931	1375	753.347	-87.7316	4975.89	6.59448e-006	188.288
35.3020	-9.84343	-18.1455	39.9994	14.8052	3.57813	7.90399	-2.5887	-4.96059	29.1871	1375.59	752.548	-86.674	4977.57	-0.000451137	187.218
35.3027	-11.9819	-19.4012	5.82465	-3.83672	2.66066	16.7301	-0.465967	-9.8635	29.1871	1375.43	750.31	-87.1296	4977.42	-0.000298575	186.149
35.3033	-11.9819	-42.5696	-13.7135	-11.1491	2.05775	13.3841	1.06137	-11.9977	29.1812	1375.1	747.194	-88.0408	4976.04	-0.000145967	185.544
35.3040	0.832529	-59.3338	2.46197	21.8016	2.35921	4.24181	1.9933	-10.1519	29.1753	1374.08	744.317	-88.9519	4975.28	-0.000603745	185.847
35.3047	19.1482	-69.1286	23.5238	80.4358	2.05775	0.869438	2.30395	-5.88349	29.1684	1372.35	740.482	-90.7905	4973.3	-0.000145967	185.405
35.3053	20.3725	-79.8024	30.8421	136.271	1.14028	5.45375	1.68266	1.15363	29.1625	1370.25	736.407	-92.32	4972.08	0.000311811	183.568
35.3060	7.2479	-85.5788	28.4027	173.781	1.14028	10.644	1.9933	6.34494	29.1566	1369.92	734.409	-92.32	4972.23	6.59448e-006	183.266
35.3067	-0.0816205	-79.4884	31.4576	158.84	0.825722	-3.71487	3.83128	5.42204	29.1507	1371.6	734.09	-91.2461	4972.84	-0.000145967	183.266
35.3073	2.36699	-5.96477	38.4757	71.2728	-0.0786402	-43.6827	5.04797	1.73044	29.1507	1372.24	732.731	-90.4814	4973.75	0.000159203	182.196
35.3080	4.79928	103.599	30.5419	-41.6623	-0.996109	-67.1839	4.73733	-0.692176	29.1447	1372.35	730.414	-90.3349	4974.06	6.59448e-006	181.568
35.3087	4.79928	119.17	11.3115	-124.355	-1.61212	-47.9508	3.83128	-2.82638	29.1319	1372.84	728.336	-90.3349	4974.06	0.000159203	181.127
35.3093	3.88513	70.6355	-7.30333	-135.955	-1.31067	-19.2594	2.5887	-3.11479	29.126	1373	725.859	-90.3349	4973.91	0.000159203	180.359
35.3100	2.66083	43.5114	-37.2072	-61.207	-0.393201	-4.92682	1.37201	1.15363	29.126	1372.84	723.143	-90.1722	4974.21	-0.000145967	179.127
35.3107	2.97098	26.3706	-52.1592	36.7874	0.524268	-2.47658	-1.68266	7.55625	29.1201	1372.51	720.346	-90.4814	4974.21	6.59448e-006	179.127
35.3113	3.88513	11.7412	-33.244	100.567	0.524268	-2.47658	-3.49475	9.05597	29.1142	1371.76	716.83	-91.8644	4972.38	0.000159203	179.592
35.3120	3.88513	17.8315	-23.171	123.452	-0.0786402	2.39754	-2.5887	5.07595	29.1083	1369.76	712.435	-93.2311	4970.55	-0.000145967	177.755
35.3127	3.28114	26.3706	-24.0867	123.452	-1.91358	5.13759	-2.27806	5.71045	29.1083	1368.41	708.919	-93.8494	4970.25	0.000159203	176.081
35.3133	1.74668	15.6968	-14.0137	104.81	-4.96744	5.13759	-2.5887	14.2473	29.0954	1369.76	707.561	-92.7755	4971.16	6.59448e-006	175.639
35.3140	0.832529	8.97855	-8.82705	20.3121	-6.18636	10.9338	-2.27806	21.5728	29.0836	1371.76	707.561	-90.7905	4973.14	-0.000298575	174.872
35.3147	2.36699	17.2664	-10.3508	-98.7167	-4.66598	18.2582	-2.89935	18.5157	29.0836	1373.59	707.401	-88.9519	4974.82	0.000159203	174.57
35.3153	3.57498	24.2358	-3.94815	-138.077	-3.1325	20.3923	-3.8054	13.036	29.0777	1374.51	706.043	-88.0408	4976.04	0.000464373	173.64
35.3160	3.57498	23.0429	10.0956	-108.782	-1.31067	21.3144	-4.42668	9.34437	29.0708	1374.08	703.406	-87.8943	4976.2	0.000159203	172.733
35.3167	3.28114	22.415	17.7217	-71.5436	0.524268	17.6522	-4.73733	2.94175	29.0649	1373.59	700.529	-88.4964	4975.28	0.000159203	172.268
35.3173	2.66083	31.268	12.8428	-25.7738	3.57813	10.644	-4.11604	-5.59509	29.0589	1373.16	697.813	-88.9519	4974.67	0.000159203	171.803
35.3180	2.36699	39.4931	5.51691	13.9025	6.01597	12.4619	-2.27806	-6.1719	29.053	1373.16	695.336	-88.9519	4974.82	0.000311811	171.501
35.3187	3.28114	36.7932	3.68544	31.9125	6.93344	21.0246	-1.96742	1.15363	29.0471	1373.43	693.338	-88.8055	4974.52	0.000311811	171.198
35.3193	3.57498	33.0888	3.68544	36.4714	5.71452	25.2928	-1.37201	5.42204	29.0343	1373.43	691.26	-88.9519	4974.37	0.000159203	170.757
35.3200	3.28114	27.3124	3.99319	26.9925	3.87958	14.596	2.5887	3.57624	29.0284	1373	688.464	-89.2611	4974.52	-0.000298575	170.292
35.3207	1.74668	1.38132	5.20916	3.83672	2.96211	-2.79274	7.17071	0.519132	29.0225	1373.59	686.786	-88.3499	4975.28	-0.000145967	169.524
35.3213	1.74668	-23.6707	3.3777	-32.4993	2.96211	-10.1171	5.64338	-2.24957	29.0106	1374.83	686.067	-86.8205	4976.35	0.000159203	168.455
35.3220	3.57498	-13.562	0.330264	-69.7381	2.96211	-18.0474	2.89935	-3.74928	29.0037	1375.86	684.548	-86.2185	4977.42	-0.000145967	167.548
35.3227	4.48913	11.1133	0.022518	-78.9011	2.96211	-26.2939	15.118	-6.1719	28.9978	1376.18	682.071	-85.9093	4978.03	6.59448e-006	166.92
35.3233	2.97098	20.9081	-0.285228	-63.6445	2.96211	-22.0258	39.5295	-7.44089	28.9919	1375.43	678.875	-86.8205	4976.65	6.59448e-006	166.781
35.3240	1.14269	15.1317	-0.893213	-42.5651	3.57813	-15.3074	54.4663	-5.249	28.9919	1373.59	674.88	-88.3499	4974.21	-0.000145967	166.781
35.3247	0.522371	8.41347	-0.585468	-23.9682	5.71452	-15.3074	59.9803	-2.53798	28.9801	1372.24	671.044	-89.7167	4973.14	-0.000298575	166.478
35.3253	0.522371	5.65084	0.022518	-16.9267	7.2349	-14.3853	67.3063	-1.61508	28.9732	1371.33	668.008	-90.7905	4972.99	-0.000145967	165.874
35.3260	1.14269	-2.88821	0.022518	-14.8052	6.31743	-8.90516	70.3351	-1.32667	28.9672	1371.43	665.611	-90.6441	4972.99	6.59448e-006	165.548
35.3267	2.05684	-1.06738	-0.285228	-11.465	3.27667	-4.00469	65.779	-1.32667	28.9554	1372.08	663.294	-90.0258	4973.45	6.59448e-006	164.642
35.3273	1.43652	25.4916	-0.893213	-8.98245	-1.61212	-1.26464	60.5757	-1.90348	28.9495	1372.35	661.136	-89.7167	4974.06	6.59448e-006	163.735
35.3280	1.14269	57.199	-1.5012	-6.545	-5.88491	1.79157	47.1662	-2.24957	28.9495	1372.68	659.298	-89.2611	4974.06	-0.000145967	163.27
35.3287	2.05684	70.6355	-1.5012	-2.88883	-8.0213	4.24181	13.2801	-1.90348	28.9367	1372.35	656.901	-89.5702	4973.6	6.59448e-006	162.502
35.3293	1.43652	96.0014	-1.5012	-0.767345	-8.62421	5.74356	-17.5514	-0.403769	28.9367	1372.08	653.865	-90.1722	4973.6	-0.000145967	161.596
35.3300	-0.391778	105.733	-0.285228	0.451379	-7.71984	7.27167	-39.2189	0.807538	28.9308	1372.35	651.707	-90.3349	4973.91	-0.000451137	160.828
35.3307	-0.0816205	-33.4027	-0.285228	-0.135414	-5.26889	9.11593	-68.8078	0.807538	28.9189	1371.43	648.99	-91.0997	4973.14	6.59448e-006	160.526
35.3313	1.14269	-180.827	-2.41693	-0.767345	-0.694655	10.3279	-97.4906	0.519132	28.9189	1370.41	645.475	-92.1573	4971.77	0.000159203	160.991
35.3320	1.14269	-132.92	-3.94815	1.6701	4.79705	9.7219	-113.359	-0.692176	28.912	1370.25	642.518	-92.922	4971.16	6.59448e-006	161.131
35.3327	1.14269	-34.9724	-4.24839	5.64224	8.45382	8.79977	-103.289	-1.32667	28.9002	1370.08	640.121	-93.3776	4970.7	0.000159203	160.061
35.3333	1.74668	-5.02297	-3.64041	8.07969	9.68585	8.1938	-71.8624	-1.61508	28.9002	1370.57	638.763	-92.922	4971.62	6.59448e-006	159.154
35.3340	2.66083	0.125574	-1.5012	9.61438	8.45382	6.98185	-40.1249	-2.53798	28.8943	1372.51	638.283	-91.0997	4974.21	0.000311811	158.689
35.3347	2.97098	3.51608	0.330264	10.2012	5.41307	6.66569	-15.7134	-3.74928	28.8824	1374.08	637.644	-89.2611	4976.04	0.000464373	157.62
35.3353	2.36699	3.20214	0.938249	10.5171	3.27667	7.27167	-7.48136	-2.82638	28.8824	1374.67	636.765	-88.4964	4975.89	-0.000298575	156.852
35.3360	0.832529	-0.43951	5.51691	11.465	3.57813	5.74356	-12.0375	-0.980582	28.8755	1374.35	634.128	-88.9519	4975.43	-0.000756307	156.411
35.3367	-0.685612	-5.02297	14.3665	13.9025	4.19414	-0.948478	-16.0241	-0.115363	28.8696	1373.92	630.532	-89.7167	4975.43	-0.000145967	155.783
35.3373	-0.685612	-8.09953	18.6374	14.8052	3.57813	-11.0392	-20.2954	-0.692176	28.8637	1373.75	627.896	-90.0258	4974.98	0.000311811	156.108
35.3380	-0.391778	-8.41347	15.8902	13.5865	2.05775	-14.0691	-27.0002	-1.61508	28.8578	1373.27	624.859	-90.3349	4974.67	0.000159203	155.643
35.3387	-0.391778	-6.84379	11.3115	12.9546	1.74319	-8.90516	-30.9609	-0.692176	28.8519	1373.43	621.823	-90.3349	4974.82	-0.000145967	154.876
35.3393	-0.0816205	-4.70903	7.95635	12.6838	1.44174	-2.47658	-30.6761	0.807538	28.845	1373.16	619.346	-90.3349	4974.21	-0.000451137	154.411
35.3400	0.832529	-4.70903	4.90892	12.9546	-0.0786402	4.24181	-24.8774	2.36493	28.839	1372.24	616.629	-90.4814	4973.75	-0.000451137	153.667
35.3407	2.05684	-5.65084	2.46197	13.2706	-0.393201	9.40574	-17.8362	4.49914	28.8331	1373	614.631	-89.4238	4975.43	6.59448e-006	153.342
35.3413	2.66083	-4.39509	1.54623	10.5171	-0.694655	9.7219	-22.4182	5.07595	28.8272	1374.67	613.592	-88.2035	4976.65	6.59448e-006	152.737
35.3420	3.28114	-1.69525	0.938249	7.76372	-1.31067	6.98185	-30.9609	3.28783	28.8213	1375.1	611.755	-87.5852	4976.96	-0.000298575	151.226
35.3427	4.19529	-0.753445	-0.285228	6.86097	-1.61212	4.84778	-28.5275	1.15363	28.8213	1374.83	608.638	-87.4388	4976.96	0.000159203	150.9
35.3433	5.4196	-2.88821	-1.20096	6.27417	-2.21503	4.84778	-21.5121	-0.980582	28.8144	1374.67	605.762	-88.4964	4975.43	-0.000145967	151.528
35.3440	5.4196	-7.15773	-0.585468	4.73948	-3.1325	8.50996	-11.7527	-2.53798	28.8085	1373.27	601.846	-90.0258	4974.21	-0.000908915	151.528
35.3447	4.48913	-9.29249	0.022518	4.42352	-3.1325	15.5182	3.83128	-1.61508	28.8085	1371.6	597.212	-90.937	4973.45	-0.000298575	151.667
35.3453	3.28114	-9.60642	-0.585468	5.32628	-2.52959	17.6522	12.9694	-0.403769	28.7907	1371.16	593.536	-91.3925	4972.38	-0.000145967	151.365
35.3460	2.97098	-9.60642	-2.11669	5.32628	-3.44706	15.8343	11.4421	-0.980582	28.7848	1370.84	590.66	-91.2461	4972.53	-0.000603745	150.598
35.3467	2.66083	-5.3369	-2.41693	5.64224	-4.66598	14.9122	11.7527	-0.403769	28.7848	1371.6	588.502	-90.6441	4973.14	-0.000603745	150.296
35.3473	1.43652	3.83001	-0.893213	6.27417	-6.18636	10.644	18.1727	0.230725	28.7779	1372.24	586.425	-90.0258	4973.3	-0.000298575	149.831
35.3480	0.228537	11.4272	-0.285228	5.95821	-7.40528	4.24181	21.8228	-0.692176	28.7661	1372.51	584.267	-89.2611	4974.37	-0.000145967	149.993
35.3487	0.522371	13.2481	-1.20096	5.95821	-6.18636	1.79157	19.7	-1.32667	28.7602	1373.43	581.79	-88.9519	4974.82	6.59448e-006	150.296
35.3493	0.832529	8.7274	-0.893213	5.95821	-4.66598	1.1856	14.1861	-1.90348	28.7602	1373	578.194	-89.8794	4973.6	6.59448e-006	149.389
35.3500	0.228537	5.02297	1.24599	5.05545	-4.35142	-0.0526932	10.536	-1.61508	28.7542	1371.92	575.398	-90.1722	4973.14	6.59448e-006	148.784
35.3507	0.522371	5.96477	3.99319	4.42352	-4.35142	-0.948478	12.374	-0.692176	28.7414	1371.43	572.361	-90.7905	4972.99	-0.000145967	148.157
35.3513	0.832529	6.52986	4.60117	4.10755	-4.35142	-1.26464	14.4967	-0.115363	28.7296	1370.57	568.046	-92.32	4971.77	0.000159203	148.017
35.3520	0.832529	6.27871	3.99319	5.05545	-3.74852	-0.948478	11.1314	0.807538	28.7296	1369.76	564.611	-93.0847	4971.16	0.000159203	148.157
35.3527	0.522371	4.39509	3.3777	6.86097	-3.44706	0.263466	6.86007	2.01885	28.7168	1369.76	561.494	-93.5403	4971.01	0.000159203	147.389
35.3533	-2.53023	1.69525	3.68544	7.17693	-5.26889	1.1856	4.73733	3.57624	28.7049	1370.57	559.257	-93.2311	4972.23	0.000159203	146.785
35.3540	-6.79082	1.69525	4.90892	7.4929	-6.80238	3.60949	2.89935	5.07595	28.699	1372.35	558.138	-91.5552	4974.21	6.59448e-006	146.343
35.3547	-8.01513	2.26033	4.29343	8.39565	-5.26889	6.98185	2.5887	5.99886	28.699	1373.75	556.78	-90.0258	4975.59	6.59448e-006	145.878
35.3553	-5.58284	2.26033	2.46197	8.39565	-0.694655	7.58783	3.83128	5.71045	28.6862	1374.35	554.223	-89.7167	4976.04	0.000311811	145.273
35.3560	-4.35853	4.39509	1.24599	7.4929	2.35921	3.92565	4.42668	6.34494	28.6684	1374.51	550.228	-90.0258	4975.89	0.000159203	145.111
35.3567	-6.79082	6.84379	0.630503	6.86097	2.66066	-0.342506	5.04797	7.21016	28.6625	1373.92	545.993	-90.3349	4975.28	0.000159203	145.111
35.3573	-8.01513	7.7856	0.630503	6.27417	2.66066	-2.79274	8.10264	8.13306	28.6625	1373.16	541.997	-90.7905	4974.67	6.59448e-006	144.646
35.3580	-8.32529	7.15773	0.022518	4.73948	2.35921	-2.79274	12.0634	7.55625	28.6566	1372.51	537.443	-91.2461	4974.06	0.000159203	143.902
35.3587	-9.54959	7.47166	0.022518	0.767345	1.44174	-0.658665	13.5907	4.78755	28.6438	1372.84	533.448	-91.7017	4973.6	-0.000145967	143.576
35.3593	-5.27268	8.09953	0.630503	-3.52076	1.74319	0.579626	12.9694	1.15363	28.632	1372.84	530.091	-91.8644	4973.45	-0.000451137	143.134
35.3600	7.2479	7.15773	0.630503	-3.83672	1.44174	-2.18677	11.7527	-1.32667	28.626	1372.35	525.377	-91.7017	4973.6	0.000464373	142.832
35.3607	12.4226	5.65084	0.630503	-1.35414	1.14028	-3.39871	10.2254	-4.67219	28.6132	1373.59	522.021	-91.0997	4974.21	0.000159203	142.669
35.3613	6.33375	5.02297	0.330264	0.451379	0.524268	-2.18677	7.792	-8.0177	28.6073	1374.67	520.023	-89.4238	4976.2	-0.000603745	141.46
35.3620	2.36699	4.39509	0.022518	1.08331	0.222814	-2.47658	6.26466	-7.7293	28.6073	1375	516.188	-88.3499	4976.96	-0.000145967	141.46
35.3627	2.66083	3.83001	0.330264	1.6701	1.44174	-4.92682	7.48136	-5.88349	28.6014	1375.43	511.953	-88.6591	4976.5	-0.000298575	141.6
35.3633	2.66083	2.57427	-0.585468	3.20479	4.19414	-5.24298	9.00869	-3.11479	28.5827	1374.83	507.958	-88.9519	4976.35	-0.000451137	141.762
35.3640	2.36699	1.69525	-1.5012	5.05545	6.31743	-1.87061	9.91474	-0.115363	28.5767	1373.43	502.764	-90.3349	4975.13	6.59448e-006	142.204
35.3647	0.522371	2.26033	-0.585468	5.32628	7.85091	-0.948478	10.2254	-1.32667	28.5649	1371.33	496.531	-92.6128	4972.99	-0.000145967	141.762
35.3653	-2.53023	4.14395	0.630503	5.05545	7.85091	-5.53279	8.69805	-4.03769	28.5521	1370.84	491.817	-93.3776	4972.38	-0.000298575	141.762
35.3660	-2.82407	5.65084	0.630503	5.32628	7.54946	-11.935	3.83128	-4.67219	28.5462	1371.6	488.621	-92.7755	4972.69	-0.000145967	142.065
35.3667	-0.99577	4.39509	0.630503	6.545	6.01597	-15.3074	-2.27806	-5.88349	28.5343	1372.08	485.824	-92.1573	4973.45	6.59448e-006	141.762
35.3673	-0.99577	1.69525	1.24599	7.76372	3.87958	-14.9912	-7.48136	-6.80639	28.5284	1372.35	482.308	-92.0108	4974.21	6.59448e-006	141.297
35.3680	-0.685612	1.38132	1.54623	8.39565	1.14028	-15.5972	-8.3874	-6.80639	28.5156	1372.24	477.913	-92.1573	4973.91	6.59448e-006	140.53
35.3687	2.05684	2.00919	0.938249	8.71162	-0.0786402	-18.6534	-6.86007	-5.249	28.5097	1372.24	474.078	-92.1573	4973.3	0.000159203	140.228
35.3693	3.88513	2.88821	0.022518	7.76372	2.05775	-19.5755	-7.17071	-1.32667	28.4978	1372.68	470.722	-91.7017	4973.45	-0.000145967	140.228
35.3700	2.97098	4.14395	0.630503	3.20479	2.66066	-18.0474	-6.86007	1.73044	28.485	1372.84	467.046	-90.7905	4973.75	-0.000451137	139.926
35.3707	1.14269	4.39509	1.24599	-0.767345	-1.61212	-15.3074	-4.73733	2.65334	28.485	1372.08	462.012	-91.2461	4973.3	6.59448e-006	140.065
35.3713	-0.0816205	2.88821	0.630503	-0.767345	-4.04997	-6.45492	-4.42668	2.01885	28.4732	1370.41	455.62	-93.2311	4971.77	0.000159203	139.926
35.3720	0.228537	0.753445	0.330264	-0.451379	-2.21503	3.92565	-0.465967	-0.115363	28.4604	1369	450.106	-94.305	4970.55	0.000311811	139.926
35.3727	1.14269	-0.43951	-1.20096	-0.767345	-0.694655	6.05972	5.95402	-2.82638	28.4545	1369.17	446.59	-93.8494	4970.4	0.000464373	140.391
35.3733	1.43652	-2.00919	-1.5012	0.451379	0.524268	2.7137	-2.89935	-2.53798	28.4485	1370.68	444.193	-92.922	4972.08	0.000159203	139.763
35.3740	0.522371	-3.83001	3.07746	3.83672	2.35921	-0.948478	-25.7835	0.807538	28.4367	1373	442.036	-91.3925	4974.37	0.000159203	139.019
35.3747	0.522371	-5.65084	8.2641	5.95821	2.96211	-4.32085	-41.031	2.94175	28.4239	1374.35	439.719	-89.8794	4975.59	0.000311811	138.693
35.3753	1.74668	-7.15773	9.48007	7.17693	2.66066	-8.27284	-43.1796	4.21074	28.418	1374.83	436.363	-89.1146	4975.89	0.000311811	138.251
35.3760	1.14269	-8.09953	9.78782	7.76372	2.35921	-13.4631	-41.9629	4.49914	28.4061	1374.51	432.128	-89.5702	4975.89	-0.000145967	138.089
35.3767	-0.391778	-8.97855	9.78782	6.86097	1.74319	-14.7014	-39.5036	4.49914	28.3933	1373.75	427.893	-90.0258	4975.43	-0.000145967	138.089
35.3773	0.228537	-8.41347	10.3958	5.05545	1.44174	-8.90516	-35.5429	5.07595	28.3874	1373.59	423.738	-90.3349	4974.98	0.000159203	138.391
35.3780	-0.391778	-5.3369	14.3665	3.83672	0.524268	-1.87061	-35.2323	5.07595	28.3815	1373.59	419.503	-90.4814	4974.67	0.000311811	137.949
35.3787	-1.90992	-1.06738	20.7766	3.20479	-1.31067	-0.658665	-36.4748	3.28783	28.3756	1373.27	415.348	-90.6441	4974.67	6.59448e-006	137.019
35.3793	-0.0816205	2.88821	23.824	1.35414	-1.61212	-4.61066	-29.4336	1.73044	28.3627	1372.35	410.314	-91.5552	4974.06	0.000159203	136.88
35.3800	1.74668	6.27871	5.20916	-3.20479	-2.21503	-7.06089	-13.5648	-0.692176	28.3509	1372.51	406.638	-91.8644	4973.75	0.000159203	137.182
35.3807	2.36699	8.41347	-27.1342	-4.42352	-7.71984	-10.7231	5.95402	-4.67219	28.345	1373.43	404.48	-90.6441	4974.82	-0.000298575	136.717
35.3813	2.66083	6.27871	-30.7971	0.451379	-13.8145	-16.2295	23.3501	-3.74928	28.3322	1374.67	401.923	-89.5702	4976.5	-0.000145967	136.415
35.3820	1.14269	2.88821	-10.3508	4.73948	-15.9509	-18.0474	32.5141	0.230725	28.3203	1376.02	399.287	-88.4964	4977.42	0.000159203	136.88
35.3827	-1.90992	2.26033	1.54623	5.05545	-15.0334	-20.4977	31.5822	1.15363	28.3144	1376.18	395.851	-88.2035	4977.42	6.59448e-006	136.112
35.3833	-4.04838	2.57427	1.24599	3.20479	-12.897	-21.1036	30.9868	0.230725	28.3026	1373.92	390.177	-89.8794	4975.89	6.59448e-006	135.043
35.3840	-5.27268	0.753445	-5.16412	3.52076	-9.85624	-11.0392	34.0415	1.44203	28.2898	1371.92	384.184	-92.1573	4973.14	-0.000145967	135.95
35.3847	-4.96252	-2.57427	-10.3508	9.29841	-3.74852	4.24181	32.7989	5.42204	28.2839	1371.43	380.269	-92.922	4971.62	-0.000603745	136.88
35.3853	-3.44438	-3.51608	-7.60357	9.29841	6.63199	19.7863	31.2974	5.99886	28.2779	1371.6	377.313	-92.6128	4972.38	-0.000603745	136.717
35.3860	-1.90992	0.753445	-0.285228	-1.35414	13.6441	26.2149	32.7989	-0.403769	28.272	1371.43	373.237	-93.0847	4972.69	-0.000451137	136.112
35.3867	-1.30593	4.39509	3.07746	-8.39565	11.2062	20.7084	30.0549	-8.9406	28.2651	1371.6	369.402	-92.922	4972.23	-0.000451137	135.81
35.3873	-0.391778	2.26033	-6.07985	-2.88883	5.71452	16.4403	19.9848	-10.7864	28.2533	1371.76	366.366	-92.32	4972.69	-0.000145967	135.647
35.3880	0.228537	-1.38132	-20.4238	4.73948	3.27667	16.4403	14.8074	-5.88349	28.2474	1372.08	363.489	-91.5552	4973.45	6.59448e-006	135.647
35.3887	-0.685612	-0.43951	-17.9844	3.20479	2.05775	14.9122	19.0788	-6.51799	28.2415	1372.08	360.133	-91.0997	4973.6	6.59448e-006	135.95
35.3893	-2.22008	0.43951	-2.72468	-0.451379	0.825722	6.98185	19.9848	-13.4974	28.2346	1371.92	356.937	-91.2461	4973.45	0.000159203	135.95
35.3900	-2.22008	-2.00919	0.938249	1.35414	0.825722	-10.4069	16.9301	-12.2861	28.2286	1372.84	354.939	-90.937	4973.91	0.000159203	136.112
35.3907	-0.685612	-4.14395	-5.47187	3.20479	1.14028	-24.1598	15.118	-2.82638	28.2168	1372.24	351.423	-91.2461	4973.45	0.000159203	136.252
35.3913	1.14269	-4.14395	-4.55614	1.35414	1.14028	-17.4415	14.1861	4.49914	28.2109	1370.57	346.549	-92.922	4971.62	0.000159203	137.019
35.3920	-1.30593	-3.51608	2.46197	-2.88883	1.44174	-1.87061	12.6588	7.55625	28.205	1370.25	343.353	-94.1423	4970.7	-0.000145967	137.786
35.3927	-5.87667	-2.57427	5.20916	-8.71162	1.44174	3.92565	9.31934	8.76756	28.1981	1370.41	341.036	-93.6867	4971.01	-0.000298575	137.019
35.3933	-8.01513	-1.69525	3.99319	-8.98245	1.44174	4.84778	5.95402	10.6134	28.1922	1371.43	339.358	-92.4664	4972.23	-0.000145967	136.717
35.3940	-9.54959	-2.26033	-2.72468	-2.30203	1.14028	3.31967	5.33273	14.2473	28.1803	1373	337.999	-92.0108	4973.75	0.000464373	137.182
35.3947	-12.5859	-3.51608	-7.60357	4.42352	0.222814	-3.08255	5.95402	18.8041	28.1744	1373.59	336.801	-91.2461	4974.82	0.000616981	136.577
35.3953	-16.8628	-1.69525	-4.24839	5.64224	-0.996109	-7.98302	4.11604	17.3044	28.1675	1374.67	335.522	-90.0258	4975.43	0.000159203	136.717
35.3960	-20.2256	0.753445	-0.285228	1.6701	-1.91358	-13.4631	1.68266	7.55625	28.1616	1375	332.805	-90.0258	4975.74	0.000159203	137.321
35.3967	-21.4499	1.06738	-0.285228	-2.30203	-0.996109	-16.5193	-0.155322	-5.88349	28.1557	1374.19	329.609	-90.4814	4975.13	0.000311811	137.321
35.3973	-28.7631	-1.69525	-0.893213	-3.20479	0.524268	-10.1171	-1.68266	-14.4203	28.1497	1373.75	326.573	-90.937	4974.06	-0.000145967	137.484
35.3980	-32.7298	-4.39509	-2.41693	-2.57286	1.14028	-4.61066	-4.11604	-10.1519	28.1497	1373.43	323.776	-91.7017	4973.75	-0.000298575	137.624
35.3987	-3.73822	-4.70903	-3.64041	-1.08331	1.14028	-4.61066	-5.64338	1.44203	28.1438	1373.16	321.778	-91.2461	4973.91	6.59448e-006	137.624
35.3993	30.1343	-3.83001	-3.64041	0.135414	1.74319	-2.47658	-3.49475	18.8041	28.1369	1373.27	319.541	-90.6441	4974.06	6.59448e-006	137.949
35.4000	30.7383	-2.88821	-2.41693	2.30203	2.96211	1.1856	-0.465967	43.5494	28.1369	1373.43	317.064	-90.7905	4974.21	6.59448e-006	138.251
35.4007	15.7854	-2.57427	-1.20096	5.64224	1.74319	1.79157	-0.465967	43.8378	28.131	1374.35	315.066	-90.1722	4975.28	-0.000145967	138.251
35.4013	6.33375	-3.51608	-0.893213	8.07969	0.825722	1.47541	-1.68266	5.99886	28.1251	1376.02	314.028	-88.4964	4976.65	6.59448e-006	138.251
35.4020	3.57498	-4.70903	-2.11669	7.76372	1.44174	2.7137	-2.89935	-30.2827	28.1251	1376.51	312.35	-87.5852	4977.11	0.000159203	138.251
35.4027	3.88513	-4.14395	-3.94815	6.545	1.44174	2.39754	-5.33273	-39.7424	28.1133	1376.35	309.793	-87.4388	4977.42	-0.000298575	138.391
35.4033	3.88513	-3.51608	-4.85638	5.05545	0.825722	1.79157	-8.3874	-30.9172	28.1064	1375.43	306.836	-87.7316	4976.81	-0.000298575	139.158
35.4040	3.88513	-2.88821	-5.47187	3.83672	0.524268	3.00351	-9.29345	-19.9001	28.1133	1373	302.122	-89.8794	4974.37	0.000311811	139.623
35.4047	3.28114	-1.06738	-6.3876	2.88883	1.14028	5.45375	-9.29345	-14.1319	28.1064	1371.6	298.127	-92.0108	4972.38	0.000159203	139.763
35.4053	1.14269	-0.125574	-2.72468	4.10755	1.44174	7.27167	-9.29345	-9.22901	28.0945	1371.43	296.209	-92.0108	4972.38	-0.000603745	140.228
35.4060	-0.99577	0.43951	7.34837	5.95821	1.44174	4.53162	-6.86007	-3.46088	28.0886	1371.76	294.531	-91.2461	4972.69	-0.000298575	140.228
35.4067	-1.30593	1.38132	17.1137	5.32628	2.35921	-2.47658	-3.20999	0.519132	28.0886	1372.68	293.412	-90.7905	4973.45	0.000159203	140.53
35.4073	-0.685612	0.753445	25.6555	3.20479	3.57813	-4.92682	-0.750724	3.28783	28.0827	1372.84	291.894	-90.6441	4973.75	-0.000298575	140.693
35.4080	0.522371	-1.06738	33.2891	2.88883	3.87958	-1.26464	-0.465967	4.78755	28.0768	1372.68	290.216	-90.6441	4973.6	-0.000451137	140.391
35.4087	1.43652	-2.88821	38.4757	3.52076	2.96211	-0.658665	-1.37201	7.55625	28.0699	1373	288.378	-90.4814	4973.3	6.59448e-006	140.53
35.4093	1.43652	-3.83001	52.2042	4.42352	2.35921	2.39754	-1.96742	22.7841	28.0699	1372.84	286.38	-90.6441	4973.14	0.000159203	141.135
35.4100	2.05684	-3.83001	71.1268	5.64224	2.35921	17.6522	-0.750724	43.8378	28.064	1373.27	285.501	-90.1722	4973.45	-0.000298575	141.902
35.4107	2.66083	-3.51608	68.9951	6.27417	0.524268	24.0545	2.5887	42.0497	28.064	1373	283.344	-90.1722	4973.45	-0.000298575	142.367
35.4113	2.36699	-3.20214	35.1205	5.95821	-1.91358	13.3841	5.04797	19.4386	28.058	1370.68	279.509	-91.8644	4972.08	0.000311811	141.902
35.4120	3.57498	-3.51608	-1.80894	6.27417	-1.61212	4.24181	4.73733	2.94175	28.0521	1369.49	276.632	-92.7755	4970.7	0.000616981	142.065
35.4127	4.79928	-4.14395	-5.77211	6.545	-1.31067	3.92565	4.73733	0.519132	28.0462	1370.41	275.433	-92.32	4970.86	0.000464373	142.669
35.4133	4.19529	-5.65084	10.0956	4.10755	-2.52959	6.66569	3.83128	3.28783	28.0393	1371.43	275.433	-91.2461	4972.38	0.000311811	142.832
35.4140	3.88513	-5.96477	31.4576	2.88883	-4.35142	9.40574	2.30395	5.99886	28.0393	1373.16	275.593	-89.4238	4974.37	0.000311811	142.832
35.4147	3.28114	-5.3369	54.9514	5.05545	-5.26889	11.5662	2.89935	8.76756	28.0334	1374.83	275.274	-87.7316	4975.89	6.59448e-006	142.971
35.4153	2.66083	-5.3369	49.7647	5.32628	-5.58345	12.4619	5.04797	10.2673	28.0275	1375.59	274.954	-87.1296	4976.5	0.000464373	143.576
35.4160	2.36699	-5.02297	17.1137	5.05545	-4.96744	12.1721	6.26466	10.9018	28.0275	1375.43	273.276	-87.8943	4976.04	0.000922151	144.204
35.4167	1.43652	-4.39509	-3.64041	4.42352	-3.44706	13.3841	5.64338	9.69046	28.0216	1374.51	271.119	-89.1146	4974.98	6.59448e-006	143.902
35.4173	0.228537	-3.20214	-2.72468	2.88883	-1.61212	14.3062	4.73733	7.21016	28.0156	1373.59	269.441	-89.5702	4974.52	-0.000603745	143.739
35.4180	1.43652	-2.26033	-14.6292	3.20479	-0.0786402	12.1721	4.73733	6.34494	28.0156	1373.16	267.363	-90.4814	4973.91	-0.000298575	143.902
35.4187	4.19529	-2.57427	-47.588	3.52076	1.74319	9.7219	5.64338	5.71045	28.0087	1373.27	265.685	-91.3925	4973.91	6.59448e-006	144.204
35.4193	6.62758	-2.88821	-49.7197	3.52076	2.96211	10.0381	7.792	5.99886	27.9969	1373.43	264.726	-91.7017	4974.06	0.000159203	144.808
35.4200	8.45588	-4.39509	-16.7609	4.42352	1.14028	11.5662	9.00869	8.13306	27.9969	1373.43	263.847	-91.5552	4974.52	6.59448e-006	145.413
35.4207	10.3005	-6.27871	-4.55614	4.10755	0.222814	10.644	7.48136	9.05597	27.9969	1374.83	263.847	-90.1722	4975.74	-0.000145967	145.878
35.4213	9.38635	-5.96477	-19.2003	2.88883	0.825722	10.0381	5.33273	7.84466	27.9969	1376.18	263.847	-89.1146	4976.96	-0.000145967	146.017
35.4220	3.28114	-5.3369	-30.7971	3.20479	0.222814	11.25	3.52064	7.55625	27.9851	1376.35	262.329	-88.8055	4977.42	-0.000298575	145.878
35.4227	-4.65237	-5.02297	-32.3283	3.20479	-0.0786402	11.5662	0.465967	7.55625	27.9791	1376.18	260.331	-88.6591	4976.96	-0.000298575	146.017
35.4233	-9.84343	-5.02297	-18.2846	2.88883	1.44174	10.644	-1.37201	7.21016	27.9791	1375	257.455	-89.8794	4975.43	-0.000451137	146.785
35.4240	-9.54959	-5.3369	0.022518	4.42352	4.19414	10.644	-2.5887	7.55625	27.9722	1373.16	254.099	-91.8644	4973.6	-0.000603745	147.715
35.4247	-7.70497	-5.65084	-3.64041	5.64224	5.09851	12.4619	-4.11604	7.21016	27.9722	1372.24	251.781	-92.6128	4972.69	-0.000145967	148.017
35.4253	-7.41114	-5.65084	-20.1161	5.32628	3.57813	13.0679	-4.11604	6.92176	27.9663	1371.92	249.624	-92.32	4972.38	6.59448e-006	148.622
35.4260	-8.32529	-5.3369	-33.852	4.73948	2.66066	12.7781	-2.89935	6.63335	27.9604	1372.08	247.786	-92.1573	4972.53	6.59448e-006	149.087
35.4267	-10.4637	-5.02297	-46.3645	4.10755	2.35921	13.0679	-1.68266	6.92176	27.9545	1372.68	246.747	-91.2461	4973.3	6.59448e-006	149.389
35.4273	-11.9819	-4.70903	-56.1298	3.83672	1.74319	13.0679	-0.155322	7.55625	27.9545	1373	245.389	-90.6441	4973.91	-0.000145967	149.691
35.4280	-11.9819	-4.39509	-59.1848	3.52076	1.44174	13.0679	0.465967	7.21016	27.9486	1373.16	243.711	-90.6441	4974.06	6.59448e-006	149.831
35.4287	-12.896	-4.39509	-48.5037	2.88883	1.14028	13.9901	0.465967	5.99886	27.9417	1373	242.033	-90.7905	4973.45	6.59448e-006	149.691
35.4293	-11.6717	-5.02297	-41.1779	3.20479	1.44174	14.596	0.465967	5.99886	27.9417	1372.68	240.355	-90.6441	4973.45	-0.000145967	149.831
35.4300	-6.18683	-5.65084	-45.141	3.83672	1.14028	14.596	-0.750724	6.34494	27.9486	1372.84	238.917	-90.6441	4973.75	0.000159203	150.458
35.4307	-0.99577	-5.02297	-34.46	4.73948	1.44174	14.596	-0.750724	6.92176	27.9486	1372.24	236.52	-91.3925	4972.53	0.000159203	151.226
35.4313	-0.0816205	-4.70903	-15.8452	5.05545	2.05775	14.596	0.465967	6.92176	27.9417	1370.68	234.042	-92.32	4971.47	0.000159203	151.97
35.4320	-1.30593	-4.70903	-8.5193	4.10755	2.96211	14.596	0.155322	6.63335	27.9358	1369.92	232.125	-92.922	4971.01	0.000464373	152.597
35.4327	-3.13423	-4.39509	-4.85638	3.52076	3.27667	15.8343	-0.750724	6.92176	27.9358	1370.84	231.166	-92.7755	4971.16	0.000159203	153.202
35.4333	-4.96252	-4.14395	-2.11669	2.88883	2.66066	16.1241	-1.37201	8.13306	27.9298	1372.08	231.645	-91.2461	4972.84	-0.000298575	152.737
35.4340	-4.65237	-3.83001	-3.64041	2.30203	1.44174	15.2283	-2.27806	8.13306	27.9358	1373.27	231.965	-89.5702	4974.67	0.000311811	152.737
35.4347	-2.82407	-4.14395	-4.85638	2.88883	1.14028	15.2283	-2.89935	6.92176	27.9298	1375.1	232.364	-88.0408	4976.04	0.000922151	153.807
35.4353	-1.30593	-5.3369	-4.85638	4.42352	1.14028	15.2283	-3.20999	7.55625	27.9298	1375.59	232.205	-87.4388	4976.35	0.000464373	153.504
35.4360	-1.30593	-6.84379	-5.16412	5.64224	1.14028	13.9901	-2.5887	7.55625	27.9298	1374.51	230.527	-88.6591	4974.98	0.000159203	153.342
35.4367	-1.30593	-8.09953	-3.94815	5.32628	1.14028	12.4619	-2.27806	5.99886	27.9358	1373.92	229.008	-89.2611	4974.21	0.000159203	154.109
35.4373	0.522371	-8.41347	-1.5012	4.42352	1.44174	11.5662	-2.5887	4.78755	27.9358	1373.92	227.81	-88.9519	4974.67	0.000311811	155.341
35.4380	2.36699	-7.47166	1.54623	3.83672	0.825722	11.856	-2.89935	3.28783	27.9239	1373.92	227.171	-88.8055	4975.13	0.000159203	155.946
35.4387	1.14269	-6.27871	6.12489	3.20479	-0.393201	11.5662	-3.20999	2.36493	27.9239	1373.75	226.771	-88.8055	4974.67	-0.000298575	156.55
35.4393	-1.30593	-5.65084	9.78782	2.57286	-1.31067	9.7219	-3.8054	2.36493	27.9298	1373.75	225.972	-88.4964	4974.52	6.59448e-006	157.317
35.4400	-1.90992	-5.02297	12.535	2.30203	-1.61212	9.40574	-2.89935	2.36493	27.9298	1374.35	225.253	-88.0408	4974.98	0.000159203	157.48
35.4407	-1.90992	-4.70903	14.6742	2.57286	-1.61212	11.856	-1.96742	3.28783	27.9239	1374.67	224.454	-87.7316	4975.74	0.000159203	157.317
35.4413	-3.13423	-4.39509	15.5899	3.20479	-1.61212	13.7002	-2.5887	4.78755	27.9239	1375	224.294	-87.276	4976.65	0.000464373	157.015
35.4420	-2.82407	-4.70903	14.0587	3.20479	-0.996109	13.3841	-1.96742	5.42204	27.9298	1375.1	223.815	-86.8205	4977.26	0.000311811	156.713
35.4427	-1.59976	-5.65084	10.7035	1.98607	-0.996109	12.4619	-1.06137	4.21074	27.9358	1375.1	222.776	-86.9832	4976.65	-0.000145967	157.62
35.4433	-0.0816205	-5.65084	7.95635	1.35414	-1.61212	11.25	-0.465967	3.57624	27.9298	1374.67	220.938	-88.0408	4974.67	-0.000298575	159.294
35.4440	1.14269	-5.02297	6.12489	1.35414	-1.31067	10.644	-1.06137	1.73044	27.9358	1373.43	218.541	-89.2611	4973.45	-0.000298575	160.526
35.4447	1.43652	-4.70903	5.20916	1.35414	-1.31067	10.644	-1.06137	-3.11479	27.9358	1372.08	216.224	-90.4814	4972.69	-0.000145967	161.131
35.4453	2.05684	-4.39509	5.51691	1.6701	0.524268	10.3279	0.465967	-4.03769	27.9358	1371.43	214.705	-90.937	4972.23	-0.000298575	161.596
35.4460	2.36699	-4.39509	5.20916	1.98607	5.71452	9.40574	1.37201	-1.32667	27.9358	1372.51	214.705	-90.3349	4972.69	-0.000145967	162.502
35.4467	0.522371	-4.14395	5.20916	1.98607	6.31743	8.1938	1.68266	-0.115363	27.9358	1373.43	214.865	-89.7167	4973.6	6.59448e-006	163.27
35.4473	-0.391778	-2.57427	4.29343	2.30203	2.96211	6.98185	2.5887	-1.32667	27.9358	1372.51	213.587	-89.5702	4973.91	0.000159203	162.665
35.4480	0.522371	-3.20214	3.99319	2.88883	1.74319	6.05972	3.52064	-2.82638	27.9417	1372.35	212.708	-89.4238	4974.06	0.000311811	162.502
35.4487	0.832529	-5.3369	4.60117	3.20479	1.74319	6.66569	2.30395	-3.74928	27.9417	1372.84	212.388	-89.4238	4974.06	6.59448e-006	163.735
35.4493	-0.0816205	-6.27871	4.29343	3.20479	1.44174	7.58783	0.155322	-4.67219	27.9358	1373.16	211.829	-89.2611	4974.06	-0.000145967	164.944
35.4500	0.228537	-6.27871	3.07746	2.57286	0.825722	6.98185	-0.465967	-4.38378	27.9358	1373	210.71	-89.7167	4973.45	0.000159203	165.548
35.4507	0.228537	-5.96477	3.3777	1.6701	0.825722	5.13759	-1.37201	-1.61508	27.9358	1372.35	209.192	-90.7905	4972.38	6.59448e-006	166.013
35.4513	-0.99577	-4.70903	4.29343	0.767345	1.14028	4.53162	-2.27806	2.01885	27.9358	1371.16	206.875	-92.0108	4971.31	6.59448e-006	166.781
35.4520	-0.685612	-3.20214	4.60117	-0.451379	1.14028	6.98185	-1.06137	3.57624	27.9417	1370.08	205.516	-92.922	4970.4	-0.000145967	167.548
35.4527	1.14269	-3.20214	3.68544	-1.08331	0.524268	8.1938	1.9933	3.57624	27.9417	1370.84	205.516	-92.32	4971.31	6.59448e-006	168.315
35.4533	2.05684	-3.20214	2.76971	-0.451379	0.524268	6.98185	3.83128	2.36493	27.9358	1372.51	206.156	-90.4814	4973.6	0.000311811	168.618
35.4540	2.97098	-2.88821	0.630503	-0.135414	1.14028	6.37588	1.9933	-0.115363	27.9417	1374.51	207.035	-89.2611	4975.13	0.000616981	169.222
35.4547	3.88513	-2.57427	-0.585468	-0.135414	0.524268	7.27167	-0.155322	-1.61508	27.9417	1375.27	207.674	-88.3499	4976.2	0.000159203	169.059
35.4553	4.19529	-2.88821	-0.585468	-0.767345	0.222814	6.37588	0.465967	-0.115363	27.9358	1374.67	207.035	-87.8943	4976.5	-0.000298575	168.315
35.4560	3.88513	-3.20214	-1.20096	-0.767345	0.222814	4.84778	1.06137	3.28783	27.9358	1374.83	205.836	-88.6591	4975.89	0.000159203	169.524
35.4567	2.97098	-3.20214	-1.20096	0.451379	-0.0786402	4.24181	-0.465967	6.34494	27.9417	1374.83	204.797	-89.7167	4975.43	0.000311811	170.896
35.4573	1.74668	-3.20214	-0.585468	0.767345	-0.996109	3.00351	-1.06137	9.97887	27.9417	1373.59	203.519	-90.7905	4974.37	6.59448e-006	171.198
35.4580	1.14269	-3.20214	-0.285228	1.6701	-0.996109	1.47541	-0.750724	13.6705	27.9358	1373.27	202.16	-91.3925	4973.75	0.000159203	171.501
35.4587	2.05684	-3.51608	0.022518	2.88883	-0.393201	0.869438	-1.06137	16.0931	27.9417	1373.43	201.761	-91.2461	4974.06	-0.000145967	171.966
35.4593	2.97098	-4.70903	0.938249	1.6701	-0.0786402	-0.342506	-0.465967	16.3815	27.9358	1373.27	200.962	-91.2461	4974.21	-0.000298575	172.873
35.4600	3.88513	-5.02297	2.16173	0.451379	-0.694655	-0.658665	-0.155322	15.1702	27.9358	1373.92	200.163	-90.4814	4974.82	0.000159203	174.244
35.4607	3.57498	-4.39509	3.99319	0.767345	-1.31067	-1.26464	0.776611	12.1131	27.9358	1375.27	200.642	-89.4238	4975.89	-0.000145967	174.872
35.4613	1.74668	-3.51608	5.20916	1.35414	-1.61212	-0.0526932	1.9933	7.55625	27.9417	1376.18	200.962	-88.8055	4977.11	-0.000451137	174.407
35.4620	-0.391778	-3.83001	5.82465	1.6701	-1.61212	2.7137	1.37201	5.07595	27.9417	1376.18	200.003	-88.2035	4977.26	-0.000145967	174.709
35.4627	-1.90992	-5.02297	5.82465	1.98607	-1.31067	3.92565	0.465967	3.86465	27.9417	1375.86	198.245	-88.2035	4976.35	-0.000603745	175.639
35.4633	-3.13423	-5.02297	5.82465	3.20479	-1.61212	2.7137	-0.155322	1.15363	27.9417	1374.83	195.768	-89.5702	4975.13	-0.00106152	176.848
35.4640	-3.13423	-4.70903	5.20916	4.10755	-1.61212	1.47541	-0.750724	1.15363	27.9417	1373	192.891	-91.2461	4972.99	-0.000756307	177.918
35.4647	-1.90992	-4.39509	4.90892	3.52076	-1.31067	1.47541	-1.37201	3.57624	27.9486	1371.16	189.935	-92.1573	4971.77	-0.000451137	177.918
35.4653	-1.30593	-4.70903	4.60117	1.98607	-0.694655	1.1856	-1.37201	2.94175	27.9545	1370.41	188.417	-92.4664	4972.23	-0.000298575	178.22
35.4660	-0.685612	-5.02297	3.99319	1.35414	-0.996109	0.869438	-0.465967	0.519132	27.9486	1371.76	188.177	-92.1573	4972.53	-0.000145967	179.894
35.4667	0.228537	-5.02297	2.76971	0.767345	-2.21503	1.47541	-1.37201	-2.24957	27.9486	1373	188.576	-90.7905	4973.14	-0.000145967	181.266
35.4673	0.522371	-4.70903	1.54623	-0.135414	-2.83105	-1.87061	-3.49475	-4.67219	27.9545	1373.16	188.576	-89.8794	4973.91	6.59448e-006	181.429
35.4680	0.832529	-4.39509	0.630503	1.35414	-2.52959	-9.19497	-3.49475	-5.88349	27.9545	1373.27	187.857	-90.0258	4974.37	6.59448e-006	181.731
35.4687	0.228537	-5.02297	0.630503	3.20479	-1.61212	-11.0392	-2.89935	-6.51799	27.9545	1373.43	186.739	-90.1722	4974.06	-0.000145967	182.498
35.4693	0.522371	-5.3369	0.938249	3.52076	-0.393201	-8.90516	-2.27806	-6.1719	27.9604	1373.43	185.86	-89.7167	4973.75	6.59448e-006	183.405
35.4700	1.74668	-5.65084	1.54623	3.52076	0.524268	-7.06089	-1.68266	-4.96059	27.9604	1373.16	184.901	-89.7167	4973.75	6.59448e-006	184.335
35.4707	1.43652	-5.3369	1.54623	2.88883	1.44174	-1.5808	-1.68266	-7.7293	27.9545	1371.92	183.143	-90.7905	4972.53	6.59448e-006	185.079
35.4713	1.43652	-4.39509	2.16173	1.08331	0.825722	6.66569	-1.68266	-11.9977	27.9604	1370.57	180.666	-92.0108	4971.47	0.000311811	186.009
35.4720	2.05684	-4.14395	2.16173	0.135414	0.524268	10.0381	-2.27806	-12.2861	27.9604	1370.25	178.988	-92.4664	4971.01	0.000311811	187.079
35.4727	2.66083	-4.14395	0.022518	0.135414	0.524268	7.27167	-1.68266	-12.5745	27.9604	1370.68	178.668	-92.1573	4971.01	-0.000298575	187.381
35.4733	3.28114	-3.51608	-1.5012	0.451379	0.825722	3.31967	3.20999	-13.4974	27.9663	1372.08	179.787	-90.937	4972.84	0.000159203	187.218
35.4740	3.88513	-2.88821	-1.5012	0.767345	1.14028	3.31967	9.62998	-13.4974	27.9663	1373.59	180.826	-89.4238	4974.82	0.000464373	187.846
35.4747	3.28114	-2.88821	0.022518	-0.135414	0.524268	3.31967	11.7527	-14.4203	27.9722	1374.83	181.465	-88.0408	4975.74	6.59448e-006	188.288
35.4753	2.36699	-2.57427	1.24599	-1.35414	0.825722	-0.658665	12.0634	-16.2661	27.9722	1375.27	181.465	-87.1296	4975.89	0.000159203	189.358
35.4760	2.05684	-2.26033	1.24599	-1.08331	0.825722	-4.61066	11.4421	-16.2661	27.9722	1375	180.826	-87.5852	4975.74	0.000464373	190.59
35.4767	2.36699	-2.26033	0.938249	0.135414	-0.0786402	-6.13876	9.00869	-14.1319	27.9791	1374.35	179.627	-88.3499	4975.13	0.000159203	191.032
35.4773	2.36699	-2.88821	1.24599	1.35414	-0.393201	-7.37705	10.2254	-10.7864	27.9851	1373.92	178.109	-88.6591	4974.37	6.59448e-006	191.962
35.4780	2.36699	-2.88821	-0.285228	1.6701	0.222814	-8.27284	16.6454	-4.38378	27.9851	1373.59	176.99	-89.1146	4973.6	-0.000298575	192.729
35.4787	2.05684	-3.20214	-3.94815	1.08331	0.825722	-7.66687	18.7681	6.34494	27.9851	1373.27	175.951	-89.1146	4973.75	-0.000603745	192.869
35.4793	0.832529	-3.51608	-8.21906	1.08331	0.825722	-6.45492	13.2801	16.0931	27.9851	1373.16	174.753	-89.2611	4974.06	-0.000298575	193.775
35.4800	-0.685612	-2.57427	-10.3508	1.98607	0.524268	-6.74473	7.48136	15.4586	27.991	1373.43	174.593	-89.1146	4974.21	-0.000145967	195.31
35.4807	-2.53023	-2.00919	-6.07985	1.6701	0.222814	-8.589	2.5887	10.6134	28.0028	1374.51	174.993	-87.7316	4975.13	6.59448e-006	196.077
35.4813	-4.65237	-1.69525	1.54623	1.08331	0.222814	-8.589	-8.07676	9.97887	28.0028	1375.75	175.472	-86.8205	4976.35	6.59448e-006	196.379
35.4820	-5.87667	-1.38132	5.51691	2.30203	-0.393201	-7.98302	-19.0788	10.2673	27.9969	1376.18	175.472	-86.5113	4977.26	-0.000298575	196.844
35.4827	-4.96252	-2.00919	6.12489	2.88883	-1.91358	-8.589	-20.8908	8.13306	28.0028	1376.02	174.433	-86.8205	4976.81	-0.000298575	198.054
35.4833	-3.73822	-2.88821	9.17983	2.30203	-4.35142	-8.90516	-19.0788	5.42204	28.0156	1375.1	172.915	-87.7316	4975.28	-0.000298575	199.588
35.4840	-1.90992	-2.88821	12.2273	2.30203	-5.88491	-8.27284	-18.4575	3.57624	28.0156	1373.27	170.598	-89.5702	4973.45	-0.000298575	200.96
35.4847	-0.391778	-3.51608	15.8902	3.52076	-6.18636	-5.84895	-18.1468	2.94175	28.0156	1371.92	167.721	-91.7017	4971.62	-0.000298575	201.867
35.4853	-0.99577	-4.14395	24.7398	4.10755	-5.88491	-4.92682	-16.9301	3.57624	28.0156	1371.6	166.443	-92.0108	4971.62	-0.000451137	202.332
35.4860	-2.22008	-3.83001	22.9083	2.88883	-5.88491	-6.45492	-15.7134	4.49914	28.0156	1372.08	166.602	-91.0997	4972.84	-0.000451137	202.797
35.4867	-1.30593	-2.88821	3.99319	3.83672	-4.04997	-7.37705	-14.8074	4.78755	28.0216	1372.68	166.602	-90.6441	4973.3	-0.000298575	203.401
35.4873	0.832529	-2.57427	-10.3508	6.27417	2.05775	-8.27284	-11.4421	3.86465	28.0216	1372.51	165.723	-90.7905	4973.6	-0.000298575	203.866
35.4880	1.43652	-3.20214	-7.30333	6.545	6.93344	-11.0392	-7.17071	2.36493	28.0216	1372.35	164.765	-90.937	4973.75	0.000159203	204.773
35.4887	2.66083	-3.83001	2.46197	7.76372	7.2349	-15.3074	-4.11604	2.36493	28.0275	1372.84	164.525	-90.4814	4973.6	0.000159203	206.145
35.4893	4.19529	-3.83001	8.56434	7.4929	6.01597	-18.3636	-0.465967	3.57624	28.0275	1373	163.406	-90.4814	4973.6	0.000159203	206.447
35.4900	2.66083	-2.88821	7.95635	5.05545	3.27667	-19.5755	4.73733	5.07595	28.0275	1372.51	161.888	-91.0997	4972.99	0.000311811	207.377
35.4907	-0.391778	-2.88821	-3.94815	4.42352	0.222814	-19.2594	6.86007	5.99886	28.0334	1372.35	160.849	-91.5552	4972.08	0.000159203	209.958
35.4913	-0.685612	-3.20214	-18.5923	3.20479	-1.31067	-14.0691	5.95402	5.71045	28.0393	1371.33	159.011	-92.922	4970.86	6.59448e-006	211.33
35.4920	0.832529	-2.00919	-18.5923	-0.135414	-2.52959	-4.00469	7.48136	4.49914	28.0393	1369.92	157.174	-93.9958	4969.94	0.000159203	211.19
35.4927	-0.0816205	0.43951	-9.13479	-1.35414	-4.04997	3.92565	11.7527	3.57624	28.0393	1370.57	157.333	-92.922	4971.47	0.000311811	211.795
35.4933	-1.90992	0.43951	-3.03242	-0.451379	-4.96744	4.84778	16.6454	3.57624	28.0393	1372.35	158.532	-90.7905	4973.75	0.000464373	212.562
35.4940	-3.13423	-0.43951	-0.893213	0.451379	-4.35142	-0.0526932	20.2954	4.78755	28.0462	1374.08	159.171	-89.2611	4975.13	0.000311811	212.865
35.4947	-4.35853	-1.06738	0.022518	0.451379	-4.04997	-5.24298	22.1334	4.21074	28.0462	1375	159.331	-88.2035	4976.35	0.000311811	213.469
35.4953	-4.35853	-1.69525	0.330264	0.767345	-1.61212	-7.37705	24.5668	2.94175	28.0462	1375.27	159.171	-87.7316	4976.5	0.000311811	214.701
35.4960	-3.13423	-1.38132	-0.285228	2.30203	4.19414	-8.90516	29.4595	1.44203	28.0393	1375.43	158.053	-87.7316	4975.74	0.000159203	216.073
35.4967	-0.685612	-2.00919	-2.41693	5.05545	8.15237	-10.4069	32.2035	1.44203	28.0462	1374.51	156.215	-88.6591	4974.82	6.59448e-006	216.817
35.4973	2.66083	-2.00919	-4.55614	6.27417	7.54946	-9.19497	35.5688	1.44203	28.0462	1373.27	154.297	-90.0258	4973.91	6.59448e-006	217.585
35.4980	4.79928	-1.06738	-5.16412	5.95821	5.41307	-12.5673	38.9082	1.44203	28.0521	1372.68	153.019	-90.3349	4973.75	0.000464373	218.05
35.4987	4.48913	-1.69525	-5.16412	5.64224	4.19414	-19.8917	23.0395	3.57624	28.058	1372.84	152.779	-90.3349	4973.75	0.000769543	218.956
35.4993	3.57498	-2.00919	-4.24839	3.52076	3.57813	-16.2295	-8.3874	5.71045	28.058	1373.27	152.619	-89.8794	4973.75	0.000159203	220.654
35.5000	1.74668	-0.43951	-2.41693	-0.135414	2.96211	-0.342506	-22.1334	3.57624	28.0521	1374.08	153.019	-88.8055	4974.52	6.59448e-006	221.7
35.5007	-0.685612	-0.125574	-2.72468	-0.451379	2.05775	10.644	-26.4048	1.15363	28.058	1375	153.498	-87.7316	4976.2	6.59448e-006	222.328
35.5013	-1.90992	-2.26033	-8.5193	1.6701	1.74319	6.37588	-39.5036	2.65334	28.0699	1376.18	153.818	-86.5113	4977.57	0.000311811	222.77
35.5020	-1.59976	-3.51608	-16.1529	3.20479	1.74319	-1.87061	-49.2889	5.42204	28.064	1376.78	153.498	-86.674	4977.42	0.000616981	223.839
35.5027	-0.685612	-3.20214	-18.9001	3.52076	-0.0786402	-3.08255	-49.2889	6.92176	28.0699	1375.43	152.299	-88.0408	4976.04	0.000311811	224.467
35.5033	-0.685612	-2.26033	-16.1529	2.30203	-1.91358	-5.24298	-46.5449	5.99886	28.0768	1373.16	150.142	-89.1146	4974.37	-0.000603745	225.211
35.5040	-1.90992	-1.38132	-11.2665	1.08331	-2.21503	-10.7231	-40.1249	3.28783	28.064	1372.35	148.784	-90.0258	4973.3	-0.000756307	226.745
35.5047	-2.53023	-1.06738	-11.5742	-1.08331	-1.91358	-9.80094	-28.8382	-0.115363	28.0768	1371.92	147.745	-91.0997	4972.84	6.59448e-006	228.117
35.5053	-2.82407	-0.43951	-15.5449	-2.88883	-0.694655	-4.32085	-19.3635	-1.32667	28.0827	1371.43	146.626	-91.7017	4971.92	-0.000145967	229.954
35.5060	-2.82407	0.753445	-15.5449	-1.6701	0.524268	-3.08255	-13.8755	1.15363	28.0827	1372.08	146.786	-90.4814	4972.69	-0.000145967	230.419
35.5067	-1.90992	1.69525	-12.7977	-0.451379	0.222814	-6.74473	-7.76611	1.44203	28.0827	1372.35	147.106	-90.0258	4973.45	-0.000145967	230.861
35.5073	-0.0816205	1.69525	-9.74278	-2.30203	-0.996109	-6.74473	1.37201	-1.61508	28.0886	1372.84	147.106	-90.3349	4973.3	-0.000145967	232.535
35.5080	0.832529	-1.06738	-3.33266	-1.98607	-1.31067	0.579626	12.9694	-2.82638	28.0886	1373.43	147.265	-89.4238	4974.06	0.000616981	233.605
35.5087	0.522371	-3.51608	7.34837	-0.767345	-0.694655	3.31967	22.1334	-1.61508	28.0886	1373.59	146.626	-88.9519	4974.37	0.000311811	234.232
35.5093	-0.391778	-3.51608	19.8609	-0.135414	-0.694655	-0.0526932	22.7288	0.230725	28.1004	1373	146.147	-89.4238	4974.37	-0.000145967	234.674
35.5100	-1.30593	-4.14395	23.824	1.6701	-0.694655	0.263466	19.3894	2.94175	28.1064	1372.35	145.428	-90.1722	4974.21	0.000311811	235.906
35.5107	1.14269	-4.14395	13.7585	1.98607	-1.61212	4.24181	18.7681	5.07595	28.1004	1371.43	144.069	-91.0997	4972.53	0.000311811	237.883
35.5113	4.48913	-2.88821	2.46197	1.6701	-2.83105	2.08138	17.8621	5.71045	28.1064	1370.08	142.631	-92.0108	4971.01	0.000159203	238.952
35.5120	6.62758	-0.753445	1.24599	2.57286	-2.83105	-5.53279	15.118	7.21016	28.1133	1369.76	141.432	-92.922	4970.25	0.000311811	239.859
35.5127	7.54173	1.06738	4.60117	1.6701	-2.83105	-12.5673	12.6588	9.05597	28.1133	1370.68	141.752	-92.0108	4970.86	0.000311811	240.487
35.5133	6.93774	1.06738	11.6193	0.135414	-4.35142	-14.0691	10.536	7.21016	28.1133	1371.92	142.951	-90.1722	4973.14	0.000311811	241.091
35.5140	4.19529	0.43951	21.6923	-1.08331	-4.35142	-10.1171	7.17071	3.28783	28.1192	1373.75	144.069	-89.2611	4974.06	0.000159203	242.766
35.5147	2.66083	-1.38132	24.7398	-1.35414	-3.1325	-6.45492	4.11604	0.519132	28.1192	1374.83	144.469	-88.3499	4974.67	0.000311811	243.231
35.5153	2.66083	-2.88821	22.6081	-0.135414	-1.91358	-5.53279	3.20999	1.15363	28.1251	1374.19	143.909	-87.8943	4975.28	0.000769543	243.533
35.5160	2.97098	-2.26033	20.7766	0.767345	-0.694655	-7.66687	3.83128	3.28783	28.131	1374.19	143.43	-88.4964	4974.52	0.000311811	245.067
35.5167	3.88513	-2.00919	25.0475	2.57286	1.14028	-10.7231	4.73733	5.07595	28.1251	1374.35	143.43	-88.6591	4974.52	6.59448e-006	246.742
35.5173	4.48913	-2.88821	37.56	3.83672	1.44174	-9.80094	4.73733	4.78755	28.1251	1373.75	142.951	-88.4964	4974.98	0.000311811	247.811
35.5180	3.57498	-2.00919	29.9264	1.08331	0.524268	-10.1171	5.33273	2.01885	28.1369	1373.75	142.551	-88.9519	4974.67	0.000311811	249.183
35.5187	2.05684	-0.125574	0.938249	-1.35414	0.222814	-13.7793	7.792	-2.24957	28.1438	1374.08	142.072	-88.9519	4974.21	-0.000145967	250.09
35.5193	-0.0816205	-1.38132	5.20916	-1.08331	0.524268	-14.0691	8.69805	-3.74928	28.1438	1373.59	141.592	-89.1146	4973.91	-0.000145967	250.996
35.5200	-2.82407	-2.88821	34.2048	-2.30203	0.222814	-14.0691	6.86007	-2.24957	28.1438	1373.59	141.912	-88.8055	4974.98	-0.000298575	252.066
35.5207	-4.65237	-3.83001	39.9994	-3.83672	-0.0786402	-14.3853	2.89935	-1.32667	28.1438	1375	141.912	-87.7316	4976.04	6.59448e-006	252.996
35.5213	-2.22008	-4.70903	27.7947	-3.20479	-1.31067	-7.66687	-3.49475	-0.692176	28.1497	1377.1	142.551	-86.674	4976.2	-0.000298575	254.066
35.5220	2.97098	-4.70903	2.46197	-2.30203	-1.91358	-0.0526932	-11.1314	0.807538	28.1497	1377.26	143.59	-85.7466	4977.26	-0.000756307	254.507
35.5227	4.79928	-3.83001	-28.0499	-1.6701	-2.52959	-1.5808	-16.9301	2.01885	28.1497	1375.27	142.391	-87.1296	4976.81	-0.000145967	255.275
35.5233	2.05684	-3.20214	-25.6105	-1.35414	-3.1325	-7.37705	-19.9848	1.15363	28.1557	1373.92	139.594	-89.5702	4973.75	6.59448e-006	257.577
35.5240	-0.391778	-2.00919	10.0956	-1.08331	-2.21503	-12.2512	-18.4575	0.230725	28.1557	1372.84	137.517	-90.7905	4971.31	-0.000908915	259.39
35.5247	1.14269	-1.06738	36.0363	0.451379	-1.61212	-16.2295	-11.4421	0.230725	28.1616	1371.33	136.238	-91.5552	4970.86	-0.000451137	260.018
35.5253	5.4196	-1.69525	18.6374	2.30203	-2.21503	-14.9912	-5.33273	-0.115363	28.1557	1371.16	135.679	-92.0108	4971.47	0.000464373	260.925
35.5260	6.62758	-2.26033	-25.0025	1.08331	-1.91358	-8.589	-2.27806	-0.980582	28.1557	1371.92	136.238	-90.937	4972.23	-0.000145967	261.994
35.5267	0.522371	-2.57427	-43.9251	-1.35414	-0.996109	-4.32085	0.776611	-2.53798	28.1616	1372.51	137.197	-89.8794	4972.99	-0.000451137	263.203
35.5273	-6.18683	-2.57427	-30.1891	-1.35414	-0.694655	-4.00469	2.5887	-3.11479	28.1616	1372.68	136.878	-89.8794	4973.45	-0.000145967	264.436
35.5280	-5.87667	-2.57427	-12.49	-1.6701	-1.31067	-4.61066	1.68266	-1.90348	28.1616	1372.51	136.718	-90.3349	4973.3	-0.000298575	265.342
35.5287	-2.82407	-2.88821	-7.91132	-3.83672	-1.31067	-4.00469	-0.465967	-0.403769	28.1616	1372.84	137.357	-90.4814	4973.45	-0.000298575	266.272
35.5293	-3.13423	-3.20214	-5.77211	-6.27417	-1.31067	-2.79274	-1.37201	0.230725	28.1616	1373.16	137.197	-90.3349	4974.21	0.000159203	267.644
35.5300	-5.27268	-2.57427	5.51691	-6.86097	-0.393201	-4.61066	-1.06137	1.15363	28.1675	1372.68	136.238	-90.7905	4973.3	0.000159203	269.156
35.5307	-4.96252	-2.57427	15.2822	-4.73948	0.825722	-8.27284	0.465967	1.44203	28.1675	1371.76	135.36	-91.8644	4971.92	6.59448e-006	270.527
35.5313	-2.82407	-3.83001	17.7217	-0.451379	1.14028	-8.27284	1.37201	1.44203	28.1616	1370.41	134.161	-92.922	4971.01	6.59448e-006	271.76
35.5320	-0.99577	-4.70903	18.9451	2.88883	0.524268	-6.45492	0.155322	1.73044	28.1616	1370.08	133.362	-93.8494	4970.4	-0.000145967	272.667
35.5327	-0.99577	-4.70903	21.6923	3.20479	0.825722	-7.06089	-0.465967	0.807538	28.1675	1370.68	133.681	-93.0847	4971.77	0.000311811	273.597
35.5333	-1.59976	-4.14395	24.1318	1.98607	1.14028	-7.98302	0.155322	-0.980582	28.1616	1372.68	135.519	-90.6441	4974.67	0.000616981	274.806
35.5340	-0.391778	-4.39509	20.1611	0.767345	1.14028	-8.27284	0.465967	-1.61508	28.1616	1374.51	136.878	-89.2611	4975.74	0.000464373	275.736
35.5347	-0.0816205	-5.02297	4.60117	1.08331	2.05775	-8.90516	1.06137	-2.82638	28.1616	1375	136.878	-88.9519	4975.74	0.000159203	276.177
35.5353	-0.391778	-4.39509	-20.4238	1.6701	3.27667	-9.19497	0.776611	-4.03769	28.1557	1375.1	136.238	-88.6591	4976.65	0.000159203	277.108
35.5360	1.14269	-3.20214	-45.141	0.767345	3.27667	-9.19497	-1.37201	-4.38378	28.1557	1374.51	134.88	-89.1146	4975.89	0.000159203	278.479
35.5367	2.05684	-3.20214	-52.1592	-0.135414	2.35921	-9.80094	-2.89935	-4.03769	28.1557	1373.92	134.001	-89.7167	4974.67	0.000159203	279.851
35.5373	1.43652	-3.20214	-38.4307	-0.135414	1.44174	-8.27284	-3.20999	-2.82638	28.1557	1373.92	133.042	-89.8794	4974.98	0.000311811	281.06
35.5380	0.832529	-3.20214	-20.1161	-0.135414	1.44174	-4.00469	-3.20999	-1.32667	28.1497	1373.59	132.003	-90.0258	4974.67	0.000311811	282.432
35.5387	0.522371	-3.51608	-12.49	-0.451379	1.74319	-1.26464	-3.20999	-0.115363	28.1497	1373.43	130.885	-90.4814	4973.3	6.59448e-006	283.664
35.5393	-0.0816205	-3.51608	-12.49	-0.767345	0.524268	-2.47658	-2.89935	-0.115363	28.1557	1373.75	130.645	-90.1722	4973.45	-0.000298575	284.571
35.5400	-1.59976	-2.57427	-12.7977	-1.08331	-0.393201	-4.00469	-1.96742	-0.692176	28.1557	1374.35	131.364	-89.4238	4974.82	-0.000451137	285.803
35.5407	-1.59976	-1.38132	-13.7135	-1.6701	-1.31067	-4.32085	-1.37201	-0.692176	28.1497	1376.02	132.323	-88.2035	4975.74	-0.000756307	287.013
35.5413	0.228537	-1.38132	-14.9294	-1.6701	-3.74852	-4.32085	-1.68266	-0.692176	28.1438	1376.78	132.882	-86.5113	4977.11	-0.000451137	287.617
35.5420	2.66083	-2.26033	-13.7135	-1.08331	-5.88491	-4.32085	-1.68266	-0.403769	28.1438	1376.67	132.483	-86.3649	4977.42	0.000159203	288.849
35.5427	6.33375	-2.00919	-12.49	-1.35414	-4.35142	-3.39871	-0.465967	0.230725	28.1497	1376.51	131.204	-87.7316	4975.59	6.59448e-006	290.988
35.5433	8.76604	-1.38132	-14.0137	-2.57286	-1.91358	-2.79274	0.776611	0.230725	28.1497	1374.67	129.367	-88.8055	4974.37	-0.000603745	291.756
35.5440	7.54173	-1.69525	-11.5742	-1.98607	-0.996109	-3.08255	2.30395	-0.403769	28.1438	1372.24	127.289	-89.8794	4973.75	-0.000451137	292.663
35.5447	6.02359	-2.00919	-0.585468	-0.767345	0.524268	-4.61066	4.11604	0.519132	28.1369	1371.6	126.33	-90.7905	4972.99	-0.000298575	294.802
35.5453	4.48913	-2.00919	8.87208	-1.35414	1.44174	-5.84895	5.64338	1.73044	28.1438	1371.6	125.851	-91.0997	4972.38	-0.000298575	295.708
35.5460	1.43652	-2.26033	13.4507	-1.6701	1.74319	-5.24298	6.86007	2.01885	28.1438	1372.08	125.611	-90.7905	4972.53	-0.000451137	296.476
35.5467	-0.391778	-2.88821	18.3296	-1.08331	0.825722	-4.32085	6.57531	1.73044	28.1369	1372.68	126.17	-90.0258	4973.45	-0.000298575	298.313
35.5473	2.36699	-3.20214	23.5238	-1.08331	-0.694655	-4.32085	5.33273	1.44203	28.131	1373.16	126.33	-89.5702	4973.91	-0.000145967	299.684
35.5480	5.10944	-3.20214	26.5712	-1.35414	-1.91358	-4.00469	4.42668	1.15363	28.1369	1373.27	126.17	-89.4238	4973.75	-0.000145967	300.754
35.5487	4.79928	-2.57427	29.3184	-1.35414	-1.91358	-2.79274	2.89935	0.230725	28.1369	1373.16	126.011	-89.5702	4973.6	-0.000145967	301.824
35.5493	1.14269	-2.26033	26.5712	-1.35414	-1.91358	-0.658665	1.06137	-1.32667	28.131	1373.43	125.771	-89.2611	4973.91	6.59448e-006	302.893
35.5500	-4.35853	-2.00919	6.74038	-1.08331	-1.91358	0.263466	0.776611	-1.61508	28.1369	1373.16	125.132	-89.5702	4973.6	6.59448e-006	304.265
35.5507	-4.65237	-0.753445	-18.9001	-0.767345	-1.31067	0.263466	0.465967	-0.403769	28.1369	1371.6	123.933	-91.3925	4972.08	-0.000145967	305.939
35.5513	-1.90992	-0.753445	-32.0206	-1.08331	-0.393201	0.579626	-0.155322	-0.115363	28.131	1370.41	122.255	-92.4664	4970.86	6.59448e-006	307.311
35.5520	-2.22008	-1.69525	-28.6654	-0.451379	0.825722	0.263466	-1.06137	-0.692176	28.1369	1370.25	121.456	-92.4664	4970.86	6.59448e-006	308.543
35.5527	-4.04838	-2.57427	-10.0505	0.135414	2.05775	-1.87061	-1.06137	-0.692176	28.1369	1371.33	122.415	-91.2461	4972.23	6.59448e-006	309.589
35.5533	-6.49699	-3.20214	6.12489	0.135414	2.66066	-3.71487	-0.465967	-0.692176	28.131	1373	123.933	-89.4238	4974.37	0.000311811	310.357
35.5540	-7.70497	-2.88821	5.20916	-0.767345	3.27667	-2.79274	0.155322	-1.90348	28.131	1374.08	125.451	-88.3499	4975.74	0.000311811	311.287
35.5547	-6.49699	-2.57427	-1.5012	-1.98607	3.57813	-2.18677	0.155322	-1.90348	28.1369	1375	126.011	-87.4388	4976.5	0.000159203	312.356
35.5553	-5.87667	-1.38132	-5.47187	-1.98607	3.27667	-1.87061	0.776611	-0.692176	28.1369	1375.43	125.851	-87.276	4976.5	6.59448e-006	314.03
35.5560	-5.58284	-0.43951	-8.21906	-1.98607	2.05775	-0.948478	1.37201	-1.61508	28.131	1374.67	124.812	-87.7316	4975.89	0.000159203	315.239
35.5567	-4.96252	-0.753445	-8.82705	-2.30203	1.14028	-1.26464	1.9933	-3.46088	28.131	1374.19	123.773	-88.3499	4974.98	6.59448e-006	316.472
35.5573	-2.22008	-1.38132	-8.21906	-1.35414	0.222814	-1.87061	3.20999	-4.03769	28.1369	1374.08	123.773	-88.9519	4974.52	-0.000451137	317.541
35.5580	2.66083	-1.69525	-7.30333	-0.135414	-0.996109	-0.658665	3.52064	-3.46088	28.1369	1373.75	123.134	-89.7167	4973.91	-0.000145967	318.611
35.5587	5.10944	-1.06738	-5.47187	0.451379	-0.996109	-0.0526932	3.52064	-2.53798	28.1369	1373.75	122.255	-90.0258	4973.14	0.000311811	319.82
35.5593	4.19529	-1.38132	-4.55614	0.135414	0.524268	-0.658665	4.11604	-1.90348	28.1369	1373.43	122.095	-89.7167	4973.6	-0.000145967	321.355
35.5600	2.97098	-1.06738	-4.24839	-1.08331	-0.0786402	0.263466	4.42668	-1.32667	28.1369	1373.75	122.655	-88.6591	4974.82	6.59448e-006	322.564
35.5607	1.74668	0.125574	-3.03242	-1.6701	-2.52959	1.79157	3.83128	-1.61508	28.1369	1375.27	123.613	-87.1296	4976.35	0.000311811	323.494
35.5613	0.522371	-0.125574	-1.20096	-0.451379	-0.996109	2.7137	3.20999	-1.32667	28.1369	1376.18	124.173	-86.3649	4977.42	0.000159203	324.563
35.5620	0.228537	-0.753445	-0.585468	0.135414	3.87958	3.31967	3.52064	0.807538	28.1369	1376.35	124.652	-86.2185	4977.72	-0.000145967	325.935
35.5627	-0.391778	-0.43951	0.330264	-1.08331	6.31743	4.24181	3.83128	1.15363	28.1369	1375.59	123.773	-86.9832	4976.35	6.59448e-006	327.749
35.5633	-1.59976	0.125574	2.16173	-1.6701	3.27667	4.84778	2.5887	0.519132	28.1438	1374.51	122.255	-88.3499	4974.06	-0.000298575	330.353
35.5640	-0.99577	-0.43951	2.46197	-1.08331	0.222814	5.45375	0.776611	1.44203	28.1369	1372.84	120.577	-89.4238	4973.3	-0.000451137	330.957
35.5647	0.522371	-1.06738	0.938249	-0.767345	0.524268	6.37588	-1.06137	3.28783	28.1369	1371.16	118.899	-90.6441	4972.69	-0.000298575	331.26
35.5653	1.14269	-1.06738	-0.285228	-0.767345	1.44174	6.37588	-2.5887	5.42204	28.1369	1371.33	118.579	-91.0997	4972.38	-0.000145967	332.957
35.5660	0.522371	-1.06738	-1.20096	-1.35414	1.44174	5.45375	-2.5887	7.21016	28.1369	1372.51	119.139	-90.0258	4972.99	-0.000298575	334.468
35.5667	1.14269	-0.43951	-1.20096	-1.6701	0.825722	4.53162	-1.37201	7.84466	28.1369	1373	119.458	-89.4238	4973.75	-0.000145967	335.701
35.5673	2.97098	-0.125574	-0.585468	-0.451379	0.222814	4.24181	-0.155322	5.07595	28.1369	1372.51	118.979	-89.7167	4973.6	0.000464373	336.607
35.5680	3.88513	0.125574	-0.585468	-0.135414	0.524268	4.24181	-0.465967	-0.403769	28.1369	1372.08	118.42	-89.8794	4973.75	0.000464373	337.072
35.5687	2.36699	0.43951	-0.585468	-0.451379	0.524268	3.92565	-1.68266	-3.11479	28.1438	1372.84	118.979	-90.0258	4973.91	-0.000145967	338.584
35.5693	0.228537	0.753445	0.022518	-0.767345	-0.0786402	3.92565	-1.96742	-2.82638	28.1438	1373.43	118.979	-89.8794	4972.99	-0.000603745	340.583
35.5700	-1.90992	0.125574	0.022518	-0.135414	-0.393201	4.84778	-1.37201	-0.692176	28.1369	1372.68	117.301	-90.3349	4972.53	-0.000145967	341.955
35.5707	-1.90992	-0.125574	0.022518	0.135414	-0.0786402	6.98185	-1.37201	1.44203	28.1438	1371.16	116.102	-91.2461	4972.08	0.000311811	343.327
35.5713	-0.0816205	0.125574	0.022518	1.35414	-0.0786402	7.90399	-1.37201	0.807538	28.1438	1370.08	115.223	-92.32	4970.4	6.59448e-006	344.699
35.5720	1.43652	0.43951	1.24599	1.98607	-0.0786402	7.27167	0.155322	-2.24957	28.1438	1370.25	114.584	-92.6128	4970.25	-0.000451137	345.908
35.5727	1.43652	-0.43951	4.90892	1.98607	-0.393201	7.27167	1.06137	-4.38378	28.1438	1371.43	115.543	-91.7017	4971.92	-0.000145967	346.838
35.5733	1.43652	-1.38132	9.17983	1.6701	-0.0786402	7.58783	1.06137	-5.88349	28.1497	1373.16	117.221	-89.8794	4973.91	0.000159203	348.047
35.5740	1.14269	-0.43951	11.3115	1.35414	0.524268	7.90399	1.06137	-6.80639	28.1497	1374.83	118.739	-88.0408	4975.59	6.59448e-006	349.419
35.5747	0.522371	0.43951	11.0113	0.767345	0.825722	8.50996	0.776611	-7.0948	28.1497	1375.59	119.299	-87.4388	4976.65	0.000159203	350.651
35.5753	0.522371	0.43951	9.78782	0.135414	0.825722	8.79977	0.155322	-7.0948	28.1497	1375.59	119.458	-87.4388	4976.5	0.000311811	351.558
35.5760	1.14269	1.38132	8.56434	0.451379	0.524268	7.58783	0.465967	-6.1719	28.1497	1375.1	118.739	-88.2035	4975.13	0.000159203	352.93
35.5767	1.43652	0.753445	8.2641	0.451379	0.524268	6.05972	1.68266	-4.03769	28.1497	1374.19	117.221	-89.4238	4974.21	6.59448e-006	354.766
35.5773	1.74668	-0.43951	7.04062	0.767345	0.222814	7.58783	3.52064	-1.90348	28.1557	1373.59	116.262	-90.3349	4973.75	0.000616981	355.999
35.5780	0.228537	-0.753445	0.630503	0.767345	-0.694655	10.3279	4.11604	-1.90348	28.1557	1373.43	115.783	-90.4814	4973.6	0.000616981	356.743
35.5787	-2.22008	-0.753445	-10.9663	0.451379	-0.393201	11.25	4.11604	-3.11479	28.1557	1373.59	116.102	-90.0258	4974.21	-0.000298575	358.277
35.5793	-3.44438	-1.06738	-14.0137	-0.135414	0.222814	10.644	4.11604	-3.74928	28.1557	1373.75	116.102	-89.7167	4974.98	-0.000145967	359.951
35.5800	-4.65237	-0.753445	-7.60357	-1.35414	0.222814	9.11593	3.83128	-3.74928	28.1557	1374.51	116.582	-89.1146	4975.59	6.59448e-006	361.021
35.5807	-3.13423	-0.753445	-3.03242	-0.767345	1.44174	8.50996	4.42668	-3.46088	28.1616	1375.59	117.461	-87.8943	4976.96	-0.000298575	361.788
35.5813	-2.82407	0.125574	-0.585468	0.135414	2.05775	7.90399	7.17071	-3.11479	28.1616	1376.51	117.94	-87.1296	4977.72	-0.000145967	363.16
35.5820	-5.87667	-0.125574	0.630503	0.135414	0.825722	6.37588	9.91474	-3.74928	28.1557	1376.94	117.461	-87.1296	4976.96	6.59448e-006	364.369
35.5827	-8.32529	-0.43951	0.630503	-0.135414	0.524268	6.37588	10.8467	-3.74928	28.1557	1375.43	115.543	-88.9519	4975.43	-0.000298575	365.439
35.5833	-10.1536	-0.125574	-0.893213	-0.135414	1.14028	6.66569	9.31934	-3.74928	28.1675	1373.59	113.066	-90.6441	4973.45	-0.000298575	367.578
35.5840	-10.7576	0.753445	-1.5012	0.135414	2.05775	6.98185	7.17071	-6.80639	28.1675	1372.68	112.187	-91.0997	4972.53	-0.000298575	369.415
35.5847	-10.4637	1.06738	-0.585468	0.767345	2.66066	8.1938	5.64338	-8.6522	28.1675	1371.6	110.908	-91.5552	4972.53	-0.000145967	370.484
35.5853	-14.1203	0.43951	0.330264	1.08331	2.05775	9.40574	3.83128	-4.67219	28.1744	1371.43	110.349	-91.5552	4972.84	6.59448e-006	371.856
35.5860	-18.0871	0.125574	0.330264	1.35414	1.44174	10.3279	3.20999	-0.980582	28.1675	1372.24	110.589	-90.6441	4973.3	0.000159203	373.088
35.5867	-19.0012	-0.43951	-0.893213	2.30203	1.44174	7.90399	1.9933	-1.32667	28.1616	1373.16	110.589	-90.4814	4973.45	0.000159203	374.297
35.5873	-27.5551	-0.753445	-1.80894	2.88883	2.35921	3.60949	-5.95402	-3.11479	28.1675	1373.43	110.509	-90.1722	4974.06	6.59448e-006	375.367
35.5880	-24.5025	-0.43951	-1.5012	2.57286	2.05775	0.869438	-14.1861	-7.0948	28.1803	1373.16	110.749	-89.5702	4974.21	6.59448e-006	376.739
35.5887	10.5943	-0.125574	-0.893213	2.57286	1.44174	-0.658665	-12.9694	-20.2461	28.1744	1373.59	111.388	-89.1146	4974.37	-0.000451137	378.576
35.5893	35.0152	-0.125574	-0.285228	2.88883	0.825722	-0.948478	-8.69805	-43.434	28.1803	1373.75	110.749	-89.4238	4974.06	6.59448e-006	379.948
35.5900	26.7715	-0.43951	0.330264	3.20479	0.825722	-1.26464	-7.17071	-67.2564	28.1803	1372.68	108.671	-90.6441	4972.69	6.59448e-006	381.017
35.5907	14.2673	-1.06738	1.54623	3.52076	1.14028	-1.87061	-6.23878	-78.2159	28.1803	1371.16	107.153	-92.0108	4971.77	6.59448e-006	382.389
35.5913	6.62758	-0.753445	1.24599	3.52076	0.825722	-2.47658	-7.17071	-73.659	28.1862	1369.65	106.514	-92.6128	4970.7	0.000159203	384.063
35.5920	2.05684	-0.43951	0.330264	3.20479	0.524268	-3.39871	-8.3874	-64.1993	28.1862	1369.49	106.034	-92.1573	4970.7	6.59448e-006	384.528
35.5927	1.74668	-0.125574	0.022518	2.57286	0.222814	-4.00469	-7.76611	-50.4711	28.1922	1370.57	106.354	-90.7905	4972.53	6.59448e-006	384.97
35.5933	3.57498	-0.43951	-0.893213	1.98607	-0.694655	-4.92682	-6.86007	-35.1856	28.1922	1372.68	108.352	-89.1146	4974.06	-0.000298575	386.342
35.5940	4.79928	-0.125574	-1.20096	1.35414	-1.31067	-4.32085	-5.33273	-18.6887	28.1981	1374.67	110.349	-88.4964	4974.67	-0.000145967	388.481
35.5947	4.48913	-0.125574	-0.585468	1.08331	-1.61212	-1.5808	-4.42668	13.036	28.1922	1375.27	110.589	-88.2035	4975.43	0.000616981	389.853
35.5953	3.57498	0.125574	0.330264	1.35414	-2.52959	0.869438	-3.20999	33.4552	28.1922	1374.83	110.349	-87.5852	4976.2	-0.000145967	390.48
35.5960	2.97098	1.69525	0.630503	0.767345	-2.21503	2.7137	-2.27806	11.4786	28.1981	1374.83	110.03	-88.0408	4975.13	-0.000603745	392.619
35.5967	3.28114	2.88821	0.630503	-0.767345	-1.31067	1.79157	-2.27806	-9.5751	28.1981	1374.19	109.23	-89.1146	4974.21	6.59448e-006	394.735
35.5973	2.97098	3.20214	2.46197	-1.6701	-0.694655	-0.948478	-1.68266	7.84466	28.1981	1373.27	108.671	-88.9519	4974.67	0.000311811	395.061
35.5980	1.74668	4.14395	6.43264	-1.98607	-0.996109	-1.87061	-0.750724	39.9155	28.1981	1373.27	108.671	-88.8055	4974.37	0.000616981	396.433
35.5987	1.14269	4.70903	6.12489	-1.98607	-1.61212	-1.26464	-1.06137	63.1034	28.205	1373.75	108.831	-88.9519	4973.91	0.000159203	398.246
35.5993	0.522371	4.70903	3.3777	-3.20479	-1.31067	2.39754	-0.465967	65.2376	28.205	1373.59	108.511	-88.9519	4974.37	-0.000756307	399.176
35.6000	-1.30593	5.3369	2.46197	-5.64224	-0.996109	6.05972	0.155322	50.2404	28.205	1374.51	109.071	-88.2035	4975.43	-0.000145967	400.548
35.6007	-2.22008	5.96477	0.330264	-6.86097	-0.694655	7.90399	1.06137	36.8584	28.2109	1375.86	110.908	-86.3649	4977.42	6.59448e-006	401.618
35.6013	-0.99577	5.65084	-2.72468	-6.86097	-0.0786402	10.644	1.9933	35.0126	28.2109	1376.78	111.867	-85.7466	4978.03	-0.000756307	402.827
35.6020	-1.90992	3.20214	-0.893213	-5.05545	-0.694655	13.0679	2.89935	40.7807	28.205	1376.67	111.068	-86.674	4976.5	-0.000451137	404.826
35.6027	-5.27268	1.38132	-2.11669	-2.57286	-1.61212	13.9901	4.42668	45.6836	28.2109	1374.35	108.911	-88.2035	4974.82	0.000311811	405.873
35.6033	-6.79082	0.43951	-18.5923	-1.35414	-1.91358	14.3062	5.64338	45.972	28.2109	1372.68	107.153	-89.8794	4973.3	6.59448e-006	407.105
35.6040	-4.35853	-0.125574	-27.1342	-1.08331	-0.996109	12.4619	5.64338	41.7036	28.2227	1371.76	106.034	-90.937	4972.38	-0.000298575	409.081
35.6047	-3.73822	-0.43951	-2.41693	-0.767345	-0.996109	10.9338	4.11604	35.5894	28.2227	1371.33	105.475	-91.3925	4971.62	-0.000298575	410.755
35.6053	-6.18683	-1.06738	27.4869	0.451379	-1.31067	12.4619	4.11604	28.6099	28.2227	1371.76	105.555	-91.0997	4972.08	-0.000451137	411.988
35.6060	-8.32529	-2.00919	37.56	1.35414	-1.31067	14.9122	8.69805	21.5728	28.2227	1372.24	105.715	-90.7905	4973.3	-0.000298575	413.057
35.6067	-10.4637	-2.26033	34.5051	1.35414	-1.31067	16.1241	12.374	17.016	28.2286	1372.84	106.354	-90.3349	4973.6	0.000159203	414.266
35.6073	-13.2062	-2.26033	25.6555	1.35414	-1.61212	16.1241	13.2801	14.5357	28.2286	1373.43	106.993	-89.4238	4973.91	0.000464373	415.964
35.6080	-8.61912	-1.38132	19.5531	1.08331	-0.996109	15.8343	13.2801	13.3244	28.2346	1373	106.514	-89.5702	4973.75	6.59448e-006	417.335
35.6087	6.33375	-1.69525	24.7398	0.451379	-0.0786402	14.9122	12.6588	11.8247	28.2346	1373	105.874	-89.7167	4973.6	-0.000145967	418.405
35.6093	17.6137	-1.69525	30.8421	0.767345	-0.393201	13.9901	11.1314	10.9018	28.2346	1373.59	105.715	-89.4238	4973.91	0.000311811	419.916
35.6100	14.5611	-1.69525	8.56434	1.6701	-0.694655	12.7781	10.2254	10.6134	28.2346	1373.16	104.996	-90.3349	4972.84	6.59448e-006	422.218
35.6107	8.76604	-1.69525	-38.1229	1.6701	-0.393201	11.25	12.9694	9.97887	28.2286	1371.33	103.317	-91.5552	4971.62	-0.000451137	423.59
35.6113	6.02359	-1.38132	-59.7927	1.35414	0.524268	10.644	16.6454	9.34437	28.2415	1369.65	101.639	-92.32	4971.16	-0.000145967	424.194
35.6120	2.05684	-0.753445	-37.8227	1.98607	1.14028	9.7219	14.8074	8.76756	28.2474	1370.25	101.639	-92.4664	4971.01	0.000159203	426.031
35.6127	-1.90992	-1.06738	-13.7135	2.30203	0.524268	8.1938	6.57531	8.13306	28.2415	1371.6	102.998	-91.3925	4971.92	0.000159203	427.543
35.6133	-4.04838	-1.69525	-10.6585	2.57286	0.524268	6.98185	-0.465967	7.21016	28.2415	1373.27	104.516	-89.2611	4974.21	6.59448e-006	428.17
35.6140	-4.65237	-1.06738	-14.3214	2.57286	-0.0786402	6.37588	-8.07676	7.21016	28.2474	1375.1	105.475	-87.7316	4975.89	-0.000298575	429.077
35.6147	-4.04838	-1.38132	-14.3214	2.30203	-0.393201	6.05972	-19.9848	6.34494	28.2474	1375.43	105.475	-87.276	4976.35	6.59448e-006	430.286
35.6153	-2.53023	-1.69525	-10.0505	1.98607	-0.0786402	5.45375	-26.0941	5.07595	28.2474	1375	104.836	-87.7316	4975.74	0.000311811	431.984
35.6160	-1.30593	-1.69525	-8.21906	2.30203	0.222814	5.13759	-23.9455	5.07595	28.2533	1375	104.037	-88.4964	4974.52	-0.000145967	433.96
35.6167	-0.99577	-1.38132	-3.33266	2.88883	0.825722	4.53162	-18.7681	3.86465	28.2474	1374.35	103.317	-88.9519	4974.21	-0.000298575	435.332
35.6173	-0.391778	-1.06738	6.43264	2.57286	0.825722	2.39754	-13.2801	1.73044	28.2474	1373.27	102.518	-88.8055	4974.52	-0.000298575	435.936
35.6180	0.228537	-1.38132	7.95635	2.57286	-0.0786402	0.263466	-11.1314	1.73044	28.2533	1373.27	102.518	-88.6591	4974.21	-0.000603745	437.169
35.6187	0.832529	-2.00919	3.68544	2.88883	-0.393201	0.579626	-10.536	3.28783	28.2533	1373.59	102.359	-88.8055	4973.91	-0.000756307	438.54
35.6193	1.14269	-1.69525	3.68544	2.88883	-0.694655	2.08138	-9.00869	2.65334	28.2474	1373.16	101.48	-88.9519	4974.37	-0.000145967	439.75
35.6200	0.832529	-1.06738	8.2641	2.88883	-0.694655	3.00351	-7.17071	1.73044	28.2533	1374.08	101.799	-88.2035	4975.43	0.000159203	441.447
35.6207	2.05684	-1.38132	16.1979	3.20479	-1.31067	2.08138	-6.86007	0.807538	28.2533	1375.86	103.317	-86.8205	4976.81	6.59448e-006	442.656
35.6213	4.79928	-1.38132	26.879	2.57286	-2.21503	0.869438	-8.07676	-0.692176	28.2533	1376.51	103.877	-85.9093	4977.42	-0.000145967	443.725
35.6220	7.2479	-0.753445	28.1024	2.57286	-2.52959	0.579626	-9.91474	-0.403769	28.2592	1376.35	103.637	-86.2185	4977.26	-0.000298575	445.4
35.6227	7.85189	-0.43951	8.87208	3.83672	-3.1325	0.869438	-10.2254	0.519132	28.2592	1375.43	102.359	-87.4388	4975.89	-0.000451137	447.074
35.6233	7.2479	-0.125574	-16.7609	3.83672	-3.74852	0.579626	-8.3874	0.807538	28.2592	1373.16	99.8017	-89.2611	4972.99	-0.000145967	448.445
35.6240	5.4196	0.125574	-34.7678	2.30203	-3.1325	-0.658665	-6.23878	0.519132	28.2592	1371.6	97.6442	-91.2461	4971.47	-0.000145967	449.841
35.6247	2.97098	-0.43951	-37.515	1.98607	-1.31067	0.579626	-4.42668	0.519132	28.2592	1371.43	97.0849	-91.5552	4971.77	-0.000451137	451.352
35.6253	2.66083	-0.753445	-26.5262	2.57286	-0.0786402	3.00351	-3.49475	-0.115363	28.2533	1371.6	97.3246	-90.7905	4972.38	-0.000451137	452.886
35.6260	4.19529	-0.125574	-23.171	1.98607	1.14028	3.00351	-2.5887	-0.980582	28.2592	1372.08	97.4844	-90.1722	4972.99	-0.000451137	454.095
35.6267	4.48913	1.06738	-25.3102	0.767345	2.35921	1.47541	-0.155322	-1.32667	28.2651	1372.35	97.0849	-90.1722	4973.14	-0.000145967	455.467
35.6273	3.28114	1.06738	-17.3689	0.135414	1.44174	1.1856	1.37201	-2.53798	28.2651	1373	96.6055	-90.1722	4973.14	-0.000145967	456.839
35.6280	2.05684	1.06738	-7.91132	0.135414	0.222814	1.47541	0.776611	-3.74928	28.2651	1373.16	96.9251	-89.8794	4973.45	-0.000145967	457.769
35.6287	0.832529	0.753445	-0.893213	0.767345	0.222814	0.579626	1.06137	-4.67219	28.2651	1373.27	97.4844	-89.4238	4973.75	0.000159203	459.281
35.6293	-1.30593	1.38132	5.51691	0.451379	0.524268	-2.47658	1.9933	-5.59509	28.2592	1373.43	97.6442	-89.1146	4973.91	6.59448e-006	461.117
35.6300	-3.44438	1.69525	7.95635	0.451379	0.825722	-4.00469	2.89935	-6.80639	28.2592	1372.51	96.2858	-90.0258	4972.84	-0.000145967	462.954
35.6307	-4.35853	1.69525	8.2641	1.35414	0.825722	-2.18677	5.64338	-5.59509	28.2651	1371.16	94.6078	-91.7017	4971.31	6.59448e-006	464.489
35.6313	-4.35853	1.06738	9.78782	1.08331	1.14028	0.263466	7.48136	-5.88349	28.2651	1370.25	94.1284	-92.1573	4970.7	0.000159203	465.698
35.6320	-4.04838	-0.753445	11.6193	0.767345	2.05775	1.47541	7.792	-5.59509	28.2592	1370.25	94.6078	-92.32	4971.01	0.000159203	466.605
35.6327	-3.44438	-0.753445	11.3115	1.08331	2.66066	0.869438	9.00869	-2.82638	28.2592	1371.6	95.4069	-91.5552	4972.23	0.000311811	467.837
35.6333	-2.22008	-0.753445	10.3958	1.08331	1.44174	2.39754	10.536	-1.61508	28.2651	1373.43	96.7653	-89.7167	4974.21	0.000616981	469.046
35.6340	-0.0816205	-1.69525	14.0587	0.451379	-0.694655	5.13759	10.536	2.94175	28.2651	1374.51	98.1237	-88.6591	4975.43	0.000311811	470.418
35.6347	1.43652	-1.06738	15.8902	-0.135414	-1.61212	6.05972	9.00869	9.97887	28.2651	1375.1	99.1624	-87.7316	4976.35	0.000311811	471.185
35.6353	0.522371	0.125574	14.0587	-0.767345	-1.91358	5.74356	7.48136	9.69046	28.2651	1374.83	98.6031	-87.7316	4975.89	0.000616981	471.952
35.6360	-0.391778	0.125574	18.0294	-1.35414	-1.31067	4.84778	6.26466	7.21016	28.272	1374.08	97.1648	-89.4238	4974.67	0.000311811	473.626
35.6367	-0.0816205	0.43951	22.6081	-0.767345	0.524268	3.60949	5.04797	10.6134	28.272	1373.75	97.0849	-89.5702	4974.37	-0.000145967	475.463
35.6373	-1.30593	-0.125574	19.5531	0.135414	2.66066	2.7137	3.20999	15.4586	28.2651	1373.43	96.6055	-89.4238	4974.52	-0.000145967	476.835
35.6380	-3.73822	-1.06738	15.2822	0.767345	4.4956	2.39754	1.9933	8.13306	28.2651	1373.43	95.8064	-89.8794	4974.67	6.59448e-006	478.37
35.6387	-4.35853	-0.753445	11.927	1.08331	5.09851	1.47541	1.37201	-8.9406	28.2651	1373.59	95.6466	-90.0258	4974.98	6.59448e-006	479.881
35.6393	-4.65237	-0.43951	10.3958	1.6701	0.825722	-0.0526932	1.06137	-18.4003	28.2651	1373.92	95.4069	-89.8794	4974.67	6.59448e-006	480.951
35.6400	-4.35853	-1.69525	11.927	2.88883	-7.40528	-0.342506	2.30395	-21.7459	28.2592	1374.51	95.4868	-89.2611	4975.28	-0.000298575	481.578
35.6407	-0.99577	-3.20214	7.04062	2.88883	-14.129	-0.948478	4.42668	-28.4946	28.2651	1375.59	96.126	-88.0408	4976.5	-0.000451137	482.787
35.6413	2.97098	-3.20214	-5.16412	2.88883	-17.4843	-2.47658	5.64338	-36.1085	28.272	1376.78	96.7653	-86.9832	4977.26	-0.000145967	484.462
35.6420	3.88513	-4.14395	-17.9844	4.10755	-17.7858	-4.00469	6.57531	-41.5882	28.272	1376.51	96.4456	-86.9832	4977.42	-0.000298575	485.066
35.6427	3.28114	-5.3369	-25.6105	6.545	-16.5669	-4.32085	6.86007	-48.6253	28.272	1374.35	93.8088	-88.9519	4975.43	-0.000298575	486.136
35.6433	1.74668	-4.39509	-17.0686	7.76372	-11.6781	-6.13876	5.04797	-68.4677	28.2651	1373	91.4116	-91.3925	4972.69	-0.000298575	488.74
35.6440	0.832529	-2.88821	-0.893213	6.86097	-0.694655	-9.19497	3.20999	-91.0211	28.2651	1372.51	90.4528	-92.32	4971.47	-0.000451137	490.716
35.6447	-0.685612	-2.00919	6.74038	5.05545	12.4251	-11.0392	1.68266	-75.4472	28.2651	1371.43	90.0532	-92.32	4971.47	-0.000298575	491.483
35.6453	-2.53023	-0.753445	12.2273	3.20479	17.6154	-11.935	1.68266	-35.8201	28.2651	1371.33	89.8934	-91.5552	4972.53	-0.000298575	492.39
35.6460	-3.13423	0.753445	21.6923	1.35414	15.479	-13.4631	2.5887	-19.9001	28.272	1372.51	90.0532	-90.7905	4973.45	-0.000145967	494.227
35.6467	-1.90992	3.20214	28.7104	-1.08331	12.1237	-15.9134	2.30395	-11.3632	28.2651	1373	90.2929	-90.3349	4973.45	-0.000145967	495.297
35.6473	-0.391778	5.3369	30.2341	-3.52076	8.45382	-18.0474	1.68266	10.9018	28.2592	1372.51	89.7336	-90.3349	4973.6	-0.000145967	495.901
35.6480	1.14269	7.47166	35.4208	-5.05545	5.71452	-18.9696	1.37201	24.6299	28.2592	1372.84	89.5738	-89.8794	4974.06	-0.000298575	497.598
35.6487	1.74668	10.5482	32.9813	-7.4929	4.4956	-20.7875	1.06137	26.1296	28.2592	1373.27	90.0532	-89.2611	4974.21	6.59448e-006	498.97
35.6493	1.74668	13.2481	-0.585468	-11.1491	3.27667	-22.3156	0.155322	48.7407	28.2651	1372.68	89.7336	-89.7167	4974.21	6.59448e-006	499.575
35.6500	1.74668	13.8759	-36.2915	-12.3678	2.05775	-21.7096	-1.68266	84.157	28.2651	1371.6	88.535	-90.937	4973.3	-0.000145967	500.784
35.6507	2.36699	13.8759	-41.4781	-12.3678	1.74319	-19.5755	-3.20999	86.2912	28.2592	1370.57	86.857	-92.4664	4971.31	0.000311811	502.923
35.6513	2.05684	13.2481	-27.7497	-12.3678	1.44174	-18.6534	-5.64338	65.2376	28.2651	1370.25	86.058	-92.7755	4971.01	0.000616981	504.76
35.6520	1.43652	12.0551	-14.0137	-12.0518	1.14028	-18.0474	-7.17071	66.7373	28.2651	1371	86.5374	-91.8644	4971.77	0.000311811	506.294
35.6527	0.522371	9.60642	-9.13479	-9.93034	1.44174	-15.5972	-6.54942	94.8281	28.2533	1372.08	87.2565	-90.6441	4972.84	0.000159203	506.899
35.6533	-0.0816205	6.52986	-9.74278	-7.17693	1.44174	-11.329	-5.95402	99.0965	28.2592	1373.27	88.3752	-88.9519	4974.37	0.000311811	507.666
35.6540	0.228537	3.83001	-10.3508	-4.73948	0.825722	-7.37705	-6.23878	52.0862	28.2592	1374.83	89.8934	-87.4388	4976.04	0.000311811	509.34
35.6547	0.522371	2.26033	-10.0505	-3.20479	0.222814	-2.79274	-5.33273	-6.51799	28.2533	1375.59	90.4528	-87.1296	4976.65	6.59448e-006	510.41
35.6553	0.522371	1.06738	-8.21906	-2.88883	0.524268	3.00351	-4.73733	-44.0108	28.2592	1374.83	89.5738	-87.5852	4976.2	0.000464373	511.177
35.6560	0.832529	-0.753445	-6.3876	-2.88883	1.44174	7.27167	-5.33273	-57.1622	28.2533	1374.51	88.9345	-87.8943	4975.43	0.000616981	512.991
35.6567	1.14269	-1.06738	-5.47187	-2.30203	1.14028	8.79977	-5.95402	-48.9137	28.2474	1374.35	88.9345	-88.3499	4974.37	-0.000451137	514.525
35.6573	1.43652	-1.38132	-3.64041	-1.08331	0.524268	9.40574	-5.02209	-32.4169	28.2533	1373.75	87.8958	-88.4964	4974.37	-0.000145967	515.595
35.6580	1.14269	-2.26033	-1.20096	-0.451379	-0.0786402	10.9338	-4.11604	-23.8801	28.2533	1374.08	86.9369	-88.6591	4974.67	0.000769543	517.129
35.6587	0.522371	-4.14395	-0.585468	0.451379	0.524268	13.0679	-3.8054	-29.9943	28.2474	1373.92	86.5374	-89.1146	4974.21	6.59448e-006	518.199
35.6593	0.832529	-5.3369	-0.893213	0.767345	1.14028	14.596	-4.42668	-41.2998	28.2474	1373.75	86.5374	-88.9519	4974.21	-0.000298575	519.245
35.6600	1.74668	-4.70903	-0.893213	1.35414	1.14028	15.8343	-5.33273	-52.8938	28.2533	1374.83	87.2565	-87.8943	4975.28	6.59448e-006	520.78
35.6607	1.14269	-4.70903	-1.20096	1.98607	1.14028	17.0463	-5.02209	-67.8332	28.2533	1375.86	88.3752	-86.3649	4976.96	6.59448e-006	522.012
35.6613	0.228537	-4.70903	-0.893213	1.98607	0.825722	18.2582	-3.20999	-74.8703	28.2474	1376.78	88.535	-85.6002	4977.88	-0.000145967	522.919
35.6620	0.832529	-4.14395	-0.893213	0.451379	-0.393201	17.6522	-0.750724	-62.0651	28.2474	1376.94	87.8958	-86.0557	4977.26	-0.000145967	523.989
35.6627	1.14269	-3.51608	-1.80894	0.451379	-0.694655	15.8343	1.68266	-38.5311	28.2474	1374.83	85.8981	-87.5852	4975.43	-0.000298575	525.36
35.6633	1.74668	-3.51608	1.24599	1.98607	-0.996109	14.9122	3.83128	-20.5345	28.2474	1372.51	83.3412	-89.7167	4972.99	-0.000298575	527.034
35.6640	2.97098	-4.14395	13.4507	3.20479	-1.91358	13.7002	5.33273	-12.5745	28.2474	1372.35	81.6632	-91.0997	4971.77	-0.000298575	528.569
35.6647	2.97098	-5.02297	25.6555	3.83672	-1.91358	11.5662	6.26466	-6.51799	28.2474	1371.76	80.7043	-91.2461	4971.77	-0.000603745	529.476
35.6653	3.57498	-5.65084	29.0182	3.83672	-1.31067	8.1938	4.73733	-0.980582	28.2415	1371.76	80.8641	-90.4814	4972.69	-0.000298575	530.545
35.6660	3.88513	-5.96477	27.7947	2.88883	-1.31067	4.84778	1.9933	-4.03769	28.2474	1372.84	81.6632	-89.7167	4973.45	0.000464373	532.382
35.6667	2.05684	-5.3369	29.3184	2.30203	-0.996109	3.92565	-0.155322	-9.5751	28.2474	1373	81.0239	-90.0258	4973.45	0.000159203	533.289
35.6673	-0.685612	-4.70903	32.0656	1.6701	-0.996109	3.60949	-1.68266	-11.3632	28.2415	1372.68	80.2249	-90.1722	4973.45	-0.000145967	534.056
35.6680	-2.53023	-4.14395	29.0182	1.08331	-1.31067	3.00351	-2.27806	-11.7093	28.2415	1373	79.9852	-89.5702	4973.91	0.000311811	535.591
35.6687	-3.13423	-3.51608	16.1979	1.08331	-0.694655	2.39754	-0.465967	-7.44089	28.2346	1373.43	79.6655	-89.4238	4973.91	0.000159203	537.102
35.6693	-2.53023	-2.00919	-8.82705	0.767345	-0.393201	0.869438	2.30395	-0.980582	28.2286	1373.59	79.1861	-89.4238	4973.91	-0.000298575	538.474
35.6700	0.228537	-0.753445	-35.6835	-0.135414	0.222814	-0.948478	5.04797	1.73044	28.2346	1371.92	77.5081	-90.6441	4972.84	-0.000298575	540.171
35.6707	3.57498	-0.43951	-41.1779	-0.767345	1.44174	-2.47658	7.17071	-1.90348	28.2346	1370.57	75.5105	-92.32	4970.86	6.59448e-006	541.683
35.6713	4.79928	-0.43951	-23.171	-1.08331	2.05775	-3.71487	7.48136	-23.3032	28.2346	1370.25	74.3119	-92.7755	4970.09	-0.000145967	542.752
35.6720	5.4196	-0.43951	-1.80894	-0.451379	2.05775	-5.24298	7.48136	-58.6619	28.2286	1369.92	73.9923	-92.32	4970.7	-0.000145967	543.217
35.6727	3.88513	0.125574	8.2641	-1.08331	1.74319	-7.37705	6.86007	-75.1587	28.2227	1371.33	74.9511	-91.2461	4972.23	6.59448e-006	544.287
35.6733	0.522371	1.06738	12.8428	-1.6701	0.825722	-8.90516	6.26466	-53.1822	28.2227	1373.43	76.3095	-89.4238	4974.21	6.59448e-006	545.659
35.6740	-0.685612	1.69525	17.7217	-1.35414	0.825722	-10.4069	3.83128	-7.0948	28.2168	1374.67	77.1885	-87.7316	4975.89	0.000159203	546.728
35.6747	-0.0816205	2.00919	18.3296	-0.451379	1.14028	-11.0392	0.776611	37.4352	28.2168	1375.1	77.0287	-87.276	4976.2	0.000311811	547.798
35.6753	0.228537	1.69525	12.8428	0.767345	1.14028	-10.1171	-1.06137	61.8344	28.2168	1375.27	76.7889	-87.5852	4975.74	0.000159203	549.611
35.6760	1.43652	0.753445	-4.85638	1.6701	0.524268	-9.19497	-1.37201	72.8515	28.2109	1374.67	75.9899	-88.0408	4975.59	0.000311811	550.844
35.6767	2.36699	-0.125574	-27.7497	1.6701	-0.0786402	-9.19497	-0.750724	77.1199	28.205	1373.92	74.4717	-89.1146	4974.82	0.000464373	551.611
35.6773	1.43652	-0.43951	-26.2259	1.08331	0.222814	-9.19497	-0.750724	53.0091	28.205	1373.75	73.2731	-89.7167	4974.06	0.000159203	553.285
35.6780	0.832529	-0.43951	-6.3876	0.451379	0.524268	-9.51113	-1.06137	9.05597	28.205	1373.27	72.9535	-89.8794	4973.75	6.59448e-006	554.192
35.6787	1.14269	-0.125574	-2.41693	-1.08331	0.524268	-11.0392	-1.68266	-15.0548	28.205	1372.68	72.7937	-90.1722	4973.6	-0.000298575	554.355
35.6793	0.228537	1.06738	-11.2665	-3.20479	-0.393201	-12.2512	-2.5887	-15.3432	28.205	1373	73.2731	-90.0258	4974.52	-0.000298575	555.564
35.6800	-0.0816205	2.57427	-12.7977	-4.73948	-1.31067	-11.6452	-2.27806	-11.0748	28.1981	1374.08	74.1521	-89.1146	4976.35	-0.000145967	556.633
35.6807	0.522371	2.26033	-13.4057	-4.73948	-0.996109	-8.90516	1.06137	-14.4203	28.1922	1375.1	74.7913	-88.6591	4977.11	6.59448e-006	557.703
35.6813	0.832529	1.06738	-19.2003	-3.52076	-0.694655	-3.08255	4.73733	-39.1656	28.1922	1375.75	74.6315	-88.9519	4976.96	0.000616981	559.377
35.6820	0.832529	0.753445	-19.5081	-2.57286	-1.31067	1.1856	7.48136	-65.9874	28.1922	1375.27	74.1521	-89.5702	4976.2	0.000311811	560.911
35.6827	-0.391778	0.125574	-11.882	-3.20479	-2.52959	0.869438	9.91474	-59.9309	28.1862	1373.92	72.6339	-90.7905	4974.37	-0.000145967	562.283
35.6833	-0.99577	-0.43951	-6.99559	-2.88883	-4.35142	0.579626	11.1314	-36.3969	28.1803	1373.27	70.7961	-91.8644	4973.14	0.000159203	564.725
35.6840	-1.90992	-0.43951	-8.5193	-2.30203	-5.26889	0.263466	11.4421	-17.4774	28.1744	1372.51	69.2779	-92.6128	4972.53	-0.000298575	566.399
35.6847	-3.44438	-0.125574	-10.0505	-2.57286	-6.48781	-0.0526932	9.62998	-3.46088	28.1744	1371.43	68.0793	-93.0847	4972.08	-0.000603745	566.864
35.6853	-2.82407	-0.753445	-9.13479	-2.57286	-7.71984	0.579626	7.17071	-0.980582	28.1744	1371.92	67.9195	-92.32	4972.99	-0.000145967	568.096
35.6860	0.228537	-1.06738	-9.13479	-2.30203	-3.74852	1.47541	6.26466	-4.67219	28.1675	1373	67.9195	-90.937	4973.75	0.000159203	569.607
35.6867	2.97098	0.125574	-10.0505	-1.98607	3.27667	1.79157	5.33273	-8.30611	28.1675	1373.16	67.5998	-90.4814	4974.21	0.000311811	570.979
35.6873	3.28114	1.06738	-9.43503	-1.35414	4.19414	2.39754	4.11604	-7.7293	28.1675	1373.16	66.641	-90.3349	4974.37	0.000311811	571.584
35.6880	0.522371	0.125574	-6.68784	-1.35414	2.96211	3.00351	4.73733	10.2673	28.1557	1373	65.6022	-90.3349	4974.21	6.59448e-006	572.514
35.6887	-1.59976	-1.06738	-5.47187	-1.6701	4.19414	3.60949	5.95402	34.7241	28.1497	1373.27	65.4424	-90.1722	4974.37	0.000159203	573.886
35.6893	-1.90992	-1.38132	-5.77211	-1.08331	4.4956	3.92565	5.95402	43.261	28.1497	1373	64.4036	-90.1722	4973.91	0.000159203	574.792
35.6900	-0.99577	-1.69525	-3.03242	-0.767345	3.27667	3.60949	5.04797	40.7807	28.1557	1371.76	62.2462	-91.5552	4972.69	-0.000145967	576.327
35.6907	-1.90992	-2.00919	2.76971	0.451379	1.74319	3.60949	2.30395	32.2439	28.1497	1371.16	61.3672	-92.1573	4971.47	-0.000298575	578.466
35.6913	-2.53023	-1.69525	5.82465	0.451379	0.825722	3.31967	-2.89935	11.1902	28.1438	1370.68	60.0888	-92.7755	4970.4	0.000159203	579.373
35.6920	-1.59976	-1.38132	4.29343	-0.135414	0.825722	2.08138	-8.07676	-13.8435	28.1438	1370.84	59.2098	-92.6128	4970.86	0.000464373	579.838
35.6927	-0.685612	-2.00919	1.85398	1.08331	1.14028	1.79157	-11.1314	-28.783	28.1369	1372.51	60.5682	-90.6441	4973.14	0.000159203	580.745
35.6933	-0.0816205	-3.83001	1.24599	1.6701	1.14028	1.47541	-13.5648	-29.3598	28.1369	1374.08	61.7668	-88.8055	4974.82	6.59448e-006	581.675
35.6940	0.832529	-3.83001	0.330264	1.98607	1.44174	0.579626	-14.4967	-21.7459	28.131	1375	62.5658	-88.0408	4975.74	0.000464373	582.419
35.6947	1.43652	-2.26033	-0.585468	3.20479	2.96211	-0.342506	-13.2801	-18.1119	28.131	1375.27	62.8854	-87.5852	4976.2	0.000464373	583.488
35.6953	1.14269	-1.69525	-0.585468	3.52076	3.87958	-0.658665	-10.8208	-15.0548	28.131	1375.1	62.406	-87.4388	4975.89	0.000311811	584.86
35.6960	0.228537	-1.69525	-0.285228	2.57286	2.96211	-1.26464	-8.3874	-6.80639	28.1251	1374.19	61.2074	-88.3499	4974.67	6.59448e-006	585.93
35.6967	-0.391778	-2.00919	0.022518	2.57286	1.44174	-2.18677	-5.64338	-3.46088	28.1251	1373.59	60.0888	-89.2611	4974.06	-0.000298575	586.86
35.6973	-0.391778	-2.00919	-0.285228	3.52076	0.222814	-3.39871	-3.49475	-0.115363	28.1251	1373.27	59.6892	-89.4238	4974.52	6.59448e-006	587.767
35.6980	-0.685612	-2.26033	-0.285228	2.57286	-0.393201	-5.24298	-3.49475	23.9954	28.1133	1373	59.2098	-89.5702	4974.21	0.000311811	588.673
35.6987	-0.391778	-2.26033	-0.285228	1.98607	-0.393201	-7.06089	-4.11604	43.5494	28.1133	1373	58.7304	-89.5702	4973.6	6.59448e-006	589.906
35.6993	0.522371	-2.26033	-0.585468	1.6701	0.524268	-7.66687	-3.49475	11.1902	28.1251	1373.27	59.05	-89.1146	4973.91	-0.000145967	590.812
35.7000	1.14269	-1.69525	-0.285228	1.6701	1.74319	-7.66687	-3.20999	-43.1456	28.1192	1374.35	60.2486	-87.8943	4975.13	-0.000145967	592.184
35.7007	0.832529	-0.43951	-0.585468	1.35414	2.05775	-7.66687	-3.8054	-66.3335	28.1064	1376.18	61.527	-86.3649	4977.11	-0.000145967	593.556
35.7013	-0.391778	0.43951	1.85398	0.767345	1.44174	-7.98302	-4.42668	-80.6385	28.1064	1377.1	61.7668	-85.7466	4977.57	-0.000145967	594.486
35.7020	-1.59976	1.38132	6.12489	0.135414	1.14028	-8.90516	-5.02209	-110.287	28.1064	1376.35	60.728	-86.674	4976.2	-0.000298575	595.695
35.7027	-1.59976	1.38132	7.04062	-1.08331	0.524268	-8.589	-5.95402	-127.937	28.1004	1374.51	58.7304	-88.2035	4974.98	-0.000298575	597.067
35.7033	-0.99577	2.00919	7.04062	-2.88883	-0.0786402	-7.06089	-7.17071	-110.287	28.0945	1373	56.8925	-89.5702	4973.75	-0.000145967	598.904
35.7040	-0.99577	4.14395	7.64861	-5.05545	0.222814	-7.66687	-6.86007	-37.6082	28.0945	1372.08	55.0547	-90.4814	4972.53	-0.000298575	599.973
35.7047	-0.685612	5.02297	8.2641	-5.32628	0.222814	-11.6452	-5.64338	64.6031	28.0886	1371.6	54.6552	-90.937	4972.53	-0.000145967	601.043
35.7053	-0.0816205	4.39509	7.04062	-4.42352	0.222814	-17.7313	-4.11604	90.2136	28.0886	1372.08	54.8949	-90.7905	4972.99	6.59448e-006	602.415
35.7060	0.832529	3.83001	5.51691	-2.30203	0.524268	-19.8917	-3.20999	38.9926	28.0827	1372.51	54.8949	-90.0258	4973.3	-0.000298575	603.019
35.7067	1.14269	4.70903	5.51691	-0.451379	0.524268	-18.0474	-3.8054	39.5694	28.0768	1372.84	54.815	-89.5702	4973.75	6.59448e-006	603.647
35.7073	1.43652	4.70903	7.95635	0.135414	0.222814	-18.9696	-4.11604	97.5391	28.0699	1373	54.815	-89.4238	4973.75	-0.000145967	604.554
35.7080	1.14269	3.83001	7.34837	0.451379	-0.0786402	-18.6534	-3.49475	125.053	28.0699	1373	54.3356	-89.7167	4973.6	-0.000298575	605.623
35.7087	2.05684	2.88821	-4.85638	-1.08331	0.524268	-12.5673	-2.89935	131.456	28.064	1373	54.016	-90.0258	4973.6	0.000311811	607.297
35.7093	3.57498	1.06738	-19.8158	-2.30203	0.524268	-6.13876	-2.89935	149.452	28.064	1372.51	53.2169	-90.0258	4972.99	0.000159203	608.367
35.7100	2.97098	0.43951	-18.2846	-1.08331	-0.0786402	-2.79274	-2.5887	153.432	28.064	1371.43	51.6987	-90.937	4972.38	0.000159203	609.437
35.7107	1.43652	1.06738	-7.60357	0.135414	-0.393201	-0.948478	-0.750724	137.224	28.058	1370.25	50.1805	-92.1573	4971.16	0.000311811	610.971
35.7113	0.522371	-0.125574	-3.94815	1.35414	-0.0786402	0.869438	1.68266	112.825	28.0521	1369.65	49.4614	-92.6128	4970.25	6.59448e-006	612.041
35.7120	-0.391778	-3.51608	-5.47187	3.20479	-0.393201	2.08138	5.04797	88.4254	28.0521	1370.68	49.781	-91.7017	4971.16	6.59448e-006	612.948
35.7127	-0.685612	-5.96477	-5.47187	5.05545	-0.0786402	3.00351	8.3874	79.8886	28.0462	1372.24	50.9796	-90.3349	4973.14	6.59448e-006	613.715
35.7133	-1.59976	-6.59264	-2.41693	5.95821	-0.0786402	3.92565	9.31934	74.9857	28.0462	1373.92	52.3379	-88.6591	4975.13	6.59448e-006	614.482
35.7140	-2.22008	-5.96477	2.46197	5.64224	-0.393201	5.13759	8.3874	65.2376	28.0462	1375.1	53.2169	-87.4388	4976.2	0.000311811	615.691
35.7147	-1.90992	-5.3369	5.51691	4.42352	-0.393201	5.13759	8.3874	53.0091	28.0393	1375.43	52.9772	-87.276	4976.04	0.000159203	617.063
35.7153	-1.30593	-4.39509	6.43264	2.88883	-0.996109	3.60949	7.792	39.9155	28.0393	1375	52.0183	-87.5852	4975.74	6.59448e-006	617.528
35.7160	-1.59976	-2.57427	7.64861	1.08331	-1.31067	4.24181	5.64338	21.2844	28.0393	1373.92	51.1394	-88.0408	4974.98	6.59448e-006	618.133
35.7167	-1.30593	-1.38132	8.2641	-0.135414	-2.21503	5.74356	3.52064	-33.9743	28.0334	1373.27	50.1805	-88.8055	4974.21	0.000159203	619.667
35.7173	-1.30593	-1.06738	7.34837	-1.08331	-2.52959	5.74356	2.5887	-95.6356	28.0275	1373.92	49.8609	-89.1146	4973.91	-0.000145967	620.737
35.7180	-1.59976	0.125574	4.90892	-1.6701	-1.91358	5.45375	1.68266	-92.8669	28.0275	1373.43	49.1417	-89.4238	4974.06	-0.000298575	621.178
35.7187	-1.30593	2.00919	-1.20096	-2.57286	-1.91358	4.24181	0.776611	-45.2798	28.0216	1373	48.103	-89.7167	4974.21	6.59448e-006	622.248
35.7193	-0.391778	3.51608	-12.7977	-4.10755	-1.31067	-0.0526932	-0.155322	-15.6316	28.0216	1373.92	48.103	-88.8055	4974.67	6.59448e-006	623.922
35.7200	1.74668	5.3369	-16.1529	-5.05545	0.222814	-4.61066	-0.155322	-9.22901	28.0216	1375.27	48.8221	-87.4388	4975.74	-0.000298575	624.852
35.7207	2.36699	5.65084	-0.285228	-4.42352	0.222814	-6.74473	-0.155322	-13.8435	28.0216	1375.86	49.6212	-86.2185	4976.96	-0.000603745	624.852
35.7213	1.74668	5.02297	15.5899	-3.83672	-0.996109	-6.45492	-1.37201	-36.1085	28.0216	1376.18	49.3015	-85.6002	4977.26	-0.000603745	625.294
35.7220	1.74668	4.39509	21.6923	-3.20479	-0.996109	-4.61066	-1.06137	-66.9103	28.0156	1375.1	47.4637	-86.8205	4976.04	-0.000603745	626.224
35.7227	0.832529	4.14395	25.9632	-1.35414	-0.393201	-2.18677	-0.155322	-82.1959	28.0156	1373.43	45.4661	-89.1146	4974.06	-0.000603745	627.735
35.7233	-0.685612	3.83001	26.879	-1.08331	-0.694655	-0.342506	-0.465967	-72.7361	28.0156	1372.51	43.9479	-90.0258	4972.99	-0.000145967	630.339
35.7240	-0.685612	3.20214	25.9632	-2.57286	-0.393201	2.08138	-0.750724	-57.4506	28.0156	1372.24	42.7493	-90.3349	4972.99	6.59448e-006	631.711
35.7247	0.832529	2.88821	27.4869	-4.10755	0.222814	5.45375	-0.750724	-39.454	28.0156	1371.43	41.9503	-90.6441	4973.45	-0.000451137	631.711
35.7253	1.14269	2.57427	18.9451	-4.73948	0.222814	10.0381	-1.06137	-8.30611	28.0087	1371.6	41.4708	-90.937	4972.99	-0.000145967	632.944
35.7260	1.14269	2.57427	-7.60357	-4.73948	-0.694655	13.3841	-1.37201	-21.169	28.0087	1372.68	41.6306	-90.4814	4972.69	-0.000145967	634.013
35.7267	2.36699	3.83001	-28.9656	-4.73948	-0.393201	15.2283	-0.465967	-105.095	28.0087	1372.35	41.3909	-90.0258	4973.6	-0.000298575	633.85
35.7273	2.97098	5.02297	-31.4126	-4.10755	0.524268	15.2283	0.776611	-183.484	28.0087	1372.08	40.4321	-90.1722	4973.3	0.000311811	635.222
35.7280	3.28114	4.39509	-21.9475	-3.52076	0.825722	13.3841	1.37201	-204.884	28.0028	1373.16	40.2723	-90.3349	4972.53	0.000311811	637.361
35.7287	2.66083	2.57427	-9.74278	-2.30203	0.825722	13.7002	2.5887	-162.777	28.0028	1374.08	40.4321	-89.8794	4973.14	-0.000145967	637.826
35.7293	0.522371	1.06738	-3.64041	-0.767345	0.222814	14.9122	4.11604	-72.39	28.0028	1373.16	40.1124	-89.7167	4974.06	0.000159203	638.57
35.7300	-0.685612	-0.125574	-3.94815	0.767345	-0.694655	14.596	5.04797	5.99886	28.0028	1371.33	38.1148	-90.937	4972.38	0.000464373	639.803
35.7307	-1.30593	-0.753445	-5.47187	1.08331	-1.31067	13.9901	7.17071	38.3581	28.0028	1369.92	36.277	-92.32	4970.86	0.000159203	640.57
35.7313	-2.22008	-2.00919	-6.68784	1.6701	-1.31067	14.596	9.00869	57.5659	27.9969	1369.92	35.5578	-92.7755	4970.86	6.59448e-006	641.64
35.7320	-3.13423	-3.51608	-6.68784	3.52076	-1.61212	15.5182	9.31934	89.0023	27.9969	1370.57	35.0784	-92.4664	4971.01	6.59448e-006	641.942
35.7327	-3.44438	-5.02297	-5.16412	5.05545	-2.52959	17.6522	7.48136	117.381	27.9969	1371.76	36.0373	-90.4814	4973.14	0.000311811	642.244
35.7333	-3.13423	-5.96477	-3.94815	5.95821	-2.83105	20.1025	5.64338	109.768	27.9969	1373.43	37.3957	-88.6591	4975.59	0.000769543	643.011
35.7340	-2.22008	-6.59264	-3.64041	6.27417	-3.44706	18.2582	5.04797	57.912	27.9969	1375	38.1148	-87.7316	4975.59	0.000616981	644.22
35.7347	-2.53023	-6.27871	-3.94815	5.32628	-3.74852	13.7002	3.52064	-8.30611	27.9969	1375.43	38.1148	-86.9832	4975.59	6.59448e-006	645.755
35.7353	-3.13423	-5.3369	-3.33266	4.10755	-3.44706	11.5662	2.30395	-46.7795	27.9969	1374.67	37.076	-87.5852	4975.74	-0.000145967	646.522
35.7360	-2.22008	-4.70903	-3.64041	4.73948	-2.52959	10.3279	2.30395	-35.8201	27.9969	1374.19	35.5578	-88.3499	4974.98	0.000159203	647.429
35.7367	-0.685612	-4.39509	-4.24839	5.95821	2.05775	6.98185	1.68266	-3.11479	27.9969	1373.75	34.7588	-88.6591	4974.52	0.000311811	648.336
35.7373	0.228537	-4.14395	-3.64041	6.86097	8.45382	4.84778	0.465967	30.1096	27.9969	1373.43	34.1995	-89.2611	4974.37	0.000159203	649.266
35.7380	-0.391778	-4.14395	-2.41693	7.17693	9.06983	5.45375	-0.750724	71.0057	27.9969	1373.59	33.72	-89.5702	4974.06	6.59448e-006	650.173
35.7387	-0.685612	-4.39509	-1.80894	6.27417	5.41307	6.05972	-3.49475	88.4254	27.991	1373	32.2018	-89.8794	4973.6	6.59448e-006	650.475
35.7393	-0.0816205	-4.70903	-0.893213	5.95821	2.35921	6.98185	-5.02209	59.1233	27.991	1373.43	32.3616	-89.2611	4974.37	0.000159203	651.405
35.7400	0.228537	-4.70903	-0.585468	5.95821	1.14028	7.58783	-5.33273	70.4289	27.9969	1375.43	34.3593	-88.0408	4976.2	6.59448e-006	652.475
35.7407	0.228537	-4.39509	-0.285228	5.05545	0.524268	6.66569	-5.95402	118.016	27.9969	1376.35	34.9186	-87.1296	4977.26	-0.000298575	653.219
35.7413	0.832529	-3.51608	0.630503	4.10755	0.524268	4.24181	-6.23878	30.7441	27.9851	1376.94	34.599	-86.8205	4977.72	-0.000298575	654.149
35.7420	1.43652	-2.26033	1.24599	2.88883	0.524268	0.263466	-5.64338	-126.726	27.991	1376.51	33.72	-87.7316	4976.81	-0.000451137	654.916
35.7427	1.43652	-2.88821	1.54623	3.20479	0.825722	-3.39871	-3.8054	-146.857	27.991	1374.08	31.4028	-90.0258	4974.21	-0.000298575	655.985
35.7433	0.832529	-4.39509	0.938249	5.32628	1.14028	-5.24298	-2.89935	-70.2558	27.9851	1372.35	29.5649	-91.5552	4972.84	0.000159203	657.497
35.7440	-0.685612	-4.14395	0.938249	5.95821	1.14028	-8.27284	-2.89935	18.2273	27.9851	1372.24	28.5262	-91.8644	4973.14	6.59448e-006	658.729
35.7447	-0.685612	-2.57427	1.85398	5.95821	0.825722	-13.7793	-3.20999	149.164	27.9851	1372.24	28.0467	-92.32	4972.84	-0.000756307	659.496
35.7453	-0.0816205	-1.69525	1.54623	5.64224	0.524268	-17.7313	-3.49475	295.04	27.9791	1372.51	27.6472	-92.32	4972.99	-0.000603745	659.799
35.7460	-0.0816205	0.753445	0.938249	3.83672	-0.0786402	-20.7875	-2.89935	366.103	27.9791	1372.68	27.008	-91.8644	4973.6	0.000311811	660.24
35.7467	-0.0816205	4.70903	1.85398	-0.135414	-0.0786402	-21.1036	-1.96742	336.224	27.9722	1372.68	26.6884	-91.3925	4973.6	6.59448e-006	661.17
35.7473	-0.0816205	9.92036	2.16173	-6.545	0.524268	-20.7875	-1.06137	239.781	27.9722	1373.27	25.8094	-91.2461	4974.06	-0.000145967	662.38
35.7480	-0.0816205	15.6968	1.54623	-13.5865	0.524268	-22.0258	-0.750724	70.0828	27.9722	1373.43	24.8505	-91.3925	4974.06	0.000311811	663.31
35.7487	0.228537	21.536	1.54623	-19.9961	0.825722	-23.8437	-0.750724	-153.894	27.9722	1373	24.2912	-91.0997	4973.6	6.59448e-006	663.612
35.7493	0.228537	26.6845	1.85398	-25.7738	0.825722	-25.3718	-0.155322	-292.156	27.9663	1372.51	22.773	-91.5552	4972.69	-0.000298575	664.379
35.7500	-0.685612	30.075	1.24599	-28.8431	0.222814	-23.2377	-0.750724	-294.29	27.9663	1371.76	20.4557	-92.7755	4971.62	-0.000145967	665.123
35.7507	-1.30593	30.6401	1.24599	-28.8431	0.222814	-15.5972	-2.89935	-277.505	27.9663	1370.68	18.6179	-93.2311	4970.7	-0.000145967	666.356
35.7513	-0.685612	26.9984	1.54623	-25.187	-0.0786402	-9.19497	-4.42668	-276.582	27.9604	1370.84	17.5792	-93.3776	4970.55	6.59448e-006	668.192
35.7520	-0.99577	22.101	2.46197	-19.3642	-0.0786402	-6.74473	-3.8054	-207.595	27.9604	1371	16.9399	-92.7755	4971.62	0.000616981	668.03
35.7527	-1.59976	15.6968	2.76971	-12.6838	0.222814	-2.47658	-3.49475	-78.8503	27.9545	1371.92	17.5792	-90.937	4973.45	0.000616981	667.867
35.7533	-0.99577	7.7856	2.16173	-5.95821	-0.393201	7.90399	-3.8054	13.3244	27.9545	1374.08	18.2983	-89.2611	4974.67	0.000311811	668.936
35.7540	-0.391778	0.43951	2.16173	-1.08331	-0.996109	21.9204	-3.8054	86.2912	27.9545	1375.1	18.2983	-88.4964	4975.28	6.59448e-006	669.262
35.7547	-0.685612	-5.02297	2.16173	1.6701	-0.694655	36.2793	-4.42668	140.915	27.9486	1375.59	17.8189	-88.0408	4975.59	0.000159203	670.169
35.7553	-0.99577	-10.5482	1.85398	5.32628	0.222814	49.0837	-5.95402	96.3278	27.9545	1375.1	16.7801	-88.0408	4975.28	0.000311811	670.936
35.7560	-0.685612	-15.6968	1.24599	8.98245	0.524268	58.5422	-5.64338	-3.11479	27.9604	1374.08	15.2619	-88.8055	4974.52	6.59448e-006	671.703
35.7567	0.228537	-19.4012	0.938249	10.5171	0.524268	63.7325	-4.11604	-80.6385	27.9545	1373.59	14.2231	-88.9519	4974.21	6.59448e-006	672.75
35.7573	0.228537	-20.9081	1.54623	11.7359	0.524268	62.5205	-4.11604	-131.34	27.9486	1373.43	13.2643	-89.2611	4974.37	0.000159203	673.215
35.7580	-0.391778	-19.4012	1.85398	12.6838	1.14028	56.4081	-3.8054	-176.505	27.9417	1373.43	12.5451	-89.5702	4974.06	0.000159203	673.517
35.7587	-0.685612	-16.3246	1.54623	12.0518	0.825722	49.0837	-3.49475	-222.534	27.9486	1373.43	11.7461	-89.5702	4973.91	6.59448e-006	674.284
35.7593	0.228537	-13.2481	0.330264	11.465	0.825722	43.6036	-2.89935	-220.112	27.9545	1373.92	11.1068	-88.9519	4974.52	-0.000145967	675.051
35.7600	0.522371	-8.97855	0.330264	10.8331	0.825722	39.3355	-2.27806	-170.391	27.9486	1375.1	11.2666	-87.8943	4975.74	-0.000451137	675.656
35.7607	0.522371	-5.02297	2.76971	8.07969	0.524268	34.1452	-1.96742	-120.612	27.9545	1376.35	11.7461	-86.8205	4976.96	-0.000298575	676.121
35.7613	-0.0816205	-3.83001	3.68544	5.32628	0.222814	29.5609	-1.06137	-56.5277	27.9486	1376.51	11.5863	-86.0557	4977.42	6.59448e-006	676.888
35.7620	0.522371	-5.3369	2.76971	5.32628	0.222814	25.5826	0.155322	17.016	27.9417	1375.59	9.74844	-86.9832	4976.2	6.59448e-006	677.958
35.7627	1.43652	-5.02297	1.24599	4.73948	0.222814	19.1803	0.776611	94.5397	27.9417	1373.75	7.03166	-88.9519	4973.91	-0.000298575	678.702
35.7633	1.43652	-4.70903	1.24599	3.83672	0.524268	9.40574	1.9933	171.429	27.9358	1373	5.51346	-90.1722	4972.84	-0.000145967	680.701
35.7640	0.832529	-5.02297	3.3777	3.83672	0.222814	0.869438	2.89935	220.573	27.9417	1372.51	4.39479	-90.3349	4972.84	6.59448e-006	682.073
35.7647	0.832529	-2.57427	7.34837	3.20479	-0.0786402	-3.71487	3.20999	252.586	27.9417	1371.33	2.15744	-91.0997	4972.08	0.000159203	681.469
35.7653	0.228537	2.26033	7.64861	0.135414	0.222814	-7.06089	2.89935	288.003	27.9358	1371.92	1.35839	-91.2461	4972.08	6.59448e-006	681.608
35.7660	-0.391778	6.52986	1.24599	-3.20479	0.222814	-9.80094	0.776611	304.154	27.9358	1373	2.15744	-90.4814	4973.14	-0.000145967	682.841
35.7667	-0.0816205	8.41347	-3.33266	-4.10755	-0.0786402	-9.80094	-0.750724	264.815	27.9358	1373	1.99763	-89.8794	4973.6	0.000159203	683.143
35.7673	-0.391778	8.09953	-1.80894	-3.83672	-0.0786402	-6.13876	0.155322	212.902	27.9298	1373	0.799053	-89.5702	4973.6	0.000159203	683.445
35.7680	-1.59976	7.7856	0.630503	-4.10755	-0.393201	-3.08255	1.68266	97.2507	27.9298	1373.27	-0.319621	-89.1146	4973.75	6.59448e-006	684.05
35.7687	-1.59976	8.97855	0.938249	-4.73948	-0.0786402	-5.24298	1.68266	-138.031	27.9239	1373.43	-1.35839	-89.1146	4973.75	-0.000145967	684.654
35.7693	-0.685612	10.2343	1.24599	-3.52076	0.222814	-9.51113	0.155322	-317.19	27.9239	1372.84	-2.87659	-89.8794	4972.99	6.59448e-006	685.584
35.7700	-0.0816205	8.09953	1.24599	-0.135414	0.222814	-11.329	0.776611	-325.38	27.9239	1371.43	-5.19384	-90.937	4971.77	0.000311811	686.491
35.7707	-0.391778	3.83001	-0.285228	2.88883	0.524268	-10.4069	1.68266	-210.941	27.9239	1370.25	-7.19147	-92.0108	4970.7	0.000311811	687.863
35.7713	-0.391778	1.69525	1.24599	3.20479	0.222814	-9.19497	0.465967	-127.649	27.9239	1370.08	-8.70967	-92.32	4970.7	6.59448e-006	688.793
35.7720	0.228537	3.20214	7.64861	-0.451379	0.825722	-11.6452	0.465967	-152.971	27.918	1370.68	-9.26901	-91.5552	4972.08	-0.000298575	687.863
35.7727	0.522371	8.09953	10.7035	-6.27417	1.44174	-14.3853	1.9933	-140.8	27.9111	1371.92	-8.54986	-89.7167	4974.21	-0.000145967	687.258
35.7733	1.14269	12.9969	6.74038	-10.5171	1.14028	-14.3853	3.52064	-89.8098	27.9111	1373.75	-7.91062	-88.2035	4975.43	0.000616981	688.165
35.7740	1.74668	14.8177	4.60117	-12.3678	0.524268	-12.2512	4.73733	-101.404	27.9111	1375.1	-7.75081	-87.5852	4975.59	0.000616981	689.397
35.7747	1.43652	14.5038	8.2641	-12.0518	0.524268	-7.66687	5.04797	-146.568	27.9111	1375.43	-7.91062	-87.276	4975.74	0.000311811	690.002
35.7753	1.43652	12.3691	15.8902	-9.93034	0.825722	-4.32085	4.73733	-165.199	27.9052	1374.83	-9.26901	-88.0408	4975.59	0.000311811	690.607
35.7760	0.832529	9.29249	25.0475	-7.76372	0.222814	-3.08255	4.11604	-103.826	27.9052	1373.75	-11.4265	-89.5702	4974.52	6.59448e-006	691.072
35.7767	0.228537	5.65084	37.2522	-3.83672	0.222814	1.79157	2.89935	24.9183	27.9052	1373.27	-12.7848	-90.0258	4973.91	0.000464373	691.676
35.7773	0.522371	1.06738	31.7579	1.08331	-0.393201	9.11593	1.9933	172.006	27.9052	1373.59	-13.4241	-90.1722	4973.91	0.000769543	692.746
35.7780	-0.391778	-2.57427	-5.16412	3.20479	-1.31067	15.5182	1.06137	283.734	27.8993	1373.27	-13.7437	-91.0997	4973.3	6.59448e-006	693.211
35.7787	0.228537	-7.15773	-36.2915	7.76372	-0.996109	19.4965	0.155322	320.65	27.8993	1372.84	-14.4629	-91.7017	4972.69	-0.000451137	693.35
35.7793	1.43652	-13.562	-37.515	14.4893	-0.996109	20.3923	-0.465967	240.07	27.8993	1373.75	-14.7825	-91.0997	4973.6	-0.000603745	693.815
35.7800	1.43652	-16.3246	-23.171	16.6108	-0.996109	16.7301	-0.750724	50.8749	27.9052	1375.43	-14.6227	-89.4238	4975.13	-0.000908915	693.815
35.7807	1.74668	-14.8177	-11.2665	15.392	-0.694655	9.7219	-0.155322	-84.9069	27.9052	1376.67	-14.2231	-88.0408	4976.5	-0.000756307	694.28
35.7813	0.832529	-12.3691	-8.21906	14.1733	-0.694655	2.7137	0.776611	-151.471	27.9052	1376.67	-14.2231	-88.0408	4977.11	-0.000756307	694.582
35.7820	0.228537	-10.2343	-8.5193	13.5865	-0.996109	0.263466	1.9933	-206.384	27.9052	1375	-16.9399	-89.4238	4975.43	-0.000908915	694.885
35.7827	0.228537	-7.15773	-9.13479	11.7359	-1.91358	-0.658665	2.5887	-195.713	27.8993	1373.27	-20.6156	-91.2461	4973.3	-0.000451137	696.722
35.7833	-0.391778	-2.00919	-7.91132	7.17693	-2.52959	-5.84895	2.5887	-130.417	27.8934	1372.35	-22.6132	-91.7017	4973.14	-0.000145967	697.791
35.7840	-0.391778	5.65084	-5.47187	0.451379	-2.52959	-15.9134	2.30395	-29.9943	27.8993	1371.76	-24.5309	-92.1573	4972.84	-0.000451137	698.396
35.7847	-0.0816205	13.8759	-4.24839	-5.64224	-2.83105	-28.1118	2.30395	34.0897	27.8934	1371.6	-27.1678	-93.3776	4971.92	-0.000298575	699.465
35.7853	-0.0816205	17.2664	-4.24839	-7.17693	-2.21503	-36.0422	1.9933	-15.6316	27.8874	1372.35	-28.5262	-92.7755	4972.38	-0.000298575	699.465
35.7860	-0.0816205	11.1133	-3.94815	-1.35414	-0.393201	-35.7524	1.06137	-39.1656	27.8874	1372.51	-29.7248	-91.7017	4973.45	-0.000451137	699.465
35.7867	-0.391778	1.69525	-3.64041	7.4929	0.825722	-30.8782	0.155322	47.8178	27.8805	1372.24	-32.042	-91.8644	4973.3	-0.000298575	699.93
35.7873	0.832529	-3.51608	-4.24839	13.9025	2.05775	-25.3718	-0.155322	157.701	27.8746	1372.51	-33.8798	-91.7017	4973.14	-0.000145967	700.07
35.7880	2.05684	-8.97855	-4.24839	18.4614	2.96211	-19.5755	-0.465967	240.07	27.8805	1373	-35.0784	-90.937	4973.6	0.000159203	700.535
35.7887	2.36699	-18.1455	-3.33266	24.2842	1.74319	-12.5673	-0.750724	238.224	27.8805	1373.16	-36.4368	-90.4814	4973.91	0.000159203	701.604
35.7893	2.36699	-25.8055	-2.72468	26.9925	0.222814	-4.00469	-1.06137	183.6	27.8746	1372.84	-38.7541	-90.937	4973.3	6.59448e-006	702.372
35.7900	1.14269	-30.3889	-2.11669	27.3084	0.222814	0.263466	-0.465967	221.496	27.8746	1371.76	-41.9503	-92.32	4971.77	0.000159203	702.813
35.7907	-1.59976	-31.8958	-2.11669	26.0897	1.44174	-2.18677	0.155322	363.046	27.8746	1370.68	-43.7881	-92.7755	4971.01	0.000159203	703.441
35.7913	-2.22008	-24.5497	-2.41693	20.3121	1.14028	-7.37705	-0.155322	428.053	27.8687	1370.68	-44.5871	-92.4664	4971.16	-0.000145967	704.046
35.7920	-2.22008	-8.7274	-2.11669	8.07969	0.222814	-14.7014	-0.155322	302.365	27.8746	1371	-45.4661	-92.32	4971.62	-0.000451137	704.046
35.7927	-2.82407	12.0551	-0.893213	-9.61438	-0.393201	-28.1118	-0.155322	117.093	27.8687	1372.24	-44.8268	-90.7905	4973.45	0.000159203	703.883
35.7933	-2.82407	34.0306	-0.285228	-26.9925	0.222814	-41.2325	-1.06137	54.8549	27.8628	1374.35	-43.6283	-88.6591	4975.13	0.000311811	704.185
35.7940	-1.90992	51.4226	-2.11669	-42.2491	0.524268	-47.0287	-2.5887	92.9823	27.8628	1375.27	-43.7881	-87.4388	4975.74	0.000159203	704.65
35.7947	-1.59976	62.7243	-3.33266	-54.1655	0.524268	-47.9508	-2.5887	-11.0748	27.8628	1375.1	-44.7469	-87.5852	4975.89	0.000159203	705.115
35.7953	-0.685612	65.4869	-2.72468	-58.7244	0.222814	-51.007	-2.27806	-301.616	27.8628	1374.83	-46.2651	-88.4964	4975.13	0.000159203	705.417
35.7960	0.228537	63.6033	-2.72468	-56.287	0.524268	-54.0633	-1.68266	-431.629	27.8628	1374.19	-48.1829	-88.8055	4974.06	0.000311811	706.022
35.7967	0.522371	58.4548	-2.41693	-48.9747	0.524268	-49.1891	-1.96742	-299.481	27.8569	1373.59	-49.4614	-88.9519	4973.91	0.000311811	706.789
35.7973	0.522371	41.9418	-2.11669	-35.2527	-0.393201	-35.1464	-4.11604	-189.598	27.8628	1373.59	-50.5001	-88.8055	4974.52	-0.000145967	706.929
35.7980	0.228537	20.2802	-1.5012	-17.8746	-1.31067	-18.0474	-5.33273	-221.323	27.8628	1373.16	-52.1781	-89.1146	4974.67	-0.000603745	706.185
35.7987	0.228537	2.57427	1.24599	-5.05545	-0.694655	-7.06089	-5.64338	-229.283	27.851	1372.68	-53.6963	-89.7167	4973.91	-0.000451137	706.627
35.7993	-0.0816205	-10.8622	3.99319	2.57286	-0.0786402	-0.948478	-5.02209	-117.266	27.8569	1374.19	-53.8561	-88.6591	4974.37	0.000159203	707.859
35.8000	-0.685612	-20.5942	4.60117	6.27417	-0.393201	8.1938	-2.27806	21.8612	27.8569	1375.43	-53.8561	-87.276	4976.04	-0.000145967	707.696
35.8007	-2.22008	-25.1776	5.51691	6.545	-0.0786402	23.1587	0.465967	60.0462	27.851	1375.75	-55.0547	-86.9832	4976.5	-0.000298575	707.394
35.8013	-2.53023	-24.5497	9.78782	5.32628	0.222814	43.6036	2.30395	-98.0582	27.851	1376.35	-56.1734	-86.674	4976.65	-0.000298575	708.161
35.8020	-1.59976	-21.536	14.0587	4.73948	-0.0786402	62.5205	3.52064	-324.803	27.851	1374.83	-59.05	-87.4388	4975.74	-0.000756307	707.998
35.8027	-1.30593	-19.4012	13.7585	5.64224	-0.393201	74.113	3.20999	-312.287	27.851	1372.08	-63.7644	-89.7167	4973.14	-0.000145967	708.626
35.8033	-1.30593	-17.8315	11.0113	5.05545	0.222814	84.1774	2.89935	-67.8332	27.851	1372.24	-65.762	-90.6441	4972.23	-0.000145967	710.765
35.8040	-0.685612	-14.5038	11.0113	2.30203	-0.0786402	93.3461	2.30395	49.0291	27.8441	1372.68	-66.9606	-90.4814	4972.53	-0.000451137	711.672
35.8047	0.228537	-11.4272	15.2822	0.767345	-0.694655	91.818	2.89935	-73.0245	27.8381	1371.43	-69.7573	-90.6441	4972.69	0.000159203	710.765
35.8053	-0.391778	-15.3828	23.216	5.05545	-0.393201	81.1212	3.52064	-96.5008	27.8322	1371.43	-71.7549	-90.6441	4972.84	0.000159203	711.068
35.8060	-1.30593	-24.5497	26.271	15.1212	-0.0786402	70.767	2.89935	210.768	27.8263	1372.51	-72.3143	-90.4814	4973.3	-0.000145967	711.974
35.8067	-1.30593	-32.5237	16.5057	25.7738	0.825722	62.5205	1.68266	565.104	27.8263	1373.27	-72.7937	-90.0258	4974.06	6.59448e-006	711.974
35.8073	-1.30593	-34.9724	2.16173	31.9125	0.524268	55.1962	1.06137	656.356	27.8263	1373.16	-74.4717	-90.4814	4974.06	6.59448e-006	711.974
35.8080	-2.53023	-31.8958	-10.6585	30.6487	-0.393201	48.188	1.68266	577.621	27.8204	1372.68	-76.6291	-91.3925	4973.75	-0.000145967	712.137
35.8087	-2.82407	-27.3124	-17.6766	24.871	-0.393201	38.7032	1.37201	363.969	27.8135	1373.16	-78.1473	-91.7017	4973.91	-0.000145967	712.742
35.8093	-1.90992	-21.222	-17.6766	17.8746	-0.0786402	25.8987	1.06137	78.0428	27.8135	1372.68	-80.2249	-92.7755	4973.3	-0.000145967	713.509
35.8100	-0.0816205	-8.97855	-20.7316	6.545	-0.0786402	9.40574	2.5887	4.21074	27.8135	1371	-83.0216	-94.4514	4971.92	6.59448e-006	713.509
35.8107	0.228537	7.7856	-15.8452	-7.76372	0.222814	-6.74473	3.83128	71.6402	27.8135	1370.41	-85.179	-95.8182	4970.55	0.000464373	714.253
35.8113	-0.391778	22.7289	3.99319	-19.3642	0.524268	-19.8917	3.83128	-2.53798	27.8076	1370.57	-86.5374	-96.1273	4970.25	0.000311811	715.02
35.8120	-0.0816205	34.0306	18.9451	-27.6244	0.222814	-29.034	2.89935	-293.656	27.8016	1370.84	-87.2565	-95.3626	4971.47	0.000616981	714.718
35.8127	0.832529	39.807	22.9083	-30.3778	0.524268	-29.3501	1.9933	-619.901	27.8016	1372.68	-86.857	-93.8494	4973.3	0.000769543	714.416
35.8133	0.832529	38.3001	23.216	-27.9404	1.14028	-22.9216	1.37201	-719.055	27.7957	1374.67	-85.7383	-92.1573	4974.82	0.000311811	714.253
35.8140	0.522371	31.5819	24.4395	-22.4336	1.14028	-14.9912	1.37201	-539.032	27.7898	1375.43	-85.5785	-91.2461	4975.43	-0.000145967	713.811
35.8147	0.228537	19.6524	25.9632	-13.2706	1.14028	-6.13876	1.06137	-274.448	27.7898	1375.59	-86.5374	-91.0997	4975.59	6.59448e-006	714.416
35.8153	-0.0816205	7.47166	21.9926	-3.83672	1.14028	3.31967	-0.155322	-113.632	27.7898	1375	-88.2154	-91.2461	4975.13	0.000311811	715.485
35.8160	-0.391778	-0.43951	6.43264	1.98607	0.825722	12.7781	-0.750724	-43.7224	27.7829	1374.35	-90.0532	-91.5552	4974.82	6.59448e-006	715.648
35.8167	-0.0816205	-8.09953	-19.8158	8.71162	0.524268	21.9204	-1.37201	46.3181	27.777	1374.08	-91.7312	-92.1573	4974.37	-0.000451137	715.485
35.8173	-0.0816205	-18.4594	-44.8408	17.2427	-0.996109	31.3788	-1.06137	124.419	27.777	1373.27	-92.9298	-92.32	4973.91	-0.000145967	715.183
35.8180	-0.99577	-24.8637	-49.7197	20.5829	-1.31067	37.4912	-0.155322	21.8612	27.7711	1373	-93.9686	-92.0108	4973.91	0.000769543	715.02
35.8187	-2.53023	-25.8055	-33.852	19.9961	0.222814	41.1534	1.06137	-161.854	27.7652	1373.43	-94.2882	-91.8644	4973.91	0.000464373	715.788
35.8193	-3.13423	-26.9984	-16.4531	19.3642	0.222814	46.9497	0.776611	-182.907	27.7652	1374.67	-93.8088	-90.7905	4974.82	6.59448e-006	716.857
35.8200	-1.90992	-27.6263	-11.2665	19.0933	0.524268	51.534	-0.155322	-79.7156	27.7592	1376.02	-92.9298	-89.1146	4976.35	-0.000145967	716.555
35.8207	-1.30593	-26.6845	-11.5742	19.3642	0.222814	53.3519	0.465967	13.9589	27.7523	1377.1	-92.2906	-87.8943	4977.72	0.000159203	716.253
35.8213	0.522371	-23.0429	-9.43503	17.2427	-0.694655	52.14	2.30395	63.6802	27.7523	1377.1	-92.2906	-87.7316	4977.26	6.59448e-006	716.392
35.8220	4.48913	-15.1317	-9.74278	11.465	-0.694655	46.0275	3.52064	75.2741	27.7523	1375.86	-93.8088	-89.1146	4975.59	-0.000603745	717.02
35.8227	4.79928	-7.15773	-10.9663	5.32628	-0.393201	37.8074	4.42668	63.1034	27.7464	1374.35	-95.9662	-90.3349	4974.21	-0.000451137	718.089
35.8233	0.522371	-2.00919	-9.13479	-0.767345	-0.694655	29.8771	5.04797	33.4552	27.7464	1373.16	-96.6055	-90.4814	4973.75	-0.000145967	718.694
35.8240	-3.13423	5.3369	-6.68784	-8.39565	-0.694655	21.3144	5.33273	55.1433	27.7464	1372.08	-97.804	-91.2461	4972.69	-0.000298575	718.531
35.8247	-6.79082	16.9525	-5.16412	-17.5587	-0.0786402	9.7219	5.04797	138.781	27.7464	1371.43	-99.1624	-92.32	4971.77	0.000464373	718.229
35.8253	-10.4637	26.1194	-3.33266	-24.2391	0.222814	-1.87061	4.11604	131.456	27.7405	1372.35	-98.8428	-91.5552	4972.38	0.000311811	718.229
35.8260	-11.9819	27.9402	-0.893213	-25.5029	0.524268	-7.06089	3.83128	8.47915	27.7346	1373.16	-98.2835	-90.6441	4973.45	-0.000451137	718.089
35.8267	-13.2062	24.8637	2.46197	-21.8016	0.825722	-5.84895	4.42668	-70.6019	27.7346	1373.16	-97.9638	-90.3349	4973.45	6.59448e-006	718.229
35.8273	-14.1203	19.6524	3.99319	-17.5587	0.524268	-2.79274	4.42668	-33.9743	27.7287	1373.27	-98.1237	-90.1722	4972.99	0.000311811	718.694
35.8280	-15.3446	14.5038	4.29343	-13.5865	0.524268	1.1856	3.52064	70.7173	27.7287	1373.27	-98.4433	-90.3349	4972.99	-0.000145967	718.694
35.8287	-24.1923	9.29249	4.60117	-8.98245	0.222814	6.37588	3.20999	148.529	27.7287	1373.27	-98.1237	-90.3349	4973.3	-0.000298575	718.694
35.8293	-20.8295	2.26033	3.99319	-3.83672	-0.0786402	14.596	1.9933	152.509	27.7228	1372.51	-99.3222	-91.2461	4972.08	-0.000298575	719.298
35.8300	14.5611	-4.14395	3.68544	1.6701	0.222814	22.5527	1.06137	132.667	27.7228	1371.43	-100.84	-92.6128	4970.09	-0.000298575	720.67
35.8307	38.6718	-7.7856	3.99319	5.95821	0.825722	28.349	1.06137	134.513	27.7228	1371.33	-100.681	-93.0847	4969.94	6.59448e-006	721.438
35.8313	30.4281	-12.0551	3.99319	9.61438	0.524268	32.0111	1.06137	119.227	27.7228	1371	-100.84	-92.1573	4971.16	-0.000145967	720.531
35.8320	17.6137	-15.3828	2.16173	12.0518	0.222814	29.8771	0.465967	43.5494	27.7159	1371.43	-100.681	-90.937	4972.69	-0.000145967	719.601
35.8327	9.99035	-14.8177	2.46197	12.3678	0.825722	24.0545	-0.465967	-20.2461	27.7099	1373.16	-98.8428	-89.7167	4974.06	0.000311811	720.205
35.8333	6.62758	-12.3691	3.99319	10.8331	0.222814	17.0463	-1.37201	-21.169	27.704	1375	-97.1648	-88.4964	4975.13	0.000159203	720.368
35.8340	7.2479	-10.5482	-4.85638	9.29841	-0.694655	8.1938	-1.68266	-11.0748	27.6981	1375.59	-96.7653	-87.5852	4975.89	0.000311811	720.205
35.8347	7.2479	-8.41347	-22.563	8.07969	-0.0786402	2.39754	-1.37201	-13.209	27.704	1375.27	-97.6442	-87.7316	4975.59	0.000311811	720.368
35.8353	4.19529	-7.7856	-27.4419	7.76372	0.524268	4.24181	-1.68266	-14.7664	27.704	1374.35	-98.8428	-88.2035	4974.82	0.000159203	720.368
35.8360	1.74668	-8.97855	-16.7609	9.61438	-0.0786402	10.644	-1.96742	-16.9006	27.6981	1373.59	-100.441	-89.1146	4974.21	0.000311811	720.531
35.8367	1.14269	-8.7274	-7.60357	10.8331	-0.393201	16.7301	-1.96742	-21.169	27.6853	1373.43	-101.799	-89.4238	4973.6	0.000159203	720.833
35.8373	0.228537	-6.59264	-5.77211	8.98245	-1.31067	17.0463	-1.68266	-23.3032	27.6853	1374.19	-103.477	-89.1146	4974.06	-0.000145967	720.973
35.8380	-1.30593	-4.70903	-4.55614	7.4929	-1.91358	12.4619	-1.06137	-23.3032	27.6794	1374.51	-107.712	-89.4238	4974.06	6.59448e-006	721.275
35.8387	-2.82407	-4.70903	0.022518	7.17693	-1.61212	8.50996	-1.06137	-19.6116	27.6735	1373.43	-114.904	-89.7167	4973.75	0.000159203	721.275
35.8393	-4.65237	-5.02297	5.82465	7.17693	-0.694655	6.66569	-1.68266	-8.0177	27.6675	1374.67	-123.134	-88.6591	4974.98	-0.000145967	721.577
35.8400	-5.87667	-5.02297	10.7035	7.17693	-0.393201	3.60949	-1.96742	9.05597	27.6616	1376.51	-132.723	-87.276	4976.65	-0.000298575	721.577
35.8407	0.832529	-2.26033	11.6193	6.86097	-0.393201	-1.26464	-1.68266	24.6299	27.6488	1376.94	-144.069	-87.5852	4976.96	6.59448e-006	721.438
35.8413	14.5611	1.06738	8.56434	4.73948	-0.694655	-6.45492	-1.96742	34.3781	27.6429	1376.78	-155.496	-89.2611	4976.65	-0.000298575	721.577
35.8420	19.7522	1.69525	5.82465	1.98607	-0.694655	-10.4069	-2.27806	47.241	27.637	1375.86	-167.082	-91.5552	4975.28	-0.000451137	721.577
35.8427	12.4226	1.38132	5.82465	1.98607	-0.694655	-14.0691	-1.96742	65.8144	27.631	1374.19	-177.629	-94.4514	4973.3	-0.000298575	721.74
35.8433	6.02359	1.38132	6.12489	2.88883	-0.393201	-18.9696	-1.06137	67.6602	27.6182	1372.68	-185.7	-97.0385	4972.53	-0.000298575	721.74
35.8440	5.4196	0.753445	5.82465	2.57286	-0.0786402	-23.5539	-0.465967	46.8949	27.6064	1372.68	-191.373	-97.6568	4972.53	-0.000145967	721.903
35.8447	4.48913	1.06738	5.20916	2.57286	0.222814	-26.5837	-0.465967	30.7441	27.5946	1373.27	-195.928	-97.6568	4973.3	0.000159203	721.903
35.8453	3.28114	1.38132	4.60117	3.52076	0.222814	-28.1118	-1.06137	29.8212	27.5877	1372.68	-201.601	-99.4953	4973.6	0.000159203	720.833
35.8460	2.97098	-0.753445	3.99319	5.95821	-0.694655	-27.822	-0.750724	2.94175	27.5817	1372.68	-208.313	-101.009	4973.45	6.59448e-006	720.531
35.8467	2.05684	-3.83001	3.07746	9.61438	-1.61212	-28.428	-0.155322	-67.8332	27.5699	1373.75	-216.064	-101.936	4974.06	6.59448e-006	720.973
35.8473	0.832529	-5.96477	2.46197	12.3678	-1.61212	-31.4842	-0.750724	-87.3872	27.5571	1373.75	-225.333	-103.303	4974.52	-0.000145967	720.67
35.8480	1.74668	-7.47166	2.46197	14.8052	-0.393201	-35.1464	-1.37201	15.1702	27.5512	1374.08	-234.522	-104.523	4973.91	-0.000145967	720.67
35.8487	2.36699	-8.09953	2.46197	17.2427	0.222814	-40.6265	-0.155322	139.358	27.5453	1374.19	-242.193	-106.199	4973.6	0.000159203	720.833
35.8493	2.36699	-7.7856	2.76971	18.4614	-0.393201	-47.9508	1.37201	190.925	27.5393	1373.16	-249.145	-108.639	4972.84	-0.000145967	720.531
35.8500	2.05684	-8.09953	2.46197	18.4614	-0.393201	-52.825	1.06137	218.093	27.5265	1371.43	-254.498	-110.315	4971.62	-0.000451137	720.205
35.8507	2.05684	-8.09953	1.85398	18.1454	-0.0786402	-53.7471	0.776611	250.452	27.5206	1370.25	-256.815	-111.698	4970.7	6.59448e-006	720.205
35.8513	2.36699	-3.20214	2.16173	13.2706	-0.0786402	-52.825	0.155322	234.59	27.5147	1370.84	-255.777	-112.154	4970.86	0.000311811	720.531
35.8520	2.36699	10.8622	2.16173	-0.451379	-0.393201	-53.7471	-0.750724	121.073	27.5147	1372.84	-252.501	-111.08	4972.38	6.59448e-006	720.205
35.8527	1.74668	26.1194	3.07746	-14.8052	-0.694655	-57.4093	-1.06137	-93.7898	27.5088	1373.59	-248.745	-109.86	4973.75	0.000616981	718.694
35.8533	1.74668	36.1654	4.60117	-24.2391	-0.0786402	-63.8115	-1.37201	-361.431	27.5029	1374.19	-244.111	-108.33	4975.28	0.000922151	717.462
35.8540	2.05684	42.8836	4.29343	-31.2806	-0.0786402	-69.0018	-0.750724	-552.472	27.5029	1375	-239.876	-107.273	4976.5	0.000311811	717.624
35.8547	1.43652	43.7626	3.99319	-32.8153	-0.393201	-68.3958	-0.465967	-478.928	27.49	1375.27	-237.399	-107.582	4976.04	0.000311811	718.694
35.8553	1.14269	37.9862	5.82465	-26.9925	0.222814	-65.0498	-1.37201	-195.078	27.4841	1375	-235.721	-108.184	4974.82	0.000311811	718.833
35.8560	0.832529	32.7749	7.04062	-20.5829	0.524268	-64.1277	-2.5887	-9.5751	27.4782	1374.51	-235.001	-109.095	4974.67	0.000311811	717.927
35.8567	0.228537	27.3124	7.04062	-14.4893	-0.393201	-61.6774	-2.89935	-15.3432	27.4723	1374.51	-235.481	-110.022	4974.37	0.000311811	718.229
35.8573	0.228537	17.5176	4.29343	-6.27417	-0.694655	-54.6692	-2.27806	-14.7664	27.4595	1374.51	-235.88	-110.625	4973.75	0.000159203	718.392
35.8580	0.228537	6.27871	-2.11669	2.88883	-0.0786402	-46.4227	-1.96742	180.6	27.4535	1374.35	-235.88	-111.389	4973.14	-0.000145967	717.624
35.8587	0.522371	-4.14395	-6.99559	11.1491	-0.0786402	-38.8086	-1.37201	525.131	27.4476	1374.35	-235.481	-112.008	4973.14	0.000159203	717.624
35.8593	0.522371	-10.5482	-4.24839	16.3399	-0.0786402	-32.0902	-0.750724	717.671	27.4417	1375.1	-232.684	-111.243	4974.67	0.000464373	717.02
35.8600	0.522371	-14.8177	1.54623	19.0933	-0.0786402	-22.0258	-0.465967	580.332	27.4289	1376.02	-227.97	-109.713	4976.65	0.000464373	716.253
35.8607	-0.0816205	-18.7733	2.16173	21.2148	0.825722	-8.589	-0.750724	322.496	27.423	1377.42	-222.616	-109.095	4976.96	-0.000145967	716.392
35.8613	-0.0816205	-20.5942	0.630503	21.5308	1.14028	3.92565	-0.750724	202.865	27.4111	1377.69	-217.262	-109.404	4976.65	-0.000603745	716.392
35.8620	-0.0816205	-19.7151	0.630503	19.3642	0.825722	14.3062	-1.06137	190.348	27.3993	1376.02	-214.865	-110.934	4975.43	-0.000451137	715.95
35.8627	-0.0816205	-13.562	0.630503	14.4893	0.825722	15.2283	-1.06137	143.05	27.3924	1374.08	-213.906	-113.065	4973.6	6.59448e-006	716.09
35.8633	-0.0816205	-2.00919	-0.893213	6.27417	0.524268	4.24181	-0.465967	53.932	27.3806	1373.27	-212.868	-113.83	4973.3	0.000159203	716.694
35.8640	-0.391778	6.27871	-2.41693	-0.767345	0.524268	-7.06089	0.155322	-49.5482	27.3747	1372.84	-212.868	-114.741	4972.99	-0.000145967	716.09
35.8647	-0.0816205	7.15773	-3.33266	-2.57286	0.524268	-14.9912	0.465967	-78.5043	27.3618	1372.68	-213.906	-115.961	4972.38	-0.000145967	715.485
35.8653	-0.391778	10.8622	-2.41693	-6.545	-0.0786402	-24.7658	1.06137	56.9891	27.35	1373.16	-214.705	-116.124	4972.99	6.59448e-006	715.485
35.8660	-0.685612	20.9081	-0.285228	-16.9267	0.222814	-33.0123	1.68266	186.657	27.3441	1373.92	-215.025	-116.417	4973.75	-0.000298575	715.02
35.8667	-1.30593	31.5819	0.330264	-28.5272	-0.0786402	-36.6745	1.9933	46.3181	27.3382	1374.51	-214.865	-116.889	4973.91	-0.000298575	714.881
35.8673	-2.22008	38.3001	-0.585468	-34.9368	-0.0786402	-34.2243	3.52064	-275.659	27.3135	1374.35	-214.546	-117.491	4973.45	6.59448e-006	714.416
35.8680	-2.82407	35.2235	0.022518	-33.4021	0.222814	-26.5837	5.04797	-387.042	27.3076	1374.19	-212.708	-118.109	4973.45	0.000311811	714.253
35.8687	-2.53023	26.1194	3.99319	-26.7217	0.524268	-15.3074	5.95402	-274.159	27.2948	1374.35	-209.991	-118.711	4974.21	6.59448e-006	714.416
35.8693	-1.30593	16.0107	7.64861	-17.8746	0.825722	-0.342506	6.26466	-249.414	27.2889	1373.92	-207.993	-120.094	4972.99	-0.000298575	714.113
35.8700	-0.391778	5.96477	8.2641	-8.07969	0.524268	11.856	6.86007	-347.991	27.277	1373.16	-206.635	-121.607	4971.31	0.000159203	714.578
35.8707	0.228537	-2.88821	5.82465	1.08331	0.222814	17.3624	7.17071	-440.454	27.2642	1372.51	-204.637	-122.99	4971.31	0.000464373	715.183
35.8713	0.228537	-10.5482	1.85398	7.76372	0.222814	20.7084	6.86007	-460.585	27.2583	1372.51	-203.119	-123.755	4971.62	0.000464373	714.113
35.8720	0.228537	-16.3246	-4.85638	12.0518	0.222814	21.9204	5.64338	-380.351	27.2524	1373	-202.16	-123.446	4972.69	0.000616981	712.439
35.8727	0.228537	-20.9081	-8.82705	16.024	-0.0786402	21.9204	5.64338	-200.616	27.2405	1374.51	-200.962	-122.226	4974.67	0.000464373	711.974
35.8733	-0.0816205	-24.5497	-5.47187	19.6801	-0.393201	25.8987	5.95402	1.44203	27.2405	1376.35	-200.163	-121.314	4976.04	0.000311811	712.137
35.8740	-0.685612	-25.8055	-1.80894	20.3121	-0.393201	33.5392	5.95402	92.9823	27.2277	1376.94	-201.122	-121.916	4976.2	0.000159203	711.37
35.8747	-1.30593	-23.0429	-1.20096	16.6108	-0.393201	39.9415	5.33273	36.8584	27.2159	1376.94	-202.959	-123.283	4975.59	0.000159203	711.068
35.8753	-1.59976	-15.3828	-0.893213	10.2012	-0.694655	41.1534	4.11604	-18.6887	27.21	1376.78	-205.357	-124.357	4974.98	0.000311811	711.068
35.8760	-2.82407	-5.02297	-1.20096	0.767345	-0.996109	36.5691	4.11604	100.596	27.1972	1375.86	-207.514	-125.577	4974.67	6.59448e-006	710.765
35.8767	-2.82407	5.65084	-1.20096	-9.61438	-0.996109	28.9549	3.20999	170.218	27.1912	1375.59	-209.032	-126.651	4974.21	6.59448e-006	710.44
35.8773	-1.90992	15.3828	-0.585468	-18.4614	-0.694655	20.3923	1.9933	-2.53798	27.1912	1375.86	-210.391	-127.562	4974.21	6.59448e-006	709.835
35.8780	-1.30593	26.1194	-1.20096	-26.9925	-0.393201	13.0679	1.37201	-120.958	27.1794	1375.86	-211.349	-128.636	4974.37	-0.000145967	709.696
35.8787	-0.685612	34.0306	-1.80894	-32.4993	-0.393201	10.9338	-0.155322	-12.5745	27.1666	1376.35	-211.03	-129.238	4974.52	-0.000145967	709.835
35.8793	-0.0816205	34.9724	-1.80894	-31.2806	-0.393201	13.0679	-2.27806	160.412	27.1666	1377.26	-210.55	-129.092	4975.59	-0.000145967	708.766
35.8800	0.228537	30.3889	-2.11669	-27.9404	-0.393201	15.8343	-2.89935	208.979	27.1607	1377.86	-210.71	-129.092	4976.96	6.59448e-006	707.859
35.8807	-0.0816205	23.3568	-2.11669	-24.555	-0.393201	17.6522	-2.5887	173.851	27.1548	1378.77	-211.509	-130.003	4976.96	-0.000145967	707.696
35.8813	-0.391778	14.1899	-1.5012	-20.3121	-1.31067	17.6522	-4.42668	164.68	27.1548	1378.61	-214.386	-131.532	4976.96	-0.000603745	707.092
35.8820	-0.685612	5.96477	-1.5012	-15.1212	-2.52959	16.7301	-5.64338	145.184	27.1548	1376.35	-220.059	-134.119	4975.28	-0.000145967	706.789
35.8827	-0.99577	-3.83001	-2.11669	-6.545	-3.44706	19.1803	-4.42668	99.0965	27.1429	1374.83	-225.652	-137.032	4972.84	0.000159203	707.557
35.8833	-0.99577	-14.8177	-1.20096	3.83672	-3.1325	26.8209	-3.49475	27.0525	27.1429	1374.51	-229.967	-138.708	4972.53	0.000159203	707.557
35.8840	-0.685612	-23.0429	0.022518	10.8331	-1.91358	35.9631	-1.37201	-39.1656	27.1488	1374.35	-234.042	-140.53	4972.23	-0.000145967	707.092
35.8847	-0.391778	-28.2542	-0.585468	15.392	-0.996109	43.8935	-0.750724	-28.1485	27.1429	1374.67	-237.159	-141.441	4972.23	-0.000145967	706.487
35.8853	0.832529	-31.268	-2.72468	19.3642	0.825722	47.5556	-1.68266	45.0491	27.136	1375.86	-238.837	-141.604	4973.45	0.000159203	706.185
35.8860	2.66083	-31.268	-5.16412	22.4336	3.87958	49.0837	-1.37201	106.999	27.1429	1376.18	-240.195	-142.515	4973.75	6.59448e-006	705.883
35.8867	2.66083	-29.4471	-4.85638	23.0203	6.01597	51.2178	-0.465967	118.016	27.1488	1375.86	-241.074	-143.589	4973.75	-0.000298575	705.255
35.8873	1.14269	-28.5053	-2.11669	23.6523	6.01597	53.0621	0.776611	73.486	27.1429	1375.86	-241.554	-144.647	4973.75	-0.000145967	704.348
35.8880	-0.0816205	-26.6845	0.938249	23.3363	4.4956	48.188	1.37201	27.3986	27.1429	1375.75	-242.273	-145.867	4973.45	0.000311811	703.581
35.8887	-1.90992	-20.9081	3.99319	19.0933	2.66066	36.2793	1.06137	62.4689	27.1488	1375.59	-242.912	-146.485	4973.3	6.59448e-006	703.441
35.8893	-3.44438	-13.8759	6.12489	14.1733	2.05775	24.3706	1.06137	54.8549	27.1548	1375.27	-244.27	-148.161	4972.38	6.59448e-006	703.278
35.8900	-4.04838	-9.29249	5.51691	10.5171	1.74319	13.9901	1.37201	-203.961	27.1548	1373.75	-247.786	-151.22	4970.55	0.000464373	702.813
35.8907	-3.73822	-5.3369	3.99319	7.17693	0.825722	3.31967	1.9933	-471.891	27.1607	1372.84	-251.142	-153.205	4969.48	0.000159203	702.674
35.8913	-3.44438	-1.69525	3.99319	4.10755	0.524268	-7.66687	1.9933	-345.857	27.1548	1373.16	-253.14	-153.205	4970.55	6.59448e-006	701.442
35.8920	-3.73822	4.39509	3.68544	-0.767345	1.14028	-20.1815	1.68266	-43.1456	27.1548	1374.19	-254.978	-153.042	4972.23	0.000311811	700.674
35.8927	-3.13423	12.0551	2.46197	-7.17693	0.825722	-34.5404	1.37201	46.3181	27.1607	1376.51	-256.016	-152.733	4973.6	0.000311811	700.535
35.8933	-1.90992	15.1317	2.46197	-10.2012	0.222814	-46.1329	1.68266	-21.169	27.1607	1378.02	-257.135	-152.278	4974.98	0.000464373	700.232
35.8940	-1.30593	15.3828	2.16173	-8.71162	0.524268	-53.4573	1.68266	-124.303	27.1666	1378.5	-258.813	-152.44	4975.59	6.59448e-006	699.302
35.8947	-0.685612	14.5038	0.938249	-7.76372	0.825722	-53.7471	1.68266	-181.062	27.1548	1378.61	-260.491	-153.498	4975.13	-0.000298575	698.698
35.8953	-0.391778	10.8622	1.24599	-5.64224	0.825722	-47.661	1.68266	-88.8869	27.1548	1378.34	-261.53	-154.718	4974.98	0.000464373	699.465
35.8960	-0.99577	7.15773	0.630503	-2.30203	1.14028	-41.8648	0.155322	101.231	27.1548	1378.18	-262.489	-155.938	4974.52	0.000159203	699.163
35.8967	-1.30593	6.27871	1.54623	0.767345	1.14028	-36.6745	-0.465967	233.667	27.1548	1377.26	-263.528	-157.631	4974.06	-0.000298575	697.489
35.8973	-1.59976	4.14395	9.17983	1.35414	0.524268	-31.4842	0.155322	207.71	27.1488	1377.26	-263.528	-159.144	4973.91	6.59448e-006	696.861
35.8980	-3.13423	4.14395	14.0587	-2.30203	0.222814	-32.38	1.37201	100.019	27.136	1378.34	-262.728	-160.218	4973.91	6.59448e-006	697.024
35.8987	-3.13423	5.65084	11.0113	-7.17693	-0.0786402	-32.38	2.89935	42.3381	27.1301	1378.5	-262.888	-161.291	4974.52	6.59448e-006	696.559
35.8993	-1.59976	4.14395	7.95635	-7.76372	-0.0786402	-26.2939	2.5887	38.3581	27.1242	1378.94	-262.888	-161.747	4975.43	-0.000145967	695.489
35.9000	-0.99577	1.06738	8.87208	-5.32628	0.524268	-20.1815	0.155322	27.0525	27.1183	1380.29	-262.728	-162.349	4976.5	-0.000298575	694.28
35.9007	-1.30593	-0.753445	14.3665	-3.83672	0.222814	-15.5972	-1.37201	-7.44089	27.1054	1381.1	-263.208	-163.732	4977.26	6.59448e-006	693.978
35.9013	-1.59976	0.125574	22.9083	-2.88883	-0.393201	-11.0392	-1.37201	-37.9543	27.0995	1380.77	-264.247	-166.775	4976.35	0.000159203	693.815
35.9020	-1.90992	-0.43951	35.4208	-2.57286	-0.996109	-3.39871	-0.750724	-51.048	27.0877	1379.69	-265.685	-170.436	4974.37	-0.000298575	693.513
35.9027	-2.53023	-2.88821	35.4208	-1.6701	-1.61212	6.05972	-1.06137	-54.7396	27.0749	1378.77	-266.724	-174.097	4973.3	-0.000603745	693.978
35.9033	-2.82407	-4.70903	3.07746	0.451379	-1.61212	13.9901	-2.89935	-45.5682	27.063	1377.69	-267.363	-178.685	4972.53	-0.000603745	693.513
35.9040	-3.44438	-5.3369	-31.7128	1.35414	-1.31067	20.7084	-4.73733	-28.4946	27.0453	1376.51	-267.203	-182.655	4971.62	-0.000451137	692.443
35.9047	-3.44438	-5.65084	-37.515	1.08331	-0.393201	28.9549	-4.11604	-17.189	27.0325	1376.94	-264.886	-184.624	4971.77	-0.000298575	691.839
35.9053	-2.82407	-6.84379	-24.3945	1.98607	0.825722	36.5691	-2.5887	-19.0348	27.0206	1378.02	-261.21	-186.918	4973.3	-0.000145967	690.909
35.9060	-2.22008	-7.15773	-12.49	1.35414	0.524268	40.2313	-1.06137	-36.1085	27.0019	1378.34	-258.334	-189.977	4974.06	-0.000298575	690.304
35.9067	-2.53023	-6.27871	-9.74278	-0.135414	0.222814	39.3355	0.776611	-56.5277	26.9773	1378.34	-256.016	-193.019	4973.3	-0.000756307	689.397
35.9073	-3.44438	-3.20214	-10.0505	-0.767345	0.222814	32.0111	1.68266	-59.5848	26.9654	1378.5	-254.099	-196.078	4972.84	-0.000603745	688.467
35.9080	-3.13423	0.43951	-10.0505	-2.88883	0.222814	23.1587	1.37201	-49.2022	26.9467	1379.1	-252.101	-198.828	4973.45	-0.000145967	688.026
35.9087	-2.82407	3.20214	-10.3508	-4.42352	-0.0786402	15.5182	0.776611	-25.4375	26.9348	1379.26	-251.142	-201.871	4973.6	0.000159203	688.026
35.9093	-2.53023	3.83001	-8.82705	-3.20479	0.222814	9.11593	1.68266	29.1867	26.9171	1378.5	-251.302	-206.15	4972.38	0.000159203	687.863
35.9100	-1.90992	1.69525	-7.91132	-1.35414	0.524268	5.74356	2.89935	81.6767	26.8924	1377.26	-252.101	-210.722	4971.16	0.000159203	687.561
35.9107	-1.90992	-0.125574	-7.60357	-0.767345	0.524268	3.60949	2.89935	96.0394	26.8737	1377.1	-252.82	-214.692	4970.86	0.000311811	686.956
35.9113	-1.90992	0.43951	-5.47187	-0.767345	0.825722	0.263466	1.9933	84.4454	26.856	1378.02	-252.261	-217.133	4971.62	0.000311811	685.886
35.9120	-1.30593	0.43951	-2.72468	0.135414	0.222814	-3.71487	1.37201	71.9286	26.8313	1379.37	-250.423	-218.499	4973.3	0.000311811	684.817
35.9127	-0.685612	-1.38132	-0.893213	1.35414	-0.694655	-5.84895	0.776611	81.0999	26.8126	1381.1	-248.585	-220.191	4974.67	0.000311811	684.515
35.9133	-1.30593	-2.00919	1.24599	2.57286	-2.52959	-6.74473	0.155322	86.868	26.7948	1382.93	-246.428	-222.16	4975.74	0.000311811	684.05
35.9140	-0.99577	-1.06738	2.76971	3.20479	-4.04997	-8.589	-0.155322	51.5094	26.7702	1383.04	-245.948	-225.073	4975.89	0.000159203	682.515
35.9147	0.832529	-0.125574	2.16173	3.52076	-4.66598	-12.8571	-0.155322	2.65334	26.7583	1381.85	-246.747	-229.498	4974.52	0.000616981	681.911
35.9153	1.43652	-0.43951	2.76971	3.52076	-4.66598	-18.0474	-0.465967	-11.0748	26.7396	1381.85	-247.307	-233.452	4973.91	0.000159203	681.143
35.9160	0.522371	-1.06738	4.90892	3.83672	-5.88491	-20.4977	-2.5887	-7.0948	26.7149	1381.69	-247.307	-236.202	4974.06	-0.000451137	680.236
35.9167	0.228537	-4.14395	2.16173	5.95821	-5.88491	-18.6534	-4.11604	-42.5111	26.6972	1381.69	-247.227	-239.098	4974.06	-0.000145967	680.074
35.9173	0.522371	-8.09953	-4.24839	8.71162	-2.21503	-15.5972	-4.42668	-117.555	26.6785	1382.01	-248.106	-242.01	4973.91	-0.000145967	679.934
35.9180	0.228537	-10.8622	-5.47187	11.7359	2.66066	-13.7793	-5.33273	-169.468	26.6538	1382.44	-249.624	-244.597	4973.75	-0.000298575	679.33
35.9187	-0.391778	-14.8177	-3.03242	16.3399	6.01597	-14.7014	-5.64338	-135.897	26.6361	1383.2	-250.982	-247.347	4974.37	0.000311811	678.865
35.9193	-0.391778	-16.9525	-2.41693	19.0933	7.54946	-18.9696	-4.11604	-29.7059	26.6232	1383.79	-252.341	-249.788	4975.59	0.000311811	677.632
35.9200	-0.99577	-16.3246	-1.80894	20.8989	6.63199	-23.2377	-2.5887	55.4317	26.6114	1384.71	-253.3	-251.61	4976.2	0.000159203	676.586
35.9207	-1.59976	-14.5038	-0.285228	21.2148	4.19414	-25.688	-2.5887	100.308	26.5937	1386.12	-253.779	-253.302	4976.65	6.59448e-006	675.819
35.9213	-1.30593	-11.1133	0.938249	18.4614	2.35921	-28.7178	-3.20999	126.553	26.5749	1386.28	-255.137	-256.036	4976.5	-0.000145967	675.051
35.9220	-0.685612	-5.96477	2.16173	12.9546	1.14028	-34.2243	-2.5887	68.5831	26.5631	1384.87	-258.174	-260.315	4974.52	-0.000145967	674.889
35.9227	-0.99577	2.00919	3.3777	4.42352	1.14028	-43.0767	-1.37201	-88.3101	26.5503	1383.2	-261.37	-264.887	4972.38	-0.000451137	674.447
35.9233	-0.99577	13.2481	1.85398	-8.39565	1.44174	-53.4573	-0.465967	-218.612	26.5325	1382.44	-263.048	-268.548	4971.77	-0.000451137	673.982
35.9240	0.228537	26.3706	-0.893213	-20.5829	1.74319	-63.8115	-0.465967	-200.27	26.5256	1382.12	-263.687	-271.916	4972.08	-0.000145967	673.517
35.9247	0.228537	36.1654	-3.94815	-28.5272	2.05775	-72.9801	-0.465967	-30.2827	26.5138	1382.61	-263.528	-274.666	4972.69	-0.000298575	672.308
35.9253	-0.685612	38.928	-5.47187	-31.9125	1.44174	-76.3261	-0.465967	137.224	26.4891	1383.79	-263.687	-276.797	4973.3	-0.000145967	671.378
35.9260	-0.99577	39.807	-5.77211	-33.4021	0.825722	-72.664	-0.155322	192.771	26.4714	1385.04	-264.167	-279.238	4974.21	-0.000145967	671.378
35.9267	-0.391778	42.8836	-5.47187	-35.5687	-0.0786402	-66.8677	1.06137	265.738	26.4586	1385.36	-264.886	-282.59	4974.21	6.59448e-006	670.471
35.9273	0.832529	43.1975	-3.94815	-36.1555	-0.996109	-62.3097	1.68266	351.798	26.4408	1385.04	-267.043	-286.56	4973.45	0.000311811	669.099
35.9280	1.43652	34.9724	-2.72468	-30.3778	-1.31067	-56.8033	1.68266	279.754	26.428	1385.52	-268.082	-289.765	4973.45	0.000311811	668.634
35.9287	1.74668	24.5497	-2.72468	-22.7495	-1.31067	-50.0849	1.37201	160.412	26.4102	1385.95	-268.881	-293.117	4973.14	-0.000145967	667.727
35.9293	1.43652	17.2664	-3.03242	-18.1454	-1.31067	-43.3665	1.06137	175.063	26.3915	1384.44	-270.959	-297.705	4971.47	-0.000298575	666.96
35.9300	1.43652	9.60642	-2.72468	-13.2706	-0.694655	-33.9081	1.06137	249.241	26.3797	1383.52	-272.797	-302.131	4970.7	6.59448e-006	666.495
35.9307	1.14269	0.43951	0.938249	-6.545	-0.996109	-22.6317	1.37201	204.076	26.355	1383.69	-273.116	-305.336	4970.86	6.59448e-006	665.751
35.9313	-0.0816205	-7.7856	6.12489	0.451379	-0.996109	-11.935	1.06137	70.4289	26.3304	1383.96	-272.637	-307.614	4971.16	0.000159203	664.379
35.9320	-0.685612	-16.0107	8.87208	7.4929	-0.393201	-3.08255	0.465967	8.76756	26.3185	1386.12	-270.879	-307.777	4972.53	0.000311811	663.612
35.9327	-0.0816205	-22.7289	8.56434	10.8331	-0.694655	4.24181	0.465967	15.8047	26.288	1388.22	-268.721	-307.467	4974.21	-0.000451137	662.38
35.9333	0.832529	-25.4916	7.04062	12.3678	-1.31067	12.7781	0.155322	-57.1622	26.2633	1389.03	-268.242	-307.614	4976.04	6.59448e-006	661.17
35.9340	0.832529	-26.3706	4.60117	13.9025	-0.996109	19.7863	-0.465967	-280.216	26.2456	1389.62	-269.041	-308.379	4976.81	0.000616981	660.868
35.9347	-0.0816205	-24.5497	3.3777	12.6838	-0.996109	22.2365	-1.06137	-457.874	26.2209	1389.62	-270.24	-309.599	4975.59	-0.000298575	660.24
35.9353	0.228537	-19.7151	3.68544	8.98245	-0.0786402	23.1587	-1.37201	-421.247	26.1962	1389.79	-272.237	-311.275	4974.67	-0.000756307	659.334
35.9360	-0.391778	-14.5038	3.07746	5.95821	0.524268	22.8425	-0.465967	-288.176	26.1716	1389.95	-275.114	-312.349	4974.67	-0.000145967	658.869
35.9367	-1.90992	-10.2343	2.16173	3.20479	1.74319	20.1025	0.776611	-151.125	26.1479	1390.06	-277.99	-312.349	4974.52	0.000159203	658.101
35.9373	-1.59976	-5.96477	3.68544	-0.135414	2.35921	18.8905	1.06137	-48.9137	26.1174	1390.22	-280.467	-312.804	4973.91	-0.000298575	656.892
35.9380	1.14269	-2.00919	7.64861	-3.83672	1.14028	14.596	-0.155322	-22.9572	26.0809	1389.95	-282.305	-313.113	4973.6	-0.000451137	656.59
35.9387	3.88513	0.753445	9.48007	-4.42352	-0.393201	8.1938	-1.06137	-2.82638	26.0503	1390.97	-283.504	-311.893	4974.98	0.000159203	656.288
35.9393	4.79928	2.00919	8.87208	-3.52076	-0.694655	6.98185	-0.750724	38.6465	26.0197	1392.21	-285.022	-310.673	4976.35	0.000311811	654.614
35.9400	3.88513	2.00919	8.87208	-3.20479	0.222814	9.7219	-0.155322	1.73044	25.9832	1393.56	-286.38	-309.908	4976.65	-0.000298575	653.079
35.9407	3.28114	-2.00919	9.17983	-0.451379	0.524268	13.0679	-0.750724	-144.146	25.9586	1394.48	-287.18	-308.997	4976.5	-0.000756307	652.614
35.9413	2.66083	-7.15773	7.64861	5.32628	-0.0786402	15.2283	-1.68266	-189.022	25.928	1394.21	-289.497	-308.997	4975.89	-0.000756307	651.405
35.9420	2.97098	-8.09953	3.68544	7.4929	0.222814	14.3062	-2.5887	-49.2022	25.8975	1392.21	-293.572	-310.51	4974.52	-0.000298575	650.335
35.9427	3.88513	-7.15773	-3.94815	5.95821	0.524268	12.7781	-4.73733	5.07595	25.861	1390.54	-297.727	-311.893	4972.84	0.000159203	650.173
35.9433	0.832529	-5.65084	-17.3689	4.10755	0.524268	13.3841	-5.95402	-152.048	25.8245	1390.54	-300.124	-312.04	4971.92	-0.000145967	649.87
35.9440	-2.53023	-2.26033	-24.3945	1.35414	0.825722	14.9122	-5.64338	-288.176	25.7939	1391.3	-301.802	-311.438	4971.77	-0.000298575	649.103
35.9447	0.228537	3.51608	-19.8158	-3.52076	0.524268	12.4619	-3.8054	-248.779	25.7574	1392.05	-303.32	-310.217	4972.53	-0.000145967	648.196
35.9453	5.71343	10.2343	-14.6292	-9.61438	0.222814	3.00351	-1.68266	-138.954	25.7269	1392.65	-304.599	-309.29	4973.3	-0.000145967	647.127
35.9460	6.33375	15.3828	-10.6585	-15.1212	0.524268	-8.27284	-1.06137	-51.048	25.6963	1393.46	-305.797	-308.525	4973.6	-0.000145967	646.057
35.9467	3.88513	17.2664	-10.6585	-18.1454	1.14028	-18.9696	-1.68266	-37.0314	25.6657	1393.46	-306.836	-308.232	4973.6	6.59448e-006	645.29
35.9473	2.36699	16.0107	-14.9294	-16.3399	1.14028	-27.2161	-2.27806	-66.9103	25.6351	1393.89	-306.676	-307.777	4973.45	0.000159203	644.825
35.9480	2.05684	11.7412	-17.0686	-11.1491	1.14028	-26.5837	-2.5887	-35.474	25.5987	1395.4	-305.797	-306.247	4974.21	0.000159203	644.22
35.9487	1.43652	8.09953	-12.49	-8.39565	0.825722	-16.2295	-1.68266	1.44203	25.5681	1394.97	-306.517	-305.792	4973.75	6.59448e-006	643.314
35.9493	-0.0816205	8.09953	-0.893213	-8.98245	-0.0786402	-5.24298	-0.155322	8.76756	25.5316	1393.29	-308.514	-306.849	4971.77	-0.000298575	641.779
35.9500	0.832529	9.29249	12.2273	-8.71162	-0.393201	-0.342506	1.06137	9.69046	25.5069	1392.38	-309.633	-307.467	4970.7	6.59448e-006	640.872
35.9507	3.28114	7.15773	16.8059	-5.95821	-0.0786402	3.00351	2.5887	-40.0885	25.4705	1392.05	-309.873	-307.305	4970.4	0.000311811	640.105
35.9513	1.43652	1.38132	15.8902	-3.83672	-0.0786402	10.9338	5.64338	-75.1587	25.4399	1392.81	-309.153	-305.938	4971.31	0.000159203	639.5
35.9520	-0.99577	-3.20214	15.2822	-2.57286	-0.0786402	19.1803	8.3874	-28.4946	25.4093	1395.24	-307.635	-303.953	4973.75	0.000311811	638.431
35.9527	-1.59976	-6.59264	15.8902	-0.135414	0.222814	22.8425	8.69805	63.6802	25.3788	1397.07	-306.517	-302.586	4975.59	0.000311811	636.757
35.9533	-1.90992	-8.09953	18.9451	1.6701	0.524268	23.7646	8.69805	136.935	25.3541	1398.15	-306.277	-301.512	4975.74	0.000159203	635.524
35.9540	-2.22008	-8.97855	19.8609	1.35414	-0.393201	24.9766	9.00869	154.355	25.3176	1399.07	-305.478	-300.91	4976.04	0.000311811	634.92
35.9547	-2.22008	-10.5482	7.04062	3.52076	-1.31067	28.349	6.57531	141.204	25.287	1398.8	-306.836	-302.586	4975.28	0.000159203	633.385
35.9553	-1.30593	-12.683	-8.21906	6.86097	-0.694655	32.6171	3.52064	117.728	25.2624	1398.31	-308.115	-304.262	4974.37	0.000159203	632.781
35.9560	0.228537	-14.5038	-7.91132	8.39565	-0.0786402	35.041	1.06137	84.7338	25.2377	1398.31	-307.156	-304.409	4974.67	0.000311811	632.479
35.9567	0.832529	-14.8177	0.022518	7.4929	-0.393201	33.2231	-0.465967	59.1233	25.2082	1398.15	-306.676	-305.482	4974.21	0.000159203	630.804
35.9573	0.522371	-12.3691	2.46197	7.4929	-0.393201	26.5047	-1.68266	44.4723	25.1776	1398.64	-305.957	-306.556	4973.75	0.000159203	629.874
35.9580	-0.0816205	-11.1133	2.16173	7.4929	-0.694655	21.6306	-1.37201	21.5728	25.1529	1399.07	-303.96	-307.305	4974.37	6.59448e-006	629.433
35.9587	-0.0816205	-11.4272	2.16173	7.76372	-1.61212	20.7084	0.155322	-20.823	25.1224	1399.56	-301.802	-308.232	4974.98	-0.000298575	627.898
35.9593	-0.0816205	-12.683	1.85398	10.8331	-1.61212	19.1803	1.37201	-87.3872	25.0977	1400.9	-299.085	-308.069	4975.89	6.59448e-006	626.689
35.9600	-0.685612	-16.0107	0.938249	15.708	-1.31067	16.1241	1.37201	-130.994	25.0731	1402.58	-296.289	-307.467	4977.11	-0.000145967	625.619
35.9607	-0.99577	-21.536	0.630503	20.5829	-0.996109	13.0679	1.37201	-78.2159	25.0494	1403.33	-294.611	-307.777	4977.57	-0.000603745	624.55
35.9613	-0.0816205	-26.1194	1.54623	26.4057	-0.996109	10.644	0.776611	11.4786	25.0188	1402.74	-294.371	-309.143	4976.65	-0.000603745	623.922
35.9620	0.228537	-28.5053	0.938249	31.2806	-0.996109	7.27167	1.37201	46.6065	24.9942	1401.39	-294.93	-311.275	4974.52	-0.000451137	623.318
35.9627	0.832529	-29.1332	0.330264	33.718	-0.694655	2.39754	1.9933	90.8481	24.9695	1399.83	-295.57	-313.113	4972.69	-0.000451137	622.411
35.9633	0.832529	-25.8055	0.022518	30.3778	-0.694655	-4.92682	1.06137	169.295	24.9449	1399.23	-295.25	-314.025	4972.23	-0.000298575	621.643
35.9640	0.522371	-16.3246	-0.285228	20.5829	-0.694655	-14.3853	1.37201	156.489	24.9143	1399.39	-294.77	-314.171	4972.69	-0.000145967	620.411
35.9647	1.14269	-3.83001	0.330264	8.98245	-0.0786402	-25.0556	1.9933	-25.0914	24.8837	1399.66	-294.211	-314.334	4972.53	0.000159203	619.202
35.9653	1.43652	11.4272	0.630503	-4.73948	-0.393201	-36.6745	1.37201	-286.33	24.866	1400.47	-292.214	-314.334	4972.23	-0.000298575	618.598
35.9660	1.14269	29.4471	0.630503	-21.5308	-0.393201	-49.1891	0.776611	-311.075	24.8413	1401.23	-290.216	-313.878	4972.84	-0.000603745	616.924
35.9667	1.43652	43.1975	0.630503	-34.034	0.222814	-59.2535	-0.155322	20.3615	24.8107	1401.5	-289.017	-313.26	4973.45	-0.000298575	615.389
35.9673	1.14269	49.6018	0.630503	-38.9089	0.222814	-65.3396	-0.750724	133.59	24.7861	1402.15	-287.499	-312.951	4973.75	-0.000145967	614.784
35.9680	0.522371	50.4808	0.630503	-38.277	-0.0786402	-71.452	0.155322	-141.665	24.7624	1402.58	-286.221	-312.495	4973.75	0.000159203	614.017
35.9687	0.522371	49.6018	0.630503	-37.6902	0.222814	-79.9883	0.776611	-182.561	24.7437	1402.58	-285.661	-312.804	4972.53	6.59448e-006	612.785
35.9693	0.832529	48.9739	0.330264	-36.7874	-0.0786402	-86.1007	0.776611	13.9589	24.7131	1401.98	-285.501	-313.878	4971.92	-0.000145967	612.343
35.9700	0.522371	45.0183	0.022518	-30.9646	0.222814	-86.7067	1.06137	109.479	24.6885	1401.39	-285.661	-314.48	4971.62	0.000159203	612.041
35.9707	0.228537	36.1654	0.022518	-22.1176	0.825722	-78.1704	1.68266	139.993	24.6648	1401.5	-285.182	-314.48	4971.31	0.000159203	610.646
35.9713	1.14269	26.6845	0.330264	-14.1733	0.222814	-61.3876	1.37201	160.758	24.6342	1401.98	-283.823	-313.569	4972.23	6.59448e-006	608.367
35.9720	1.43652	16.6386	-0.285228	-7.76372	-0.0786402	-44.2887	0.465967	201.942	24.6096	1403.17	-281.986	-311.73	4973.6	0.000159203	606.832
35.9727	1.14269	5.3369	-0.285228	-0.451379	0.825722	-24.7658	0.465967	233.379	24.5849	1405.49	-280.148	-309.745	4974.98	0.000159203	606.53
35.9733	1.14269	-7.15773	-0.285228	6.545	0.524268	-2.18677	0.155322	218.728	24.5603	1407.49	-278.47	-307.923	4975.89	6.59448e-006	605.461
35.9740	1.14269	-18.4594	-0.285228	11.7359	-0.393201	18.2582	-1.06137	193.405	24.5366	1408.08	-277.591	-306.849	4976.04	6.59448e-006	604.089
35.9747	0.832529	-23.0429	0.022518	14.4893	-0.393201	33.2231	-1.06137	137.224	24.506	1407.49	-277.671	-307.012	4975.28	-0.000145967	603.019
35.9753	1.14269	-21.8499	0.330264	14.4893	0.222814	39.6253	-0.465967	97.5391	24.4814	1407.17	-278.15	-307.012	4974.52	-0.000145967	601.95
35.9760	0.832529	-18.4594	0.022518	12.0518	-0.0786402	38.4134	-1.06137	134.513	24.4567	1407.17	-277.99	-306.084	4974.06	6.59448e-006	601.206
35.9767	0.228537	-15.1317	0.022518	8.07969	-0.393201	38.4134	-0.465967	147.895	24.4262	1407.17	-277.431	-305.173	4974.52	6.59448e-006	599.973
35.9773	-0.0816205	-11.4272	0.330264	3.52076	-0.694655	44.2096	0.776611	126.264	24.4015	1407	-277.831	-304.864	4974.37	-0.000145967	598.299
35.9780	0.228537	-7.47166	0.022518	0.451379	-0.694655	50.322	0.465967	160.412	24.3778	1407.17	-278.47	-304.718	4972.99	-0.000451137	597.393
35.9787	-0.0816205	-6.84379	0.022518	-1.08331	-0.393201	51.2178	0.776611	232.744	24.3473	1408.25	-277.831	-303.953	4973.91	-0.000298575	596.323
35.9793	-1.30593	-5.96477	0.330264	-2.30203	-0.393201	45.7377	1.37201	247.395	24.3226	1409.33	-276.952	-302.424	4975.89	-0.000298575	594.626
35.9800	-1.30593	-0.753445	0.330264	-4.10755	-0.393201	35.041	1.06137	35.301	24.298	1410.35	-276.632	-301.203	4976.65	-0.000603745	593.114
35.9807	-0.99577	6.84379	-0.285228	-7.17693	0.222814	23.4485	1.06137	-386.753	24.2802	1411.59	-276.792	-301.366	4977.11	6.59448e-006	592.184
35.9813	-0.685612	11.1133	-0.285228	-10.5171	0.524268	18.8905	1.37201	-617.478	24.2556	1410.84	-277.671	-303.042	4976.04	6.59448e-006	591.58
35.9820	-0.391778	10.5482	-0.285228	-10.8331	0.825722	22.2365	1.9933	-501.481	24.225	1409.33	-279.109	-304.864	4973.75	-0.000756307	590.812
35.9827	-0.391778	6.84379	-0.585468	-6.86097	0.825722	25.2928	1.37201	-303.75	24.2003	1409.16	-279.988	-306.703	4972.84	-0.000298575	590.371
35.9833	-0.0816205	2.57427	-0.585468	-2.30203	0.524268	24.6868	1.37201	-143.223	24.1757	1409.16	-279.828	-308.525	4972.53	6.59448e-006	590.068
35.9840	0.228537	0.125574	-0.585468	0.451379	0.222814	22.8425	2.5887	-28.1485	24.1579	1408.52	-279.269	-309.452	4972.53	-0.000451137	588.069
35.9847	-0.391778	-3.51608	-0.893213	2.57286	-0.0786402	25.8987	4.11604	3.57624	24.1392	1408.52	-277.591	-309.29	4972.99	-0.000908915	585.488
35.9853	-1.59976	-8.41347	-0.893213	5.95821	0.524268	32.9069	5.95402	1.73044	24.1086	1409	-275.993	-309.29	4973.45	-0.000451137	584.256
35.9860	-1.90992	-12.683	-0.893213	8.98245	0.825722	36.5691	5.95402	17.3044	24.085	1409.59	-275.433	-310.364	4973.3	0.000464373	583.953
35.9867	-0.391778	-15.6968	-0.893213	11.7359	0.825722	37.2014	4.73733	23.1302	24.0662	1410.67	-274.475	-311.275	4972.99	6.59448e-006	583.047
35.9873	0.522371	-16.3246	-0.893213	13.2706	0.524268	36.2793	4.42668	7.84466	24.0485	1411.11	-273.436	-311.275	4973.3	-0.000451137	581.675
35.9880	0.228537	-12.9969	-1.5012	11.1491	0.222814	32.9069	4.11604	10.2673	24.0179	1411.59	-272.797	-311.128	4974.06	6.59448e-006	580.605
35.9887	-0.391778	-7.47166	-1.20096	5.95821	-0.0786402	27.4268	4.73733	23.9954	23.9992	1411.92	-272.797	-311.73	4973.3	0.000159203	579.977
35.9893	-0.99577	-2.88821	-0.585468	1.6701	-0.0786402	20.7084	4.73733	14.5357	23.9745	1410.51	-274.075	-313.26	4971.62	-0.000145967	579.536
35.9900	-1.30593	-1.38132	-0.585468	1.08331	-0.694655	17.0463	3.20999	5.42204	23.9499	1409.43	-274.954	-314.171	4971.16	6.59448e-006	578.606
35.9907	-1.59976	-2.26033	-0.585468	2.57286	-1.61212	15.5182	1.9933	27.3986	23.9321	1409.92	-274.794	-313.878	4971.77	0.000464373	577.094
35.9913	-1.59976	-2.57427	-1.20096	3.52076	-1.61212	12.7781	1.06137	53.932	23.9134	1410.84	-274.075	-313.423	4972.08	0.000311811	575.257
35.9920	-1.59976	-2.26033	-1.5012	3.52076	-1.31067	7.90399	1.37201	63.3918	23.8956	1412.67	-273.276	-312.658	4972.84	-0.000603745	573.421
35.9927	-1.30593	-1.69525	-0.893213	3.52076	-1.31067	3.31967	2.30395	78.6196	23.871	1414.51	-272.397	-311.438	4974.52	-0.000298575	571.909
35.9933	-1.30593	-0.43951	-0.285228	2.88883	-1.31067	1.1856	2.89935	105.211	23.8522	1415.69	-271.278	-310.217	4975.89	0.000769543	570.979
35.9940	-1.59976	0.125574	-0.285228	2.88883	-1.61212	-1.26464	2.5887	106.71	23.8286	1416.34	-271.278	-310.055	4975.74	0.000464373	570.072
35.9947	-1.90992	-1.06738	-0.893213	3.83672	-1.61212	-4.32085	1.68266	67.6602	23.8039	1416.18	-272.797	-311.128	4974.98	-0.000298575	569.003
35.9953	-1.59976	-2.00919	-1.20096	5.64224	-1.91358	-6.45492	1.06137	-15.6316	23.7852	1416.18	-274.075	-311.438	4974.52	6.59448e-006	567.771
35.9960	-1.30593	-1.69525	-0.893213	6.86097	-0.694655	-11.935	0.155322	-132.84	23.7674	1415.69	-275.114	-311.73	4974.21	0.000616981	566.561
35.9967	-0.685612	-2.00919	-0.893213	7.4929	3.87958	-17.4415	-0.750724	-191.444	23.7369	1415.69	-275.993	-312.04	4974.21	0.000159203	565.492
35.9973	-0.685612	-4.39509	-1.5012	9.93034	6.01597	-19.5755	-1.37201	-147.78	23.7181	1416.34	-276.472	-311.438	4974.37	-0.000145967	564.422
35.9980	0.228537	-8.7274	-0.893213	14.8052	4.4956	-18.0474	-1.37201	-126.437	23.6945	1416.45	-277.671	-310.982	4974.06	0.000159203	563.353
35.9987	0.522371	-12.3691	-0.285228	18.4614	3.57813	-12.2512	-0.155322	-157.239	23.6698	1417.1	-277.99	-309.745	4974.52	-0.000145967	562.446
35.9993	-0.685612	-13.2481	-0.585468	18.1454	2.05775	-5.84895	-0.155322	-74.5242	23.6392	1418.93	-277.431	-307.923	4976.04	-0.000298575	561.074
36.0000	-1.59976	-11.7412	-0.285228	16.9267	1.14028	-0.658665	0.155322	110.402	23.6205	1420.28	-277.111	-306.084	4977.42	6.59448e-006	559.54
36.0007	-1.30593	-8.09953	-0.285228	14.8052	1.44174	0.579626	1.06137	198.597	23.6087	1420.61	-277.111	-305.027	4977.42	6.59448e-006	558.005
36.0013	-0.99577	0.753445	-0.285228	6.545	0.825722	-7.06089	1.06137	131.744	23.5781	1419.53	-278.47	-305.792	4976.2	-0.000145967	556.633
36.0020	-1.30593	13.8759	0.022518	-5.64224	-0.393201	-20.4977	1.37201	55.1433	23.5475	1418.45	-280.308	-306.703	4974.21	-0.000298575	555.889
36.0027	-1.59976	23.0429	0.022518	-13.2706	-0.694655	-29.6399	1.68266	69.1599	23.5229	1417.53	-281.826	-306.849	4972.84	-0.000145967	555.424
36.0033	-1.90992	26.1194	-0.585468	-14.1733	-0.0786402	-32.6962	1.06137	14.2473	23.4982	1416.94	-283.024	-307.158	4971.92	-0.000298575	554.192
36.0040	-2.53023	26.6845	-0.285228	-13.5865	-0.0786402	-36.6745	1.06137	-145.991	23.4746	1416.94	-283.184	-307.012	4971.77	-0.000451137	552.215
36.0047	-2.82407	28.8193	0.022518	-16.9267	-0.694655	-43.0767	1.37201	-190.233	23.4499	1417.53	-283.344	-306.084	4972.53	6.59448e-006	551.146
36.0053	-2.53023	33.4027	0.330264	-24.2391	-0.694655	-47.9508	1.9933	-47.7024	23.4253	1418.61	-282.785	-305.027	4973.14	0.000311811	550.239
36.0060	-2.53023	37.6722	1.24599	-29.7459	-0.0786402	-49.1891	2.30395	120.785	23.4075	1419.36	-281.986	-304.718	4973.45	6.59448e-006	548.705
36.0067	-2.82407	37.1072	1.24599	-29.7459	-0.393201	-45.8168	1.68266	116.805	23.3828	1419.69	-281.506	-304.864	4973.75	6.59448e-006	547.495
36.0073	-2.22008	28.8193	0.630503	-23.9682	-0.694655	-37.5703	1.37201	23.1302	23.3464	1419.69	-280.627	-304.864	4973.75	6.59448e-006	546.124
36.0080	-1.59976	19.4012	-0.285228	-15.708	-0.996109	-26.5837	1.37201	77.7544	23.3217	1419.96	-279.509	-305.336	4973.6	0.000311811	544.729
36.0087	-0.99577	11.4272	-0.585468	-8.39565	-0.996109	-14.7014	1.06137	217.17	23.2971	1420.28	-278.15	-305.792	4973.3	0.000311811	544.124
36.0093	-0.685612	2.88821	-0.285228	-2.88883	-0.694655	-2.79274	0.465967	240.416	23.2665	1419.53	-276.952	-307.158	4972.38	-0.000145967	543.357
36.0100	-0.99577	-5.3369	-0.585468	2.57286	-0.393201	8.79977	-0.155322	158.912	23.2359	1418.45	-276.952	-309.452	4970.86	6.59448e-006	542.148
36.0107	-0.685612	-12.3691	-0.893213	8.07969	-0.0786402	19.7863	-0.155322	88.7139	23.2182	1417.69	-276.312	-310.673	4970.4	0.000769543	540.311
36.0113	-0.99577	-17.5804	-1.20096	11.465	0.524268	23.4485	0.465967	40.7807	23.1935	1419.04	-273.436	-310.055	4971.62	0.000464373	538.474
36.0120	-0.685612	-19.4012	-1.5012	12.6838	0.524268	21.9204	-0.155322	-24.803	23.1629	1421.69	-269.441	-308.379	4973.6	6.59448e-006	537.265
36.0127	-0.391778	-20.2802	-0.893213	13.9025	0.524268	27.1107	-1.37201	-87.964	23.1265	1423.47	-266.244	-307.012	4975.28	0.000311811	536.335
36.0133	-0.391778	-22.101	-0.893213	14.8052	0.524268	39.9415	-1.96742	-116.689	23.1077	1425.03	-263.528	-306.703	4976.2	0.000464373	534.963
36.0140	-1.59976	-23.0429	-1.20096	15.1212	0.825722	52.7459	-1.96742	-125.226	23.0772	1425.3	-261.69	-307.305	4976.04	0.000159203	533.452
36.0147	-1.90992	-22.101	-0.893213	13.5865	0.524268	61.5984	-1.37201	-138.32	23.0535	1424.87	-260.491	-308.379	4975.43	0.000464373	532.685
36.0153	0.522371	-19.7151	-1.20096	12.0518	0.222814	61.3086	-1.68266	-107.23	23.0288	1424.87	-259.213	-308.997	4975.13	0.000464373	531.778
36.0160	1.14269	-17.8315	-1.80894	12.3678	0.825722	49.3999	-2.27806	-12.5745	23.0042	1424.71	-258.014	-309.745	4974.52	6.59448e-006	529.778
36.0167	-2.53023	-16.9525	-2.72468	13.5865	1.14028	34.1452	-1.37201	35.301	22.9736	1424.87	-257.295	-310.673	4973.91	6.59448e-006	528.406
36.0173	-5.58284	-16.3246	-2.41693	14.8052	1.14028	22.2365	-0.465967	12.7476	22.943	1425.3	-256.176	-310.982	4974.06	0.000311811	527.639
36.0180	-9.23944	-16.0107	-1.5012	16.3399	0.524268	15.2283	-0.750724	-7.44089	22.9184	1425.3	-254.978	-311.128	4974.21	0.000159203	526.267
36.0187	-12.896	-17.5804	-0.893213	19.9961	-1.31067	9.7219	-0.155322	-8.30611	22.8947	1425.63	-253.939	-311.275	4974.21	6.59448e-006	524.593
36.0193	-13.5163	-20.2802	-0.585468	24.2842	-1.91358	6.05972	0.465967	38.0697	22.8642	1427.62	-252.341	-310.217	4975.43	-0.000298575	523.221
36.0200	-14.1203	-21.8499	-1.5012	25.5029	-2.21503	2.08138	0.465967	127.764	22.8395	1428.97	-250.982	-308.997	4976.96	-0.000908915	521.245
36.0207	-16.2588	-19.7151	-2.11669	22.7495	-2.52959	-4.00469	0.155322	152.798	22.8148	1429.3	-251.142	-309.599	4977.11	-0.00106152	519.571
36.0213	-17.7769	-12.0551	6.43264	15.1212	-2.21503	-10.4069	1.37201	100.308	22.7902	1428.7	-252.66	-311.275	4975.28	-0.000756307	519.106
36.0220	-26.3308	-0.43951	20.7766	4.42352	-2.21503	-19.2594	2.30395	17.9389	22.7606	1426.98	-254.658	-312.951	4973.6	-0.000451137	518.641
36.0227	-24.7963	9.29249	28.4027	-4.10755	-2.83105	-28.428	2.30395	-81.5614	22.73	1425.95	-256.336	-314.334	4972.53	-0.000451137	517.432
36.0233	8.45588	15.6968	29.6262	-7.76372	-3.1325	-37.5703	3.20999	-75.7932	22.6995	1425.63	-257.535	-314.643	4972.23	-0.000451137	516.362
36.0240	34.101	23.6707	30.5419	-13.5865	-2.52959	-48.5568	4.11604	2.01885	22.6748	1426.54	-257.455	-314.025	4972.38	-0.000298575	515.897
36.0247	26.7715	31.5819	32.6736	-20.5829	2.05775	-57.7254	4.42668	-97.1353	22.6502	1428.38	-256.656	-312.804	4973.6	-0.000145967	515.13
36.0253	13.6469	35.8514	32.6736	-23.9682	8.76838	-63.8115	4.42668	-282.984	22.6196	1428.7	-257.295	-311.893	4973.91	-0.000451137	512.851
36.0260	6.62758	36.4793	25.0475	-25.5029	10.2888	-65.9719	4.11604	-242.723	22.5949	1428.22	-258.334	-311.584	4973.45	-0.000908915	510.549
36.0267	3.28114	34.3445	5.20916	-25.7738	6.63199	-62.5996	4.11604	-31.2056	22.5713	1428.7	-258.813	-310.982	4973.75	-0.000145967	509.643
36.0273	4.19529	31.268	-22.8633	-23.6523	2.96211	-55.2752	3.20999	99.0965	22.5407	1429.3	-259.213	-310.055	4974.06	0.000616981	509.038
36.0280	5.10944	26.9984	-44.8408	-21.5308	0.222814	-47.9508	1.06137	103.076	22.5161	1429.73	-260.012	-309.599	4973.91	0.000159203	507.503
36.0287	3.88513	22.7289	-45.4488	-20.8989	-0.694655	-41.2325	0.155322	54.5088	22.4855	1429.13	-261.53	-309.599	4973.3	6.59448e-006	506.294
36.0293	2.97098	20.2802	-28.3576	-20.8989	-0.393201	-34.5404	2.30395	-29.0714	22.4549	1428.22	-263.368	-310.217	4972.23	0.000311811	505.527
36.0300	2.97098	15.1317	-13.4057	-18.1454	-0.694655	-25.688	4.42668	-115.766	22.4303	1427.62	-265.206	-310.673	4970.86	-0.000145967	504.295
36.0307	2.36699	6.84379	-9.13479	-13.9025	-0.393201	-17.1253	6.86007	-127.649	22.3938	1427.78	-266.724	-310.51	4970.86	6.59448e-006	502.783
36.0313	1.74668	2.26033	-8.5193	-11.1491	-0.0786402	-6.45492	8.10264	-65.4106	22.3691	1429.46	-266.085	-308.834	4972.69	0.000311811	501.853
36.0320	1.74668	0.125574	-8.5193	-9.61438	-0.694655	8.79977	7.17071	-28.4946	22.3455	1431.73	-264.406	-306.084	4974.52	-0.000145967	500.179
36.0327	1.14269	-1.69525	-10.0505	-8.71162	0.222814	16.7301	5.33273	-68.1216	22.3149	1432.48	-264.726	-305.482	4975.28	0.000464373	497.738
36.0333	-0.0816205	-2.88821	-9.13479	-5.64224	0.825722	16.7301	4.11604	-109.652	22.2902	1432.97	-265.046	-305.938	4975.28	0.000616981	496.366
36.0340	-0.685612	-5.65084	-6.3876	-1.08331	0.222814	17.6522	2.89935	-79.1388	22.2656	1433.24	-264.406	-306.084	4974.82	-0.000145967	495.297
36.0347	-0.685612	-9.29249	-5.47187	2.57286	-0.393201	16.4403	1.37201	-16.2661	22.235	1432.8	-264.886	-306.394	4974.37	0.000159203	493.46
36.0353	-0.685612	-12.9969	-5.16412	5.32628	-0.0786402	15.5182	-1.06137	7.84466	22.1985	1432.8	-265.685	-307.158	4973.75	0.000159203	492.39
36.0360	0.228537	-16.3246	-3.94815	8.71162	-0.393201	24.3706	-1.96742	-31.8401	22.1739	1433.4	-265.365	-307.158	4974.06	6.59448e-006	491.646
36.0367	0.832529	-21.222	-2.72468	12.6838	-0.393201	40.5474	-1.68266	-93.1553	22.1433	1433.88	-264.886	-306.849	4974.52	6.59448e-006	490.577
36.0373	0.522371	-25.4916	-3.03242	16.9267	0.222814	56.7243	-2.27806	-114.209	22.1196	1433.88	-264.886	-307.012	4974.06	6.59448e-006	489.507
36.0380	-0.0816205	-27.3124	-3.03242	18.4614	0.524268	69.5287	-2.89935	-108.441	22.0891	1434.32	-264.886	-306.849	4974.21	6.59448e-006	488.135
36.0387	-1.59976	-26.3706	-1.80894	18.1454	0.222814	75.9573	-3.8054	-98.3466	22.0644	1435.23	-264.167	-306.084	4975.43	-0.000145967	486.601
36.0393	-3.44438	-23.6707	3.3777	15.708	-0.393201	75.325	-5.02209	-71.5248	22.0338	1436.48	-263.048	-305.173	4976.65	-0.000145967	484.764
36.0400	-3.44438	-19.7151	14.0587	11.7359	-0.393201	70.4509	-6.23878	-25.0914	22.0033	1437.82	-261.85	-303.953	4977.42	6.59448e-006	483.555
36.0407	-2.82407	-14.5038	21.0768	8.39565	-0.694655	62.2044	-7.76611	24.9183	21.9786	1438.31	-261.37	-303.807	4977.26	-0.000145967	482.183
36.0413	-4.35853	-9.92036	16.5057	5.64224	-1.31067	50.6119	-7.76611	73.486	21.948	1436.64	-262.728	-305.482	4975.59	6.59448e-006	480.509
36.0420	-5.27268	-2.88821	11.0113	0.135414	-1.61212	36.2793	-6.54942	103.076	21.9116	1434.91	-265.046	-308.069	4973.3	0.000311811	479.742
36.0427	-4.96252	5.65084	11.6193	-6.86097	-1.31067	22.5527	-4.42668	49.3752	21.8869	1434.8	-265.685	-309.745	4971.62	-0.000145967	479.439
36.0433	-7.41114	10.5482	18.0294	-9.93034	-0.996109	11.5662	-2.89935	-62.0651	21.8573	1434.32	-265.845	-310.51	4971.92	-0.000756307	477.742
36.0440	-6.49699	12.683	25.6555	-10.2012	-0.694655	1.79157	-1.68266	-125.226	21.8327	1433.88	-266.244	-311.128	4972.38	-0.000298575	475.766
36.0447	5.10944	13.2481	21.6923	-9.29841	-0.694655	-5.53279	-1.37201	-95.0011	21.8021	1435.07	-265.046	-311.438	4972.53	0.000159203	475.161
36.0453	13.9571	11.4272	4.60117	-5.64224	-0.694655	-8.27284	-1.37201	0.807538	21.7715	1436.15	-263.368	-311.128	4973.14	-0.000145967	473.626
36.0460	9.38635	7.7856	-10.3508	-0.767345	-0.996109	-8.90516	-0.750724	71.0057	21.7469	1436.15	-263.528	-311.584	4973.3	0.000159203	471.952
36.0467	1.74668	5.02297	-14.0137	2.30203	-1.31067	-9.19497	-0.750724	115.882	21.7222	1436.91	-262.728	-312.04	4973.14	0.000311811	471.348
36.0473	0.522371	2.00919	3.07746	3.52076	-0.393201	-7.06089	-1.06137	166.526	21.6917	1437.66	-261.69	-311.73	4973.6	-0.000298575	469.813
36.0480	1.14269	-3.83001	20.1611	4.73948	-0.393201	-1.26464	-0.465967	170.506	21.6611	1437.99	-261.69	-311.584	4973.91	0.000159203	468.441
36.0487	-0.391778	-9.29249	-2.41693	5.95821	-0.694655	7.58783	0.155322	132.033	21.6305	1438.15	-262.169	-312.495	4973.3	0.000311811	467.837
36.0493	-0.391778	-12.0551	-38.1229	6.86097	-0.0786402	14.9122	0.776611	101.865	21.6068	1436.48	-263.208	-313.878	4971.62	-0.000451137	466
36.0500	-0.0816205	-12.3691	-46.6723	6.86097	0.222814	13.3841	0.465967	81.6767	21.5704	1435.23	-264.247	-314.789	4970.4	-0.000145967	464.326
36.0507	1.14269	-10.5482	-35.0755	5.64224	-0.0786402	6.98185	-0.465967	61.546	21.5457	1436.31	-264.247	-314.643	4970.86	0.000464373	463.559
36.0513	5.71343	-8.7274	-21.3395	4.73948	1.14028	4.24181	-1.06137	44.1839	21.5211	1437.66	-263.528	-313.26	4972.23	-0.000145967	461.885
36.0520	10.5943	-6.27871	-14.9294	3.52076	2.35921	2.39754	-1.06137	35.5894	21.4846	1439.23	-261.85	-310.819	4974.21	6.59448e-006	460.048
36.0527	10.5943	-3.83001	-15.2372	2.30203	1.44174	-2.18677	-0.465967	38.3581	21.454	1441.66	-260.012	-308.688	4975.59	0.000616981	459.141
36.0533	7.2479	-2.26033	-16.4531	1.6701	0.825722	-6.45492	-0.155322	11.8247	21.4293	1442.84	-259.372	-307.305	4976.04	0.000159203	457.909
36.0540	6.02359	-1.69525	-14.0137	2.30203	1.44174	-7.98302	-0.465967	-35.1856	21.3929	1442.41	-259.852	-307.012	4975.59	-0.000145967	456.095
36.0547	6.62758	-2.00919	-10.0505	2.30203	1.44174	-6.45492	-0.750724	-22.0343	21.3623	1441.98	-261.05	-307.158	4974.98	-0.000145967	454.723
36.0553	6.33375	-3.83001	-5.16412	2.88883	1.14028	-4.61066	-1.06137	27.9754	21.3317	1441.98	-262.329	-307.467	4974.37	-0.000145967	453.491
36.0560	7.2479	-5.96477	-1.20096	5.64224	1.44174	-5.24298	-1.37201	41.7036	21.3012	1442.09	-262.728	-307.305	4974.67	-0.000145967	451.956
36.0567	6.93774	-7.15773	0.938249	8.07969	1.74319	-7.98302	-1.37201	26.7641	21.2706	1442.25	-263.048	-307.012	4974.82	6.59448e-006	450.282
36.0573	2.05684	-5.96477	0.938249	7.76372	1.74319	-12.2512	-1.37201	2.65334	21.2469	1442.09	-263.847	-307.305	4973.75	0.000159203	449.073
36.0580	-4.65237	-3.51608	0.330264	5.64224	1.74319	-16.8355	-1.68266	-33.0514	21.2094	1442.84	-263.847	-306.703	4973.75	0.000159203	448.445
36.0587	-10.7576	-1.38132	-0.285228	3.83672	1.44174	-19.5755	-1.68266	-51.3364	21.1789	1444.25	-262.569	-305.336	4975.28	6.59448e-006	447.074
36.0593	-11.0677	1.06738	-0.585468	1.98607	0.524268	-20.4977	-1.37201	-17.7658	21.1552	1445.17	-261.05	-305.027	4976.81	-0.000298575	444.958
36.0600	-6.18683	4.70903	-0.585468	-1.08331	0.222814	-21.7096	-1.68266	34.0897	21.1246	1446.24	-260.172	-304.864	4977.42	-0.000145967	443.423
36.0607	-2.22008	8.97855	0.022518	-5.95821	0.222814	-23.8437	-1.96742	74.0628	21.0941	1447	-259.133	-304.571	4976.81	6.59448e-006	442.354
36.0613	-0.391778	13.562	0.330264	-11.1491	0.222814	-27.2161	-1.96742	74.3512	21.0635	1445.6	-259.532	-305.938	4974.82	-0.000298575	440.982
36.0620	-0.0816205	17.8315	0.330264	-16.024	0.222814	-29.9561	-1.96742	57.5659	21.0388	1443.92	-260.491	-307.923	4973.3	-0.000298575	440.075
36.0627	-0.391778	20.2802	0.938249	-18.4614	0.825722	-30.8782	-1.96742	88.4254	21.0142	1443.49	-260.172	-309.143	4972.53	-0.000145967	438.843
36.0633	-0.391778	18.4594	0.630503	-16.9267	0.524268	-31.774	-2.5887	113.113	20.9777	1443.33	-258.973	-309.745	4972.08	-0.000145967	437.634
36.0640	0.228537	14.5038	0.630503	-13.2706	-0.0786402	-31.774	-2.89935	104.865	20.9471	1443.92	-256.815	-308.997	4972.53	-0.000603745	436.401
36.0647	0.832529	9.60642	1.85398	-8.07969	-0.0786402	-27.822	-2.5887	106.71	20.9235	1444.25	-255.297	-308.232	4973.45	-0.000145967	434.123
36.0653	1.14269	2.00919	3.3777	-1.35414	0.222814	-18.9696	-3.20999	91.771	20.8929	1444.57	-254.498	-308.379	4973.14	0.000464373	432.89
36.0660	1.43652	-5.02297	3.68544	4.73948	0.222814	-9.51113	-4.11604	27.0525	20.8682	1445.6	-252.501	-308.379	4973.3	0.000159203	432.123
36.0667	1.14269	-9.29249	3.07746	8.39565	-0.0786402	-1.26464	-4.11604	-45.2798	20.8436	1445.92	-250.823	-308.232	4973.91	6.59448e-006	430.286
36.0673	0.228537	-10.2343	3.07746	9.29841	-0.0786402	5.45375	-4.73733	-101.404	20.813	1446.08	-249.944	-308.232	4973.75	6.59448e-006	428.775
36.0680	-0.391778	-9.60642	3.68544	8.07969	-0.393201	7.90399	-5.02209	-144.722	20.7825	1446.24	-249.304	-308.688	4973.45	-0.000145967	427.403
36.0687	0.522371	-7.7856	6.74038	5.95821	-0.0786402	9.11593	-4.73733	-142.934	20.7578	1445.49	-249.784	-310.51	4972.23	6.59448e-006	425.869
36.0693	0.832529	-5.96477	8.87208	4.10755	0.222814	11.5662	-4.73733	-109.941	20.7401	1444.57	-249.944	-312.658	4971.01	0.000159203	424.962
36.0700	1.14269	-5.96477	3.99319	4.10755	0.524268	12.7781	-5.33273	-94.3666	20.7154	1444.68	-248.985	-313.26	4970.7	0.000159203	424.799
36.0707	2.05684	-6.59264	-2.11669	5.32628	0.825722	10.9338	-4.11604	-94.3666	20.6848	1445.76	-247.307	-312.349	4971.47	0.000159203	423.892
36.0713	1.74668	-5.96477	-1.20096	5.95821	0.524268	6.37588	-1.96742	-87.3872	20.6602	1447	-246.108	-311.893	4972.84	0.000159203	421.288
36.0720	1.14269	-4.39509	0.938249	4.73948	-0.393201	2.39754	-1.37201	-91.0211	20.6365	1448.51	-244.43	-311.275	4973.91	-0.000298575	418.707
36.0727	1.14269	-2.88821	0.938249	4.10755	0.222814	-1.5808	-0.750724	-108.441	20.6059	1450.51	-242.033	-309.143	4975.43	-0.000145967	417.475
36.0733	0.832529	-2.57427	1.54623	4.73948	0.222814	-7.37705	0.776611	-104.172	20.5813	1451.26	-241.074	-308.379	4976.35	0.000616981	416.568
36.0740	-0.0816205	-4.14395	2.16173	6.545	0.222814	-12.2512	1.9933	-109.652	20.5625	1450.94	-241.394	-309.143	4975.28	0.000464373	415.196
36.0747	-0.391778	-7.47166	0.938249	10.5171	0.222814	-14.7014	1.37201	-137.108	20.5389	1450.51	-242.033	-309.452	4974.37	0.000311811	413.522
36.0753	-0.0816205	-9.92036	-0.585468	13.5865	-0.0786402	-14.9912	0.465967	-125.515	20.5142	1450.78	-242.193	-308.997	4974.52	0.000464373	412.453
36.0760	0.522371	-8.7274	-1.5012	12.9546	-0.393201	-17.1253	-0.155322	-0.403769	20.4837	1450.94	-242.592	-308.525	4974.37	6.59448e-006	411.22
36.0767	0.832529	-4.39509	-2.41693	8.39565	-0.393201	-23.8437	0.465967	208.979	20.459	1450.67	-243.551	-308.525	4974.06	-0.000145967	409.546
36.0773	0.832529	0.43951	-3.03242	4.42352	0.222814	-32.0902	1.9933	351.452	20.4344	1451.1	-243.871	-308.525	4973.45	6.59448e-006	408.477
36.0780	1.43652	2.00919	-3.03242	3.83672	0.222814	-36.9643	2.89935	392.983	20.4107	1451.26	-244.111	-308.069	4972.84	-0.000298575	407.105
36.0787	2.36699	3.20214	-1.80894	3.52076	0.825722	-39.0984	3.20999	361.258	20.386	1452.02	-243.711	-306.394	4974.21	-0.000145967	405.268
36.0793	2.66083	6.52986	-1.20096	0.135414	1.44174	-40.9426	3.52064	318.228	20.3614	1454.02	-242.433	-304.409	4976.2	6.59448e-006	403.896
36.0800	1.74668	12.683	-0.893213	-4.73948	1.14028	-43.0767	2.5887	256.566	20.3436	1455.37	-242.193	-303.351	4977.26	6.59448e-006	402.222
36.0807	0.832529	20.2802	0.022518	-10.8331	0.825722	-44.6048	1.68266	-72.1016	20.3249	1456.01	-242.193	-303.188	4977.42	-0.000145967	401.153
36.0813	-0.685612	25.8055	0.630503	-16.3399	1.14028	-46.7389	-0.750724	-510.653	20.2943	1454.77	-243.551	-305.027	4975.74	-0.000298575	399.944
36.0820	-0.391778	27.9402	3.07746	-18.7774	1.14028	-48.873	-4.11604	-593.656	20.2697	1452.51	-245.629	-307.923	4973.45	-0.000145967	398.874
36.0827	-0.685612	28.8193	7.64861	-20.5829	0.825722	-49.1891	-7.76611	-388.599	20.245	1452.02	-245.549	-308.834	4972.69	-0.000298575	398.409
36.0833	-4.35853	34.3445	7.95635	-26.9925	0.524268	-50.0849	-9.29345	-168.545	20.2214	1452.94	-244.111	-308.688	4973.3	-0.000145967	397.339
36.0840	-8.32529	43.5114	5.82465	-35.2527	-0.0786402	-51.613	-7.17071	10.2673	20.1967	1452.61	-243.951	-310.364	4972.99	0.000159203	395.2
36.0847	-11.0677	44.3905	3.99319	-36.7874	-0.996109	-44.2887	-4.73733	164.103	20.172	1452.51	-242.752	-311.275	4972.38	-0.000145967	393.061
36.0853	-12.5859	35.8514	2.76971	-31.9125	-1.31067	-30.2459	-4.73733	228.187	20.1474	1454.02	-239.876	-310.217	4973.3	-0.000145967	391.992
36.0860	-11.3779	26.9984	2.46197	-26.4057	-1.61212	-19.5755	-5.33273	164.68	20.1237	1454.61	-237.878	-310.217	4973.91	6.59448e-006	391.224
36.0867	-10.4637	20.5942	2.46197	-21.2148	-0.996109	-13.7793	-6.54942	87.2141	20.0932	1454.34	-236.36	-310.673	4973.45	6.59448e-006	389.713
36.0873	-12.5859	14.5038	2.46197	-15.708	-0.393201	-7.37705	-9.00869	95.4049	20.0685	1455.2	-234.362	-309.908	4973.75	0.000311811	388.341
36.0880	-13.8102	6.84379	1.85398	-9.29841	-0.393201	3.60949	-9.91474	155.22	20.0438	1455.53	-233.004	-309.745	4974.21	0.000159203	387.109
36.0887	-0.685612	-2.88821	0.630503	-1.35414	-0.0786402	16.1241	-8.07676	146.395	20.0192	1454.94	-233.004	-310.673	4972.69	6.59448e-006	386.039
36.0893	20.0623	-12.3691	0.022518	5.64224	-0.393201	28.6388	-6.54942	85.9451	19.9896	1453.53	-233.323	-311.73	4970.86	6.59448e-006	384.528
36.0900	26.1675	-20.2802	0.938249	11.1491	-0.393201	45.7377	-4.11604	40.2039	19.965	1452.61	-233.483	-312.951	4970.25	0.000159203	383.296
36.0907	15.4752	-26.6845	2.46197	16.3399	0.222814	65.5767	-0.465967	-7.44089	19.9462	1453.69	-232.125	-312.495	4970.55	0.000464373	382.226
36.0913	5.4196	-30.075	2.76971	18.7774	-0.393201	78.9872	1.68266	-46.7795	19.9216	1455.2	-229.328	-310.51	4972.53	0.000311811	379.948
36.0920	4.79928	-30.3889	2.16173	17.8746	-0.694655	87.5498	2.30395	-77.5814	19.892	1456.77	-226.771	-308.525	4974.52	0.000464373	378.111
36.0927	6.62758	-28.2542	2.46197	16.6108	-0.393201	91.212	3.83128	-87.6756	19.8614	1458.88	-224.294	-307.158	4975.28	0.000464373	377.343
36.0933	5.71343	-25.4916	2.76971	14.8052	-0.0786402	86.6277	4.73733	-60.7961	19.8368	1460.12	-222.776	-306.247	4975.59	0.000464373	376.134
36.0940	4.19529	-22.7289	2.76971	13.5865	-0.0786402	77.1692	5.33273	-29.7059	19.8121	1459.95	-222.936	-306.703	4975.59	0.000769543	374.902
36.0947	3.57498	-19.4012	2.46197	12.6838	-0.0786402	65.2606	6.57531	-29.7059	19.7815	1459.63	-223.575	-307.777	4974.98	0.000311811	373.832
36.0953	3.28114	-16.6386	2.16173	11.1491	-0.694655	55.1962	8.10264	-80.9846	19.7569	1459.52	-224.134	-308.379	4974.21	-0.000298575	371.856
36.0960	3.28114	-15.1317	1.85398	10.5171	-1.61212	48.4778	9.31934	-148.414	19.7332	1459.04	-224.454	-308.688	4973.91	-0.000145967	370.182
36.0967	3.88513	-13.562	1.24599	10.2012	-0.996109	42.6815	8.10264	-186.83	19.7086	1459.2	-224.454	-308.997	4974.21	0.000159203	369.415
36.0973	4.19529	-10.5482	0.630503	8.39565	-0.393201	36.8853	5.33273	-174.659	19.678	1459.63	-224.454	-310.055	4973.75	6.59448e-006	368.345
36.0980	4.48913	-5.65084	0.330264	4.73948	-0.694655	30.483	3.20999	-74.5242	19.6533	1460.44	-223.255	-309.908	4973.75	-0.000298575	366.973
36.0987	5.10944	-2.00919	-0.285228	2.30203	-0.393201	22.8425	1.68266	24.6299	19.6228	1461.36	-221.897	-308.525	4975.59	-0.000145967	364.834
36.0993	5.10944	-0.125574	-0.285228	2.30203	0.222814	15.2283	1.06137	61.2575	19.5981	1461.79	-221.897	-308.069	4976.65	0.000159203	362.695
36.1000	5.4196	1.69525	0.330264	1.6701	0.222814	8.1938	0.465967	123.496	19.5745	1462.87	-220.618	-307.614	4976.96	0.000464373	361.323
36.1007	4.79928	3.83001	-0.285228	-0.451379	0.222814	0.869438	0.465967	162.892	19.5439	1462.87	-220.059	-307.777	4976.65	0.000464373	360.114
36.1013	3.88513	5.96477	-0.585468	-2.30203	-0.0786402	-6.45492	1.06137	115.593	19.5133	1461.95	-221.417	-309.599	4974.52	0.000311811	359.649
36.1020	3.57498	8.09953	-0.285228	-4.10755	-0.0786402	-11.0392	0.776611	59.1233	19.4946	1461.36	-221.897	-310.819	4972.69	6.59448e-006	358.882
36.1027	2.66083	8.97855	0.330264	-5.05545	0.524268	-11.6452	1.37201	5.42204	19.464	1460.87	-221.417	-311.128	4972.38	6.59448e-006	357.975
36.1033	0.832529	7.15773	0.630503	-4.10755	0.524268	-9.80094	1.68266	-57.1622	19.4394	1461.03	-221.098	-310.982	4972.38	0.000311811	357.371
36.1040	-0.0816205	2.26033	0.630503	0.451379	-0.0786402	-5.84895	1.06137	-65.699	19.4098	1461.36	-220.299	-310.364	4972.38	6.59448e-006	356.301
36.1047	-0.391778	-5.02297	0.630503	6.545	-0.0786402	-1.5808	0.776611	-3.11479	19.3851	1462.71	-218.381	-309.143	4973.3	-0.000298575	355.069
36.1053	-0.391778	-9.92036	0.022518	9.29841	0.524268	-0.658665	0.776611	54.5088	19.3546	1463.63	-216.863	-308.688	4974.06	-0.000145967	353.86
36.1060	-0.391778	-10.8622	-0.585468	9.29841	0.222814	-2.79274	1.06137	55.1433	19.324	1463.3	-217.422	-309.29	4973.3	0.000159203	352.162
36.1067	-0.391778	-10.2343	-0.585468	9.93034	0.524268	-5.24298	0.776611	32.2439	19.2993	1463.63	-216.863	-309.29	4973.6	0.000159203	350.651
36.1073	-0.99577	-7.7856	-0.285228	8.98245	0.524268	-5.84895	0.465967	25.2644	19.2747	1464.06	-215.425	-309.143	4974.21	-0.000145967	349.279
36.1080	-1.30593	-4.70903	0.022518	6.545	0.222814	-4.32085	-0.750724	26.1296	19.251	1464.22	-215.185	-309.745	4973.6	-0.000145967	348.047
36.1087	-1.90992	-2.00919	-0.285228	4.42352	0.222814	-2.47658	-1.68266	11.1902	19.2264	1463.79	-215.744	-310.819	4972.69	0.000159203	347.28
36.1093	-2.82407	0.43951	0.330264	2.88883	0.222814	-0.948478	-1.68266	-17.4774	19.2017	1462.55	-215.904	-312.202	4971.31	-0.000145967	346.536
36.1100	-2.53023	2.00919	0.938249	0.767345	0.222814	0.579626	-1.06137	-79.7156	19.1711	1462.28	-215.265	-312.495	4970.7	6.59448e-006	345.303
36.1107	-1.59976	4.14395	0.630503	-2.30203	0.222814	-1.87061	-1.06137	-121.535	19.1406	1463.3	-213.906	-312.349	4971.16	0.000159203	343.792
36.1113	-0.99577	6.84379	0.330264	-4.42352	0.222814	-7.06089	-1.96742	-62.6419	19.11	1465.14	-211.509	-311.128	4972.84	-0.000298575	341.955
36.1120	-0.0816205	8.09953	0.330264	-5.95821	0.222814	-12.2512	-2.27806	-35.474	19.0794	1467.13	-208.553	-308.232	4975.74	0.000159203	340.281
36.1127	-0.0816205	9.29249	0.330264	-7.17693	-0.0786402	-16.8355	-1.96742	-80.6385	19.0489	1468.21	-207.194	-306.849	4976.2	0.000464373	338.746
36.1133	-0.0816205	11.4272	1.54623	-8.39565	-0.694655	-19.5755	-2.27806	-61.1422	19.0183	1468.05	-206.875	-307.012	4975.89	0.000464373	336.607
36.1140	0.228537	12.683	2.46197	-8.07969	-0.694655	-21.1036	-2.89935	-8.6522	18.9877	1467.89	-207.035	-307.467	4975.74	0.000769543	335.073
36.1147	-0.685612	10.2343	1.24599	-4.73948	-0.694655	-21.3935	-3.49475	4.49914	18.97	1468.05	-206.795	-307.614	4974.37	0.000616981	334.77
36.1153	-1.30593	4.14395	0.022518	0.135414	-1.61212	-18.3636	-4.11604	2.65334	18.9453	1468.05	-206.475	-307.614	4973.75	6.59448e-006	333.399
36.1160	-0.99577	-2.26033	-2.11669	5.05545	-1.91358	-11.6452	-4.42668	-22.6688	18.9147	1468.05	-206.635	-307.777	4973.91	6.59448e-006	332.027
36.1167	-0.391778	-6.84379	-6.07985	9.61438	-0.996109	-6.45492	-4.73733	-57.7967	18.8901	1468.81	-205.836	-307.467	4974.37	0.000311811	331.26
36.1173	-0.0816205	-10.8622	-6.99559	12.9546	-0.996109	-5.53279	-5.33273	-61.1422	18.8664	1468.97	-205.117	-307.467	4974.21	0.000159203	329.748
36.1180	0.228537	-15.1317	-3.64041	16.9267	-1.91358	-5.84895	-5.95402	-15.9777	18.8299	1469.29	-204.637	-307.923	4974.21	6.59448e-006	328.679
36.1187	0.228537	-20.2802	-0.585468	22.7495	-2.21503	-4.61066	-6.23878	72.217	18.8053	1470.97	-202.959	-307.012	4975.74	0.000464373	327.446
36.1193	-0.685612	-24.5497	0.938249	28.5272	-1.91358	-2.79274	-5.95402	152.221	18.7806	1472.32	-201.122	-306.394	4976.65	6.59448e-006	325.307
36.1200	-0.99577	-27.6263	2.46197	31.9125	-2.21503	-2.47658	-4.73733	181.465	18.7501	1472.8	-199.763	-306.394	4977.11	-0.000603745	323.633
36.1207	-0.99577	-26.9984	3.99319	32.4993	-1.91358	-5.53279	-2.5887	128.975	18.7254	1473.23	-198.804	-306.849	4976.65	-0.000298575	323.191
36.1213	-2.22008	-20.9081	3.68544	26.0897	-0.996109	-12.2512	-1.68266	-57.1622	18.7077	1471.72	-199.284	-308.525	4974.98	-0.000298575	322.424
36.1220	-3.73822	-6.84379	3.68544	11.1491	-0.0786402	-18.9696	-1.37201	-344.3	18.683	1470.05	-200.322	-310.673	4972.99	-0.000298575	321.192
36.1227	-3.44438	12.683	5.51691	-7.76372	0.222814	-24.4497	-0.155322	-481.35	18.6524	1470.05	-200.322	-311.584	4972.08	-0.000298575	320.285
36.1233	-3.13423	27.3124	6.74038	-22.1176	0.825722	-29.6399	1.06137	-296.713	18.6278	1469.72	-200.003	-312.202	4972.38	-0.000298575	318.913
36.1240	-4.04838	33.4027	7.04062	-27.6244	1.14028	-36.6745	1.9933	-114.843	18.6041	1469.13	-200.322	-312.495	4972.53	0.000311811	316.914
36.1247	-3.73822	37.9862	7.34837	-30.0619	0.825722	-47.0287	3.52064	-171.89	18.5735	1470.64	-199.124	-311.438	4972.99	0.000616981	316.17
36.1253	-2.53023	46.5252	7.04062	-36.7874	0.825722	-60.4655	4.42668	-128.283	18.5548	1471.99	-197.286	-309.908	4973.75	0.000159203	315.402
36.1260	-0.99577	53.5574	6.12489	-42.2491	0.524268	-71.452	4.11604	80.4654	18.5302	1471.72	-197.286	-309.599	4973.75	0.000311811	313.728
36.1267	-0.391778	53.5574	6.74038	-42.5651	0.222814	-75.4304	3.52064	111.902	18.4996	1471.72	-197.286	-309.29	4973.3	0.000311811	312.031
36.1273	-0.0816205	47.1531	8.87208	-38.0061	-0.0786402	-70.2401	3.83128	39.281	18.4759	1473.07	-196.087	-308.232	4974.06	-0.000298575	311.287
36.1280	1.14269	34.3445	4.29343	-27.9404	0.524268	-57.1195	5.95402	136.935	18.4572	1473.4	-195.448	-307.923	4974.37	0.000159203	310.357
36.1287	1.43652	19.4012	-11.5742	-16.024	1.14028	-46.4227	8.3874	303.577	18.4266	1472.48	-196.567	-308.834	4972.84	0.000311811	309.45
36.1293	0.832529	8.41347	-21.0318	-8.39565	1.14028	-41.2325	8.3874	346.261	18.402	1471.56	-197.606	-309.908	4971.16	-0.000145967	308.218
36.1300	0.522371	-0.753445	-13.7135	-2.57286	1.44174	-30.8782	8.10264	313.959	18.3783	1470.8	-198.325	-310.673	4970.7	-0.000298575	307.311
36.1307	-0.685612	-10.2343	-4.24839	5.32628	1.14028	-9.80094	7.48136	242.204	18.3536	1471.4	-198.325	-310.364	4971.47	6.59448e-006	306.241
36.1313	-2.22008	-20.5942	-1.80894	14.4893	0.825722	17.0463	5.04797	122.573	18.329	1473.72	-196.807	-308.688	4973.3	0.000464373	304.567
36.1320	-2.53023	-32.8376	-1.80894	25.5029	1.14028	41.1534	4.42668	78.9657	18.2984	1475.99	-194.569	-307.305	4974.98	0.000311811	302.893
36.1327	-1.90992	-45.0183	-1.80894	38.0061	1.14028	58.8583	4.42668	232.167	18.2738	1477.66	-193.61	-306.556	4976.2	6.59448e-006	301.661
36.1333	-0.99577	-53.2434	-2.41693	47.44	1.14028	66.4725	3.83128	431.11	18.2432	1477.23	-194.969	-307.305	4976.04	0.000464373	299.522
36.1340	-1.30593	-55.6921	-2.72468	50.8253	0.825722	62.5205	3.20999	492.483	18.2195	1476.42	-196.087	-308.688	4975.13	0.000464373	298.452
36.1347	-2.53023	-52.6156	-1.80894	48.6587	0.524268	51.2178	3.52064	531.822	18.2008	1477.07	-196.407	-309.143	4974.37	0.000159203	297.708
36.1353	-3.73822	-40.4349	-0.893213	37.3742	0.524268	37.8074	2.5887	573.641	18.1761	1477.07	-196.567	-309.452	4974.52	0.000311811	296.476
36.1360	-3.73822	-18.4594	-0.585468	16.6108	1.44174	26.2149	1.37201	515.325	18.1456	1476.9	-196.247	-309.908	4974.37	0.000464373	295.104
36.1367	-3.13423	8.09953	-0.893213	-8.71162	1.14028	12.4619	0.465967	336.801	18.1219	1477.23	-195.768	-309.908	4973.91	6.59448e-006	294.034
36.1373	-2.82407	33.0888	-1.20096	-31.5966	0.222814	-7.06089	0.155322	-54.7396	18.0913	1477.82	-195.129	-309.143	4974.21	-0.000451137	292.965
36.1380	-1.90992	50.2297	-1.80894	-45.9504	0.222814	-23.8437	-0.155322	-671.468	18.0667	1478.15	-194.569	-308.688	4974.98	-0.000298575	291.128
36.1387	-1.90992	58.4548	-1.5012	-53.5787	-0.393201	-29.034	-0.465967	-1172.89	18.042	1478.74	-194.09	-308.069	4975.28	0.000464373	289.756
36.1393	-1.90992	61.2174	-0.893213	-56.287	-0.393201	-29.6399	0.155322	-1130.44	18.0174	1480.41	-192.572	-306.703	4975.59	-0.000145967	288.849
36.1400	-1.30593	58.1408	-1.20096	-52.36	-0.0786402	-35.4362	2.30395	-638.82	17.9937	1481.92	-191.773	-305.482	4976.81	-0.000908915	287.013
36.1407	-0.99577	50.2297	-1.20096	-43.7838	0.524268	-40.9426	2.5887	-211.863	17.9562	1481.01	-192.412	-305.336	4976.96	-0.000451137	285.176
36.1413	-0.391778	38.3001	-0.285228	-32.4993	0.825722	-36.6745	1.37201	-66.6219	17.9326	1479.01	-194.09	-306.703	4974.98	0.000311811	284.571
36.1420	-0.391778	22.101	-0.285228	-20.8989	0.524268	-19.2594	1.37201	52.0862	17.9079	1477.82	-196.087	-308.688	4972.69	0.000311811	284.269
36.1427	-0.391778	4.70903	-0.585468	-8.98245	0.825722	3.00351	1.06137	261.123	17.8773	1477.66	-196.647	-310.055	4971.47	-0.000298575	283.664
36.1433	-0.685612	-10.5482	1.85398	2.30203	0.524268	20.1025	0.155322	314.536	17.8527	1478.25	-195.768	-309.908	4971.92	-0.000451137	282.897
36.1440	-1.90992	-22.415	5.82465	11.465	-0.0786402	35.6733	-0.155322	139.993	17.828	1479.17	-195.129	-309.29	4972.99	6.59448e-006	281.525
36.1447	-2.22008	-29.7611	7.95635	16.9267	0.524268	54.274	0.155322	-51.3364	17.8044	1479.82	-193.93	-308.834	4973.75	6.59448e-006	280.456
36.1453	-1.30593	-32.8376	8.56434	19.0933	0.524268	68.0006	-0.465967	-131.629	17.7738	1480.25	-192.891	-308.834	4973.6	0.000159203	279.549
36.1460	-0.99577	-33.0888	8.2641	19.0933	0.222814	70.4509	-1.68266	-121.246	17.7373	1480.74	-192.572	-309.452	4973.45	0.000159203	277.712
36.1467	-0.391778	-32.8376	7.64861	19.9961	0.524268	68.6329	-1.68266	-92.8669	17.7067	1481.17	-191.932	-309.908	4973.75	-0.000451137	276.643
36.1473	-0.0816205	-31.8958	6.12489	22.1176	0.524268	68.9228	-1.37201	-85.8298	17.6821	1481.49	-191.373	-310.055	4973.91	-0.000298575	275.736
36.1480	-0.685612	-28.8193	4.60117	20.3121	-0.0786402	67.3946	-0.465967	-65.0645	17.6515	1481.49	-191.773	-310.673	4973.3	6.59448e-006	274.038
36.1487	-0.0816205	-23.3568	0.630503	13.9025	-0.393201	63.1265	1.37201	-17.7658	17.6269	1480.41	-193.051	-312.202	4971.77	-0.000145967	273.132
36.1493	1.14269	-17.2664	-10.3508	8.39565	-0.393201	57.6464	2.30395	22.7841	17.6022	1479.33	-194.09	-313.26	4970.4	-0.000145967	272.527
36.1500	0.522371	-12.0551	-16.4531	4.73948	-0.0786402	48.4778	3.52064	5.71045	17.5657	1479.33	-194.25	-313.26	4970.25	0.000159203	271.457
36.1507	0.228537	-9.29249	-11.2665	2.88883	-0.0786402	39.3355	5.04797	-91.0211	17.5352	1479.93	-193.211	-311.584	4971.16	0.000464373	270.086
36.1513	0.522371	-8.97855	-6.3876	2.57286	-0.0786402	33.8291	5.33273	-181.985	17.5115	1481.92	-191.533	-309.143	4972.84	0.000311811	268.714
36.1520	0.228537	-8.97855	-3.03242	3.83672	0.222814	33.5392	5.33273	-175.87	17.474	1483.92	-189.855	-307.305	4974.37	0.000159203	267.179
36.1527	-0.0816205	-8.97855	-0.585468	5.64224	0.524268	35.6733	5.33273	-122.457	17.4444	1485.16	-188.736	-305.938	4975.28	0.000159203	265.645
36.1533	-1.30593	-8.09953	-0.893213	5.64224	0.222814	33.5392	4.11604	-93.5014	17.4198	1486.19	-188.017	-305.173	4975.59	0.000159203	264.901
36.1540	-2.82407	-5.96477	-1.20096	4.42352	0.524268	25.8987	3.20999	-84.6185	17.3951	1486.51	-188.417	-305.173	4975.43	0.000311811	265.04
36.1547	-3.13423	-3.83001	-1.20096	2.57286	0.825722	18.2582	3.20999	-79.1388	17.3646	1486.35	-189.216	-305.173	4975.13	6.59448e-006	263.831
36.1553	-2.22008	-2.57427	-1.20096	0.451379	0.825722	15.5182	2.89935	-42.7995	17.334	1486.19	-189.855	-306.247	4973.91	-0.000451137	261.994
36.1560	-0.99577	-1.38132	-1.20096	0.451379	0.825722	14.3062	2.5887	41.7036	17.3093	1486.35	-190.414	-307.158	4973.45	-0.000145967	260.925
36.1567	0.228537	-2.88821	-0.893213	3.20479	0.825722	10.644	2.5887	89.9252	17.2788	1485.92	-191.053	-307.467	4974.37	0.000311811	259.716
36.1573	0.522371	-4.70903	-0.893213	5.32628	0.825722	5.13759	1.9933	55.4317	17.2482	1485.92	-191.373	-308.525	4974.06	-0.000145967	258.646
36.1580	-0.0816205	-3.83001	-1.20096	5.64224	0.825722	-0.0526932	0.155322	45.6836	17.2186	1486.84	-190.894	-308.834	4974.37	-0.000298575	257.577
36.1587	-0.685612	-1.38132	-1.20096	4.10755	0.524268	-5.24298	-1.37201	92.6939	17.1811	1488.18	-189.216	-307.923	4976.2	6.59448e-006	256.205
36.1593	-0.685612	-0.125574	-0.893213	2.57286	0.222814	-9.19497	-1.96742	128.975	17.1575	1489.7	-188.017	-307.467	4977.26	6.59448e-006	254.67
36.1600	-0.685612	1.38132	-0.585468	1.35414	-0.0786402	-12.2512	-2.5887	166.238	17.1328	1490.34	-187.857	-307.614	4977.26	-0.000145967	253.298
36.1607	-0.99577	3.20214	-0.893213	-0.451379	-0.0786402	-14.7014	-3.8054	175.063	17.1023	1490.34	-187.857	-308.069	4976.96	-0.000145967	252.996
36.1613	-0.391778	3.20214	-0.893213	-1.35414	0.524268	-12.5673	-5.64338	119.516	17.0717	1489.43	-188.736	-309.599	4974.98	-0.000145967	252.392
36.1620	0.832529	0.43951	-0.893213	1.35414	1.14028	-8.589	-5.95402	82.0228	17.047	1487.59	-190.254	-311.128	4972.84	-0.000298575	251.461
36.1627	1.14269	-2.00919	-0.893213	3.83672	0.825722	-6.45492	-5.33273	100.308	17.0224	1486.84	-190.894	-311.584	4972.53	-0.000298575	250.857
36.1633	0.228537	-1.06738	-0.893213	3.52076	0.222814	-6.74473	-5.33273	84.7338	16.9928	1487.11	-190.894	-311.438	4973.14	-0.000145967	249.485
36.1640	-0.0816205	1.69525	-0.285228	0.451379	0.222814	-8.27284	-5.02209	-53.4706	16.9681	1487.86	-191.053	-310.673	4972.99	6.59448e-006	247.951
36.1647	-0.0816205	4.14395	0.022518	-1.98607	0.222814	-8.589	-3.49475	-203.961	16.9376	1488.35	-191.373	-310.055	4973.3	6.59448e-006	246.579
36.1653	-0.391778	4.39509	0.022518	-3.20479	-0.0786402	-6.13876	-1.68266	-206.384	16.9129	1489.26	-191.213	-309.745	4973.6	6.59448e-006	245.509
36.1660	-0.685612	4.70903	0.330264	-3.52076	-0.393201	-5.84895	0.465967	-154.817	16.8824	1489.86	-190.574	-308.997	4973.75	0.000159203	244.742
36.1667	0.228537	5.3369	0.630503	-2.88883	-0.0786402	-10.1171	0.155322	-83.6956	16.8518	1489.86	-190.734	-308.379	4973.91	0.000464373	243.672
36.1673	-0.0816205	3.83001	-0.285228	-1.6701	-0.694655	-13.1733	-1.37201	72.5631	16.8271	1490.34	-191.613	-308.232	4973.75	6.59448e-006	242.626
36.1680	2.05684	0.125574	-0.285228	1.35414	-1.31067	-11.935	-1.68266	188.214	16.7966	1490.45	-192.572	-308.379	4973.6	-0.000451137	241.556
36.1687	2.97098	-3.51608	0.330264	5.95821	-0.996109	-10.7231	-0.465967	240.993	16.7729	1489.26	-194.25	-309.599	4972.53	6.59448e-006	240.487
36.1693	-1.59976	-4.70903	-0.285228	7.76372	-1.31067	-11.329	-0.465967	254.432	16.7482	1488.67	-195.288	-310.982	4971.01	6.59448e-006	239.72
36.1700	-4.65237	-5.3369	-0.585468	8.71162	-1.91358	-10.4069	-0.465967	166.238	16.7236	1489.43	-194.969	-311.584	4971.31	6.59448e-006	239.557
36.1707	-5.58284	-7.47166	0.022518	10.8331	-1.31067	-8.27284	-0.155322	61.8344	16.7058	1490.18	-194.569	-311.275	4972.38	0.000159203	238.487
36.1713	-7.70497	-9.92036	0.330264	11.465	-0.996109	-8.589	-0.155322	6.34494	16.6753	1490.94	-194.25	-311.275	4972.84	0.000159203	236.209
36.1720	-8.61912	-12.3691	0.330264	13.2706	-1.61212	-10.4069	0.465967	-63.2764	16.6447	1492.93	-193.291	-310.055	4974.37	0.000464373	234.837
36.1727	-9.54959	-16.0107	0.630503	17.8746	-0.694655	-9.51113	1.06137	-127.36	16.62	1494.88	-191.533	-308.379	4976.35	0.000769543	233.767
36.1733	-12.5859	-19.7151	0.630503	21.8016	0.222814	-8.27284	0.465967	-107.518	16.5954	1495.2	-191.053	-307.923	4976.5	0.000311811	233
36.1740	-14.7243	-19.9663	0.330264	22.1176	-0.0786402	-13.4631	-0.465967	-62.0651	16.5648	1495.04	-191.932	-308.379	4975.89	0.000159203	232.233
36.1747	-21.4499	-17.8315	0.630503	22.1176	-0.694655	-22.9216	-0.465967	24.3415	16.5412	1495.2	-192.572	-308.688	4975.28	0.000159203	231.024
36.1753	-25.4166	-15.1317	0.630503	21.5308	-0.393201	-31.168	-0.750724	251.087	16.5165	1494.88	-193.051	-308.997	4974.82	-0.000145967	229.954
36.1760	-0.99577	-8.7274	0.330264	15.1212	-0.0786402	-37.5703	-0.465967	486.657	16.4918	1494.77	-193.291	-309.143	4974.98	-0.000145967	229.187
36.1767	28.5998	2.26033	0.330264	5.05545	0.524268	-43.9988	0.465967	522.65	16.4672	1495.69	-192.891	-308.688	4974.52	-0.000145967	228.42
36.1773	31.3586	14.8177	-0.585468	-6.27417	1.14028	-51.613	0.465967	255.932	16.4425	1495.53	-193.61	-308.997	4973.45	-0.000603745	227.35
36.1780	22.4946	27.9402	-0.585468	-18.4614	1.14028	-59.8595	-0.750724	-170.391	16.413	1495.53	-194.09	-309.143	4973.14	-0.000603745	226.28
36.1787	13.3531	41.3767	0.022518	-30.6487	0.825722	-67.4737	-1.06137	-418.189	16.3883	1497.04	-192.252	-307.305	4975.13	-0.000451137	224.769
36.1793	6.93774	53.5574	0.022518	-41.6623	0.825722	-76.3261	-1.37201	-563.431	16.3637	1498.12	-191.053	-305.792	4977.26	-0.000298575	223.095
36.1800	5.10944	58.4548	0.630503	-45.9504	0.524268	-80.9105	-2.27806	-762.432	16.3331	1499.03	-191.053	-305.629	4977.26	6.59448e-006	222.63
36.1807	4.48913	55.0643	0.938249	-43.197	0.222814	-76.6423	-2.27806	-661.085	16.3084	1499.3	-191.533	-305.938	4976.04	-0.000298575	222.165
36.1813	3.28114	49.2878	0.938249	-38.0061	0.524268	-71.452	-1.06137	-275.024	16.2848	1497.63	-193.291	-307.923	4974.67	-0.000298575	221.258
36.1820	2.97098	42.5696	1.24599	-32.4993	1.14028	-68.106	-0.465967	2.94175	16.2542	1495.8	-195.129	-310.217	4973.45	-0.000298575	220.654
36.1827	2.66083	31.5819	0.938249	-23.3363	1.44174	-57.7254	-1.06137	124.707	16.2236	1495.8	-195.768	-310.51	4972.69	-0.000451137	220.189
36.1833	2.36699	13.562	0.630503	-7.17693	2.05775	-36.0422	-2.27806	180.6	16.199	1497.04	-195.448	-310.364	4972.84	-0.000451137	219.886
36.1840	2.05684	-9.29249	1.24599	12.6838	2.05775	-12.2512	-2.5887	232.456	16.1743	1496.87	-195.608	-311.128	4972.69	-0.000298575	218.212
36.1847	1.74668	-30.075	1.54623	30.9646	1.44174	5.74356	-3.49475	272.14	16.1497	1496.6	-195.768	-311.438	4972.69	0.000159203	216.375
36.1853	1.14269	-46.8392	0.938249	46.5372	0.524268	20.3923	-4.73733	210.191	16.1191	1497.52	-194.409	-310.819	4973.45	0.000311811	215.608
36.1860	0.832529	-56.32	1.24599	53.8496	0.524268	24.6868	-5.02209	73.7744	16.0885	1498.12	-193.61	-310.51	4973.6	-0.000145967	215.004
36.1867	0.832529	-53.8713	0.938249	49.6066	1.14028	16.1241	-4.73733	110.056	16.0649	1498.71	-193.291	-310.364	4973.6	-0.000451137	213.934
36.1873	0.522371	-41.6278	0.938249	36.7874	1.74319	5.45375	-4.42668	331.321	16.0343	1499.2	-192.252	-310.055	4974.06	-0.000145967	213.004
36.1880	1.74668	-25.4916	0.938249	19.0933	1.74319	-4.32085	-4.42668	422.285	16.0037	1498.87	-192.252	-310.217	4973.91	-0.000145967	212.702
36.1887	2.66083	-6.27871	0.630503	0.767345	1.44174	-11.0392	-4.73733	339.858	15.9732	1498.12	-193.61	-311.128	4971.92	-0.000145967	212.097
36.1893	2.05684	13.2481	0.330264	-18.4614	1.44174	-10.7231	-4.11604	170.794	15.9485	1496.87	-194.889	-312.495	4970.25	0.000311811	211.33
36.1900	1.74668	33.0888	0.330264	-38.5929	1.44174	-7.98302	-2.5887	-103.826	15.9238	1497.2	-194.569	-312.202	4970.55	-0.000145967	210.865
36.1907	1.74668	51.7365	0.330264	-55.7002	0.825722	-13.1733	-2.27806	-377.293	15.8933	1499.2	-193.291	-310.51	4972.38	-0.000451137	209.656
36.1913	2.05684	64.5451	0.630503	-65.134	1.14028	-24.4497	-2.5887	-472.525	15.8696	1500.71	-192.252	-309.29	4973.45	0.000616981	207.982
36.1920	1.74668	67.8728	0.022518	-64.2313	0.825722	-28.7178	-3.20999	-468.834	15.8331	1501.79	-191.053	-308.069	4974.52	0.00153249	206.61
36.1927	1.14269	58.7687	0.330264	-52.9468	-0.0786402	-24.1598	-3.8054	-510.653	15.8085	1503.46	-189.535	-307.012	4975.43	0.000311811	205.68
36.1933	0.228537	39.2419	0.938249	-34.35	-0.694655	-15.9134	-2.89935	-333.34	15.7838	1503.73	-188.896	-306.394	4976.04	-0.000451137	204.308
36.1940	-0.391778	18.1455	0.938249	-16.6108	-1.61212	-4.61066	-1.96742	126.264	15.7532	1502.7	-189.935	-307.614	4975.28	0.000311811	203.401
36.1947	0.228537	2.00919	0.938249	-4.73948	-1.61212	5.13759	-1.37201	430.533	15.7286	1502.22	-190.894	-308.834	4974.06	0.000769543	203.099
36.1953	0.228537	-7.15773	1.24599	2.30203	-2.21503	12.4619	-1.06137	425.63	15.698	1502.38	-190.574	-309.29	4973.45	0.000464373	202.797
36.1960	-1.30593	-15.3828	0.630503	8.71162	-2.83105	26.2149	-0.750724	358.489	15.6744	1502.97	-189.935	-309.745	4973.14	0.000311811	202.169
36.1967	-3.44438	-24.8637	0.630503	15.1212	-2.83105	47.8718	-0.750724	332.244	15.6497	1503.46	-189.216	-309.908	4973.3	0.000616981	200.797
36.1973	-5.27268	-30.3889	0.938249	17.8746	-2.21503	65.2606	-1.68266	269.66	15.6132	1502.97	-188.417	-310.055	4973.6	0.000464373	199.728
36.1980	-5.58284	-31.5819	1.24599	17.8746	-1.31067	73.5071	-1.68266	175.986	15.5826	1504.05	-186.898	-309.599	4974.37	6.59448e-006	199.425
36.1987	-4.96252	-33.0888	1.24599	18.7774	-0.0786402	81.7535	-1.68266	76.4854	15.558	1506.21	-184.182	-308.232	4975.74	6.59448e-006	198.356
36.1993	-5.27268	-35.2235	0.330264	20.5829	0.222814	91.818	-2.5887	-13.4974	15.5333	1507.72	-181.864	-307.158	4976.96	0.000311811	196.844
36.2000	-5.27268	-34.3445	0.330264	19.9961	-0.694655	95.164	-2.5887	-70.6019	15.5028	1508.16	-180.985	-306.703	4977.11	6.59448e-006	196.379
36.2007	-4.65237	-30.954	0.938249	18.4614	-1.91358	90.8958	-1.68266	-95.2895	15.4722	1507.56	-181.145	-307.012	4976.04	-0.000603745	195.775
36.2013	-7.41114	-28.8193	0.938249	17.2427	-3.1325	87.5498	-1.37201	-107.23	15.4545	1505.57	-182.823	-308.688	4974.21	-0.000756307	194.24
36.2020	-6.49699	-26.6845	0.938249	16.6108	-2.83105	85.0996	-0.750724	-116.343	15.4239	1504.38	-184.341	-310.217	4972.84	-0.000145967	194.101
36.2027	5.4196	-22.101	0.630503	15.392	-1.91358	75.0352	-0.465967	-121.535	15.3933	1504.38	-184.901	-311.128	4972.08	0.000159203	194.403
36.2033	15.1814	-16.9525	0.330264	12.0518	-1.31067	58.2524	-0.465967	-127.937	15.3687	1504.38	-184.901	-311.438	4972.23	-0.000298575	193.031
36.2040	10.5943	-12.9969	0.630503	8.71162	-1.31067	42.6815	-0.750724	-131.629	15.344	1504.81	-184.661	-310.673	4972.84	0.000159203	191.962
36.2047	3.57498	-8.09953	0.938249	6.545	-1.31067	30.483	-1.06137	-85.253	15.3203	1505.46	-184.341	-309.908	4973.3	0.000464373	191.032
36.2053	2.36699	-3.83001	0.938249	4.42352	-1.61212	21.6306	-1.96742	3.28783	15.2898	1505.73	-183.862	-309.599	4973.6	-0.000451137	189.358
36.2060	2.66083	-3.83001	0.938249	4.10755	-1.31067	15.2283	-1.06137	26.4757	15.2651	1506.81	-182.983	-308.834	4973.75	-0.000603745	188.893
36.2067	2.97098	-3.51608	0.938249	5.64224	-0.393201	6.37588	1.37201	-6.1719	15.2405	1507.72	-182.983	-308.232	4974.21	0.000311811	189.218
36.2073	2.05684	-0.125574	1.24599	6.545	0.524268	-4.92682	2.30395	-20.2461	15.2099	1508.16	-183.383	-308.232	4973.91	6.59448e-006	188.288
36.2080	0.522371	1.06738	1.24599	6.86097	0.524268	-9.51113	3.20999	-19.0348	15.1793	1507.56	-184.501	-309.29	4972.69	-0.000756307	187.218
36.2087	0.522371	-0.125574	0.938249	5.95821	0.524268	-7.37705	5.04797	-12.2861	15.1616	1506.32	-186.579	-311.275	4971.77	6.59448e-006	187.218
36.2093	0.522371	-0.43951	0.630503	3.52076	0.524268	-6.74473	6.57531	-26.3604	15.131	1505.89	-188.576	-312.495	4971.01	0.000311811	187.381
36.2100	0.228537	-0.125574	0.938249	1.08331	0.524268	-7.98302	8.10264	-49.2022	15.1004	1506.21	-189.216	-312.951	4970.7	-0.000145967	186.312
36.2107	-0.391778	-2.00919	1.54623	1.08331	0.222814	-8.27284	8.10264	-39.7424	15.0699	1507.4	-188.896	-312.495	4971.92	0.000159203	185.079
36.2113	-0.99577	-5.3369	0.630503	4.73948	-0.0786402	-6.45492	6.26466	-22.6688	15.0452	1509.24	-188.177	-310.673	4973.91	0.000159203	184.173
36.2120	-0.391778	-9.29249	-0.285228	9.61438	0.222814	-4.61066	4.73733	-10.4403	15.0275	1511.23	-187.218	-308.997	4975.13	6.59448e-006	183.266
36.2127	-0.0816205	-12.0551	0.330264	13.9025	0.524268	-5.24298	2.5887	13.036	15.0028	1512.47	-186.739	-308.232	4975.89	0.000616981	182.498
36.2133	0.228537	-13.8759	0.630503	18.1454	0.825722	-6.45492	0.776611	60.0462	14.9722	1512.58	-187.058	-308.232	4975.59	0.000311811	182.196
36.2140	-0.0816205	-16.0107	0.022518	21.5308	0.825722	-7.06089	1.68266	143.973	14.9417	1512.91	-187.697	-308.069	4974.82	-0.000298575	181.894
36.2147	0.228537	-15.6968	0.330264	22.4336	1.14028	-9.80094	2.5887	205.288	14.9229	1512.91	-188.417	-307.923	4974.82	0.000159203	181.429
36.2153	0.832529	-14.1899	0.630503	23.3363	1.44174	-14.3853	1.9933	174.486	14.8993	1512.31	-189.855	-308.379	4974.06	0.000159203	180.522
36.2160	0.832529	-12.0551	0.630503	22.1176	1.74319	-22.0258	1.37201	103.999	14.8746	1512.58	-190.095	-308.379	4973.3	-0.000145967	179.453
36.2167	0.228537	-4.70903	0.938249	14.8052	1.44174	-33.0123	0.155322	82.5996	14.85	1512.74	-190.574	-307.614	4974.06	6.59448e-006	178.383
36.2173	-0.391778	6.52986	0.938249	3.20479	0.825722	-43.3665	-2.89935	63.1034	14.8253	1512.31	-191.773	-307.305	4974.37	-0.000145967	177.313
36.2180	0.228537	21.222	0.330264	-10.8331	1.14028	-52.825	-6.23878	-32.4169	14.8016	1512.74	-192.252	-306.849	4974.37	0.000311811	176.686
36.2187	0.228537	35.5375	0.022518	-24.555	0.825722	-58.0153	-8.3874	-192.021	14.777	1514.31	-191.932	-305.938	4975.13	0.000616981	176.244
36.2193	-0.99577	44.7044	-0.285228	-34.6208	0.222814	-60.1493	-9.00869	-379.716	14.7583	1515.33	-191.533	-305.173	4976.5	0.000159203	174.709
36.2200	-0.391778	54.1852	-1.5012	-44.6866	-0.393201	-67.4737	-9.00869	-427.361	14.7336	1515.5	-191.053	-304.718	4977.26	-0.000298575	173.035
36.2207	0.522371	62.0964	-2.72468	-52.36	0.222814	-74.1921	-8.69805	-291.81	14.7099	1514.9	-191.932	-305.792	4976.04	-0.000145967	173.035
36.2213	-0.0816205	61.2174	-3.33266	-51.0961	0.825722	-74.798	-7.17071	-243.934	14.6853	1513.39	-193.77	-308.379	4974.52	0.000311811	173.198
36.2220	0.228537	55.6921	-3.03242	-45.3185	0.825722	-76.3261	-5.33273	-370.256	14.6665	1512.58	-194.969	-310.673	4972.99	6.59448e-006	172.873
36.2227	1.74668	48.66	-2.41693	-39.2249	1.74319	-77.5644	-4.11604	-430.995	14.6429	1512.91	-194.969	-311.438	4971.92	-0.000451137	173.035
36.2233	1.43652	34.9724	-2.11669	-28.2112	2.35921	-69.3179	-4.42668	-230.783	14.6182	1513.39	-193.93	-311.275	4972.69	0.000311811	173.035
36.2240	-0.0816205	16.0107	-1.80894	-13.2706	1.44174	-50.0849	-4.42668	101.231	14.5877	1514.15	-192.891	-310.819	4973.6	0.000159203	172.268
36.2247	-0.685612	-0.753445	-0.893213	0.451379	1.74319	-28.428	-4.73733	338.359	14.5689	1514.74	-192.092	-310.364	4973.45	-0.000756307	170.757
36.2253	-0.685612	-13.8759	-1.20096	10.5171	2.05775	-10.4069	-6.23878	422.285	14.5453	1515.06	-191.613	-310.364	4973.6	-0.000451137	169.827
36.2260	-0.99577	-25.4916	-0.285228	17.5587	1.74319	9.40574	-7.17071	402.154	14.5206	1515.66	-191.373	-310.217	4974.06	6.59448e-006	169.827
36.2267	-1.90992	-32.5237	4.29343	21.5308	1.74319	30.7728	-8.07676	377.12	14.4959	1516.41	-190.734	-309.599	4974.37	6.59448e-006	169.524
36.2273	-1.90992	-33.4027	7.64861	21.8016	1.74319	50.322	-7.76611	362.758	14.4713	1516.9	-190.095	-309.143	4974.37	-0.000451137	168.757
36.2280	-0.99577	-31.8958	6.74038	19.9961	2.35921	66.7887	-7.17071	296.251	14.4476	1515.98	-191.213	-309.599	4973.14	-0.000145967	167.688
36.2287	-0.391778	-27.6263	4.60117	15.392	2.35921	74.719	-7.48136	187.003	14.4289	1514.74	-193.61	-311.275	4970.7	0.000159203	167.385
36.2293	-0.391778	-19.4012	2.76971	8.98245	1.44174	76.2471	-7.76611	60.6231	14.4102	1513.99	-194.729	-311.73	4970.09	-0.000298575	166.781
36.2300	-0.0816205	-12.683	1.24599	5.95821	1.14028	76.5633	-5.33273	-102.961	14.3865	1513.82	-194.889	-310.51	4970.86	0.000159203	166.176
36.2307	0.228537	-11.1133	0.938249	5.95821	1.74319	74.113	-1.37201	-210.941	14.3559	1515.98	-194.409	-309.143	4971.77	0.000769543	166.781
36.2313	-0.685612	-11.1133	1.24599	5.95821	1.44174	64.0486	1.06137	-164.276	14.3313	1518.84	-192.731	-307.305	4973.91	0.000311811	166.316
36.2320	-0.99577	-9.92036	1.24599	5.05545	0.825722	50.322	2.89935	-90.0982	14.3066	1520.08	-191.613	-306.084	4975.28	0.000311811	164.642
36.2327	-1.30593	-11.4272	1.54623	6.86097	0.825722	40.2313	3.20999	-96.2124	14.2889	1520.68	-191.613	-305.629	4975.28	0.000159203	163.572
36.2333	-1.59976	-14.5038	1.85398	9.93034	1.14028	34.1452	1.9933	-136.82	14.2642	1521.16	-191.932	-305.792	4975.59	-0.000145967	162.805
36.2340	-1.59976	-14.1899	1.54623	11.1491	1.44174	27.7166	1.68266	-178.639	14.2336	1520.68	-192.731	-307.012	4975.28	0.000311811	162.502
36.2347	-0.99577	-12.683	1.24599	11.465	1.74319	21.3144	2.5887	-223.169	14.2031	1520.41	-193.451	-307.923	4974.67	0.000159203	162.363
36.2353	0.228537	-13.562	1.24599	12.9546	1.74319	16.4403	5.04797	-225.015	14.1784	1520.52	-193.93	-308.379	4974.21	-0.000298575	161.898
36.2360	1.43652	-15.1317	0.630503	14.8052	1.74319	14.3062	7.792	-150.837	14.1538	1520.84	-193.93	-308.997	4974.52	6.59448e-006	161.596
36.2367	2.05684	-15.1317	0.022518	15.708	0.524268	13.9901	9.00869	-45.5682	14.1301	1521	-193.93	-309.599	4974.52	6.59448e-006	160.828
36.2373	2.36699	-13.562	-0.893213	15.392	-0.0786402	10.9338	10.536	53.2975	14.1054	1521.16	-193.93	-310.217	4974.21	-0.000298575	160.363
36.2380	2.05684	-10.2343	-0.893213	13.5865	-0.0786402	5.45375	12.9694	113.113	14.0808	1522.08	-193.291	-310.055	4974.21	-0.000298575	160.363
36.2387	0.522371	-5.3369	0.022518	8.98245	-1.91358	-1.5808	13.5907	146.395	14.0561	1523.92	-191.533	-308.997	4975.43	-0.000451137	159.596
36.2393	-0.99577	0.753445	0.330264	2.88883	-3.44706	-12.2512	11.7527	179.331	14.0325	1525.43	-189.535	-307.467	4977.57	-0.000451137	158.085
36.2400	-1.30593	8.09953	0.022518	-2.88883	-3.74852	-24.4497	9.62998	105.499	14.0078	1525.59	-188.896	-307.012	4977.72	-0.000908915	156.852
36.2407	-1.90992	15.3828	0.022518	-7.17693	-3.1325	-36.0422	8.3874	-98.635	13.9772	1524.51	-190.254	-307.777	4975.74	-0.000451137	157.155
36.2413	-1.59976	22.101	-0.285228	-11.7359	-2.21503	-47.0287	6.26466	-256.74	13.9526	1523.27	-191.613	-308.997	4974.21	6.59448e-006	157.782
36.2420	-0.99577	27.9402	0.022518	-17.8746	-1.91358	-54.0633	5.04797	-290.31	13.9348	1522.24	-192.891	-309.908	4972.69	-0.000451137	157.015
36.2427	-0.391778	32.5237	0.330264	-23.3363	-1.91358	-55.5914	5.04797	-198.135	13.9043	1521	-194.09	-310.673	4971.62	-0.000298575	156.248
36.2433	-0.391778	31.8958	0.330264	-23.0203	-1.31067	-50.0849	5.04797	-21.7459	13.8737	1521.6	-193.93	-310.819	4971.62	6.59448e-006	156.411
36.2440	-1.30593	25.1776	-0.285228	-17.8746	-1.31067	-41.5486	5.64338	121.361	13.8491	1523	-192.731	-309.452	4972.84	-0.000908915	155.341
36.2447	-1.90992	20.2802	-0.285228	-15.1212	-1.61212	-33.9081	5.64338	221.15	13.8244	1523.11	-192.412	-308.525	4974.37	-0.000603745	153.969
36.2453	-1.59976	16.6386	0.330264	-13.9025	-1.61212	-24.7658	4.11604	274.275	13.8066	1523.59	-193.211	-308.834	4973.91	0.000464373	154.109
36.2460	-0.99577	9.60642	0.330264	-7.4929	-1.31067	-14.9912	3.52064	253.509	13.782	1524.83	-193.291	-308.834	4973.6	-0.000145967	153.969
36.2467	-1.59976	2.88821	0.022518	-1.08331	-0.694655	-11.6452	3.20999	248.953	13.7514	1524.67	-193.451	-308.379	4974.37	-0.000603745	153.039
36.2473	-1.90992	-1.38132	0.330264	1.98607	-0.0786402	-12.2512	2.89935	282.811	13.7209	1524.67	-194.09	-309.29	4973.6	0.000159203	153.504
36.2480	-1.30593	-6.59264	0.022518	6.545	0.524268	-11.0392	3.52064	299.885	13.6903	1524.94	-194.569	-310.055	4972.38	-0.000145967	153.202
36.2487	-0.685612	-12.9969	0.022518	13.5865	1.14028	-7.06089	4.42668	352.721	13.6656	1523.76	-195.928	-310.819	4971.92	-0.000145967	152.597
36.2493	-0.391778	-20.2802	0.330264	20.8989	1.44174	-0.0526932	4.73733	406.422	13.6351	1523.27	-197.766	-312.202	4970.86	0.000464373	152.9
36.2500	0.228537	-25.8055	0.330264	25.7738	0.825722	9.40574	4.42668	333.167	13.6045	1523.92	-197.766	-312.202	4971.16	6.59448e-006	152.132
36.2507	-0.0816205	-26.3706	-0.285228	25.7738	0.222814	15.8343	3.20999	248.03	13.5808	1524.35	-196.807	-311.275	4972.53	0.000159203	151.365
36.2513	-0.0816205	-22.415	3.68544	21.5308	-0.0786402	12.1721	1.68266	305.999	13.5562	1526.35	-195.608	-310.364	4973.3	0.000311811	150.9
36.2520	0.832529	-17.2664	10.3958	16.6108	-0.996109	4.84778	1.37201	362.181	13.5256	1528.61	-194.25	-309.143	4974.37	-0.000298575	150.156
36.2527	0.832529	-12.683	9.78782	10.5171	-1.91358	2.7137	1.68266	274.275	13.501	1529.37	-193.61	-308.525	4974.67	-0.000145967	149.691
36.2533	-0.391778	-0.753445	6.74038	-1.98607	-2.21503	0.579626	2.30395	53.0091	13.4704	1529.53	-193.93	-308.688	4974.37	6.59448e-006	148.924
36.2540	-0.685612	16.6386	7.34837	-17.2427	-2.83105	-4.00469	3.20999	-282.984	13.4457	1528.94	-194.889	-308.525	4975.28	-0.000145967	147.854
36.2547	0.228537	24.5497	11.0113	-23.9682	-3.1325	-5.24298	2.89935	-510.653	13.4221	1528.18	-196.087	-308.525	4975.43	0.000311811	147.854
36.2553	0.228537	25.1776	17.4214	-24.2391	-2.21503	-6.74473	2.30395	-446.569	13.3974	1528.77	-196.647	-309.143	4974.06	0.000311811	148.622
36.2560	-0.0816205	26.3706	27.1867	-23.6523	-1.31067	-10.7231	1.9933	-170.044	13.3728	1529.53	-196.567	-308.997	4974.06	0.000159203	148.459
36.2567	0.522371	22.7289	37.2522	-19.0933	-1.31067	-10.7231	1.9933	123.207	13.3422	1529.26	-196.807	-308.997	4974.21	0.000464373	147.552
36.2573	1.43652	16.9525	23.216	-14.8052	-0.393201	-7.37705	1.9933	166.526	13.3116	1529.85	-197.446	-309.745	4973.14	-0.000145967	147.389
36.2580	1.43652	13.8759	-16.1529	-12.9546	1.14028	-7.06089	0.776611	-35.474	13.288	1531.85	-196.407	-308.688	4974.67	-0.000298575	147.25
36.2587	0.522371	6.84379	-40.2621	-5.95821	1.74319	-5.84895	0.776611	-181.696	13.2633	1533.04	-195.768	-307.158	4976.65	0.000311811	146.343
36.2593	-0.685612	-2.57427	-34.7678	2.88883	0.825722	0.869438	1.37201	-153.605	13.2327	1533.2	-195.768	-306.394	4977.11	-0.000145967	145.273
36.2600	-1.30593	-8.97855	-18.5923	6.86097	-0.0786402	9.7219	1.37201	-148.702	13.1962	1533.69	-195.129	-305.629	4977.26	-0.000908915	144.948
36.2607	-1.30593	-14.1899	-9.13479	11.7359	-0.996109	17.3624	1.37201	-239.666	13.1775	1533.52	-196.407	-307.158	4976.04	-0.000908915	145.576
36.2613	-1.59976	-22.101	-7.60357	20.8989	-0.694655	20.7084	1.06137	-333.629	13.1529	1532.12	-199.124	-310.217	4972.99	-0.000603745	146.017
36.2620	-2.22008	-26.6845	-7.60357	24.555	-0.0786402	15.8343	0.465967	-397.424	13.1223	1530.93	-200.482	-311.73	4971.62	-0.000603745	145.576
36.2627	-2.82407	-24.2358	-7.60357	22.4336	0.222814	10.0381	0.776611	-400.77	13.0986	1530.61	-200.642	-311.893	4972.08	-0.000451137	145.273
36.2633	-2.82407	-19.7151	-7.30333	19.6801	1.14028	10.644	0.776611	-411.787	13.068	1531.04	-200.642	-311.73	4972.08	0.000159203	145.111
36.2640	-2.22008	-15.1317	-6.3876	14.4893	1.14028	12.7781	-0.155322	-444.434	13.0375	1532.12	-200.482	-310.819	4972.53	-0.000145967	144.948
36.2647	-1.90992	-6.59264	-6.07985	6.27417	1.14028	8.1938	-0.465967	-310.441	13.0069	1533.2	-199.603	-309.908	4973.3	-0.000298575	144.646
36.2653	-1.90992	5.02297	-5.77211	-3.20479	1.14028	-7.06089	-0.750724	-71.5248	12.9823	1533.52	-199.284	-309.143	4974.21	6.59448e-006	144.041
36.2660	-1.59976	15.3828	-4.85638	-12.3678	0.825722	-24.7658	-1.68266	-21.7459	12.9576	1533.96	-199.603	-308.525	4974.82	6.59448e-006	144.041
36.2667	-0.391778	21.222	-4.24839	-18.4614	1.44174	-32.0902	-1.96742	-35.1856	12.927	1533.96	-200.003	-308.688	4974.52	0.000159203	143.576
36.2673	-0.0816205	22.7289	-3.94815	-19.9961	1.74319	-25.9778	-1.96742	71.9286	12.8965	1533.79	-200.802	-308.834	4973.75	0.000464373	142.971
36.2680	-0.99577	20.9081	-3.03242	-18.7774	2.05775	-15.9134	-1.06137	109.191	12.8659	1533.79	-201.601	-308.834	4972.69	0.000159203	143.134
36.2687	-1.30593	18.7733	-2.11669	-18.7774	2.35921	-11.0392	-0.155322	87.7909	12.8363	1532.61	-203.439	-310.217	4971.47	-0.000145967	143.134
36.2693	-0.99577	17.2664	-2.41693	-18.4614	2.66066	-8.589	-0.465967	153.086	12.8176	1531.96	-204.478	-310.982	4970.86	0.000159203	143.274
36.2700	-0.391778	12.9969	-2.11669	-15.708	1.74319	-5.53279	-1.06137	194.617	12.787	1532.28	-204.478	-310.364	4971.16	0.000464373	142.506
36.2707	-0.0816205	5.65084	-1.5012	-8.98245	1.74319	-1.26464	-1.37201	165.949	12.7564	1533.52	-203.998	-309.599	4972.23	0.000311811	141.902
36.2713	0.228537	-3.20214	-0.893213	-1.08331	1.74319	5.74356	-1.68266	223.63	12.7318	1536.12	-202.32	-308.525	4974.21	6.59448e-006	141.6
36.2720	0.522371	-11.1133	-0.585468	5.05545	1.14028	16.4403	-1.37201	335.013	12.7012	1537.95	-200.482	-307.467	4976.04	6.59448e-006	140.995
36.2727	0.228537	-16.0107	-0.893213	8.39565	0.825722	28.9549	-1.37201	307.499	12.6706	1538.71	-200.163	-307.158	4976.81	6.59448e-006	140.832
36.2733	-0.99577	-19.0873	-0.285228	11.465	0.825722	39.9415	-1.96742	154.355	12.6401	1538.54	-200.642	-308.069	4976.2	0.000311811	140.693
36.2740	-0.391778	-23.0429	0.022518	15.392	0.222814	44.5258	-2.27806	33.1668	12.6164	1538.22	-201.441	-309.29	4974.98	0.000311811	140.391
36.2747	0.522371	-26.1194	0.022518	18.1454	0.524268	42.3654	-1.68266	-3.46088	12.5858	1538.11	-202	-310.217	4974.21	6.59448e-006	140.228
36.2753	-0.0816205	-24.8637	0.022518	19.0933	0.825722	34.435	-1.37201	-39.1656	12.5553	1538.11	-202.32	-310.51	4974.52	-0.000145967	140.065
36.2760	-0.391778	-23.3568	0.022518	19.3642	-0.0786402	25.8987	-1.06137	-87.0411	12.5306	1538.22	-202.16	-310.217	4974.82	6.59448e-006	139.763
36.2767	-0.391778	-24.5497	0.022518	20.3121	-0.393201	22.2365	-1.06137	-82.4843	12.5	1538.54	-202.32	-310.51	4974.37	6.59448e-006	140.065
36.2773	-0.685612	-26.3706	0.330264	22.7495	-0.0786402	23.4485	-1.06137	-61.4306	12.4754	1538.87	-202.16	-310.51	4974.21	-0.000145967	139.623
36.2780	-0.0816205	-26.6845	1.24599	24.2842	-0.0786402	24.3706	-1.96742	-146.568	12.4389	1539.79	-200.802	-308.525	4975.43	-0.000145967	138.856
36.2787	0.522371	-23.6707	1.54623	23.3363	0.222814	21.6306	-3.20999	-299.135	12.4142	1541.46	-199.603	-306.703	4976.96	0.000311811	138.856
36.2793	0.522371	-15.1317	1.24599	17.5587	0.222814	13.9901	-3.8054	-347.991	12.3906	1542.81	-199.284	-305.938	4977.26	6.59448e-006	138.693
36.2800	-0.0816205	-4.14395	0.938249	8.39565	-0.393201	1.47541	-3.20999	-293.656	12.3659	1542.97	-199.444	-305.336	4976.81	6.59448e-006	138.554
36.2807	-0.391778	5.96477	0.938249	0.135414	0.222814	-13.7793	-2.89935	-100.769	12.3294	1542.21	-201.281	-306.247	4975.59	-0.000145967	138.856
36.2813	0.228537	15.6968	1.54623	-7.17693	1.14028	-34.2243	-3.20999	157.355	12.3048	1540.7	-204.158	-307.467	4973.6	-0.000756307	138.693
36.2820	-0.0816205	21.8499	1.24599	-12.9546	2.05775	-51.613	-3.8054	284.946	12.2801	1539.62	-206.315	-308.232	4972.38	-0.000451137	138.693
36.2827	-0.685612	25.8055	0.938249	-15.708	2.66066	-62.5996	-3.8054	345.396	12.2437	1539.14	-207.834	-308.688	4972.23	-0.000298575	138.693
36.2833	-0.391778	31.5819	0.330264	-19.9961	1.74319	-77.2483	-4.11604	157.355	12.2131	1539.14	-209.032	-308.997	4972.23	-0.000145967	137.949
36.2840	0.522371	37.9862	-0.285228	-26.0897	0.524268	-94.0311	-4.42668	-341.3	12.1825	1540.22	-209.831	-309.452	4972.23	6.59448e-006	137.949
36.2847	0.522371	40.1209	0.022518	-28.2112	0.222814	-103.806	-3.8054	-542.377	12.1579	1541.62	-209.352	-309.143	4972.84	-0.000298575	137.786
36.2853	0.228537	36.1654	0.022518	-24.555	0.222814	-100.749	-1.96742	-201.192	12.1342	1542.05	-208.872	-308.525	4974.21	-0.000298575	137.182
36.2860	0.832529	26.9984	-0.285228	-18.1454	-0.0786402	-84.8888	-0.155322	163.18	12.1036	1542.05	-209.352	-308.688	4974.37	0.000159203	137.321
36.2867	0.832529	20.9081	-0.285228	-14.8052	0.825722	-62.3097	0.776611	227.264	12.0731	1542.38	-209.831	-309.452	4973.6	0.000311811	137.484
36.2873	0.832529	18.4594	0.022518	-13.9025	1.44174	-37.5703	0.776611	267.237	12.0425	1542.65	-209.352	-310.055	4973.6	0.000159203	137.182
36.2880	1.14269	11.1133	0.022518	-8.98245	-0.0786402	-17.1253	1.06137	430.533	12.0178	1542.21	-209.671	-310.673	4972.99	6.59448e-006	136.88
36.2887	1.14269	-1.06738	0.022518	0.767345	-1.61212	-0.658665	0.776611	548.607	11.9932	1541.46	-210.71	-312.04	4971.47	0.000159203	137.321
36.2893	0.228537	-12.9969	0.022518	11.465	-2.21503	17.6522	0.465967	481.466	11.9695	1541.46	-210.71	-312.495	4970.86	-0.000145967	137.624
36.2900	0.228537	-22.101	-0.285228	18.7774	-1.91358	34.7512	1.06137	187.291	11.932	1541.73	-209.991	-312.349	4971.16	6.59448e-006	137.321
36.2907	0.228537	-25.1776	0.022518	20.5829	-1.91358	42.6815	1.68266	-73.0245	11.9025	1542.65	-209.352	-311.73	4971.92	0.000616981	136.88
36.2913	-0.0816205	-21.222	0.938249	16.024	-1.61212	42.0755	1.9933	-47.7024	11.8778	1544.32	-207.514	-309.599	4973.75	0.000311811	136.252
36.2920	-0.0816205	-13.2481	1.54623	8.71162	-0.996109	33.8291	1.9933	60.9691	11.8591	1546.48	-205.197	-307.305	4975.89	0.000159203	135.81
36.2927	0.522371	-2.57427	1.54623	-1.08331	-0.393201	16.1241	0.776611	-8.0177	11.8285	1547.72	-204.318	-306.394	4976.2	0.000464373	135.508
36.2933	1.14269	12.3691	1.54623	-14.8052	0.222814	-1.26464	-0.155322	-138.031	11.7979	1547.83	-204.637	-306.394	4975.28	6.59448e-006	135.043
36.2940	0.832529	24.8637	0.938249	-24.555	0.825722	-7.06089	-1.06137	-216.132	11.7674	1547.07	-205.117	-306.703	4975.13	-0.000145967	134.741
36.2947	0.832529	26.3706	-0.285228	-24.2391	1.14028	-4.00469	-3.20999	-452.337	11.7437	1546.48	-205.836	-307.467	4974.21	0.000464373	135.508
36.2953	1.43652	23.9847	-0.285228	-22.1176	1.14028	-4.00469	-5.02209	-646.781	11.719	1547.23	-205.197	-307.614	4973.91	0.000159203	136.415
36.2960	1.74668	24.2358	0.022518	-23.0203	0.825722	-13.1733	-6.23878	-339.166	11.6944	1547.83	-204.637	-306.703	4975.28	6.59448e-006	135.81
36.2967	1.14269	20.9081	0.022518	-18.7774	0.222814	-16.8355	-7.76611	172.006	11.6697	1547.72	-205.197	-307.923	4974.82	0.000464373	135.95
36.2973	0.522371	10.5482	-0.585468	-9.29841	-0.0786402	-7.37705	-8.3874	349.952	11.6332	1547.99	-205.197	-309.143	4973.6	-0.000298575	136.252
36.2980	0.832529	-1.06738	0.022518	-2.88883	-0.0786402	4.84778	-6.54942	241.281	11.6086	1548.64	-204.318	-308.525	4974.98	-0.000908915	135.345
36.2987	0.832529	-10.2343	1.24599	0.767345	-0.0786402	10.3279	-4.42668	157.701	11.5849	1549.83	-203.119	-307.158	4976.65	-0.000603745	134.741
36.2993	0.832529	-16.6386	1.24599	5.64224	-0.393201	12.4619	-3.20999	174.14	11.5544	1550.74	-202.64	-307.012	4976.96	6.59448e-006	135.043
36.3000	1.14269	-21.222	0.330264	9.29841	-0.694655	21.9204	-2.5887	150.029	11.5238	1550.91	-202.8	-308.525	4976.04	0.000311811	135.95
36.3007	0.832529	-25.8055	0.630503	13.2706	-1.61212	36.2793	-2.27806	-43.7224	11.4991	1550.42	-203.119	-309.452	4974.98	6.59448e-006	136.88
36.3013	0.832529	-30.7029	0.938249	18.7774	-1.61212	43.8935	-2.5887	-290.598	11.4745	1549.23	-204.637	-310.217	4973.75	-0.000298575	137.321
36.3020	1.74668	-34.0306	0.330264	21.8016	-0.694655	49.6897	-1.37201	-369.333	11.4439	1547.99	-205.996	-311.128	4972.84	-0.000298575	137.484
36.3027	1.43652	-35.5375	0.022518	24.555	-0.0786402	57.9362	0.465967	-268.968	11.4133	1547.99	-206.475	-311.584	4972.23	-0.000298575	138.089
36.3033	1.43652	-37.3583	-0.285228	29.1591	0.524268	61.3086	1.06137	-117.901	11.3897	1549.07	-206.315	-310.673	4972.53	6.59448e-006	139.321
36.3040	1.14269	-37.6722	-0.285228	33.1312	0.222814	55.8021	1.06137	33.4552	11.3591	1550.15	-205.836	-309.143	4973.75	-0.000298575	138.856
36.3047	0.522371	-36.7932	0.330264	35.8395	0.825722	47.5556	2.30395	179.677	11.3285	1550.15	-206.315	-308.379	4973.6	-0.000451137	137.786
36.3053	0.832529	-33.4027	0.938249	35.8395	2.05775	38.4134	2.89935	231.821	11.3039	1549.99	-207.354	-308.232	4972.84	0.000311811	137.786
36.3060	0.832529	-23.0429	0.630503	27.9404	2.05775	24.0545	2.30395	154.355	11.2733	1550.15	-207.993	-307.923	4972.84	0.000464373	138.089
36.3067	0.228537	-6.27871	0.330264	13.2706	1.44174	4.24181	1.68266	-44.6453	11.2427	1551.07	-207.834	-307.158	4973.3	-0.000298575	138.251
36.3073	-0.0816205	13.562	1.24599	-5.64224	1.44174	-19.5755	1.06137	-272.89	11.225	1551.98	-208.153	-306.247	4973.75	6.59448e-006	139.158
36.3080	-0.391778	29.7611	0.630503	-23.0203	1.14028	-39.7043	0.465967	-245.78	11.1944	1551.07	-209.991	-307.012	4972.69	-0.000145967	139.461
36.3087	0.228537	42.5696	0.330264	-35.8395	0.222814	-51.613	1.68266	16.3815	11.1639	1549.39	-212.548	-309.143	4970.86	-0.000451137	139.158
36.3093	1.14269	51.4226	1.24599	-43.197	0.222814	-57.7254	4.42668	82.3112	11.1333	1549.07	-213.906	-310.51	4970.7	6.59448e-006	139.623
36.3100	0.832529	51.7365	0.938249	-43.4678	0.524268	-59.8595	5.95402	-81.8498	11.1145	1549.99	-213.587	-311.128	4971.31	0.000311811	140.391
36.3107	-0.0816205	45.3323	0.630503	-39.8117	0.222814	-60.1493	5.04797	-179.216	11.084	1551.82	-211.669	-310.217	4973.14	0.000159203	140.065
36.3113	-0.0816205	38.3001	0.938249	-35.2527	-0.393201	-57.4093	3.83128	-215.843	11.0475	1554.09	-209.512	-308.688	4975.74	-0.000145967	139.926
36.3120	0.522371	31.5819	0.938249	-29.1591	-0.393201	-45.2108	3.20999	-184.407	11.0228	1555.33	-208.553	-308.834	4976.04	0.000159203	140.228
36.3127	-0.0816205	21.222	0.630503	-20.5829	0.524268	-26.8999	2.5887	-18.6887	11.0051	1555.76	-207.194	-309.908	4975.28	0.000464373	140.693
36.3133	-0.391778	12.0551	0.022518	-12.0518	0.825722	-17.4415	1.37201	84.4454	10.9686	1555.93	-205.516	-310.055	4975.28	0.000159203	140.53
36.3140	0.832529	8.09953	0.330264	-7.17693	1.44174	-16.5193	0.776611	27.0525	10.9439	1555.76	-205.197	-310.217	4975.28	0.000159203	140.391
36.3147	1.14269	3.51608	0.938249	-1.98607	1.74319	-12.2512	0.776611	-7.0948	10.9252	1555.66	-205.117	-310.51	4974.82	0.000159203	140.995
36.3153	0.832529	-4.39509	0.630503	4.42352	0.825722	-3.08255	0.465967	34.7241	10.8946	1555.49	-204.158	-310.673	4974.37	6.59448e-006	141.297
36.3160	0.832529	-12.9969	0.330264	10.8331	-0.393201	11.25	0.155322	132.667	10.8641	1555.76	-203.119	-310.217	4974.67	6.59448e-006	141.6
36.3167	0.832529	-22.101	0.330264	18.4614	-0.694655	26.8209	-0.465967	381.966	10.8404	1556.41	-202	-309.908	4974.67	-0.000145967	142.065
36.3173	1.14269	-29.1332	0.022518	23.9682	-0.694655	38.0972	-1.37201	698.175	10.8158	1556.41	-201.601	-309.452	4974.52	-0.000145967	142.065
36.3180	1.74668	-30.954	0.022518	25.187	-0.694655	42.9977	-2.5887	769.238	10.7911	1557.49	-200.482	-308.069	4975.43	-0.000451137	141.46
36.3187	2.05684	-29.1332	0.022518	23.3363	-0.393201	43.6036	-3.20999	459.201	10.7605	1559.16	-198.644	-306.394	4977.11	-0.000908915	141.135
36.3193	1.74668	-26.1194	0.022518	20.8989	-0.996109	48.188	-4.11604	27.3986	10.7359	1559.92	-198.085	-305.027	4978.18	-0.000451137	141.297
36.3200	2.36699	-22.415	0.022518	16.9267	-0.996109	53.3519	-6.23878	-265.565	10.7053	1559.92	-198.485	-305.336	4976.96	0.000159203	142.065
36.3207	2.66083	-14.8177	-0.285228	8.98245	0.222814	51.534	-8.3874	-404.75	10.6816	1558.84	-200.163	-307.012	4974.82	-0.000298575	142.832
36.3213	2.36699	-2.26033	-0.285228	-2.30203	0.222814	41.4696	-8.3874	-425.515	10.657	1557.76	-202.32	-307.923	4974.21	-0.000451137	143.437
36.3220	2.36699	9.92036	0.022518	-12.0518	-0.996109	23.1587	-8.07676	-266.834	10.6323	1556.57	-204.158	-309.29	4972.99	0.000159203	143.739
36.3227	1.74668	18.4594	-0.285228	-18.1454	-1.61212	2.7137	-8.07676	-79.1388	10.6018	1555.76	-205.516	-310.819	4971.16	0.000159203	144.343
36.3233	0.228537	22.415	-0.285228	-20.3121	-2.21503	-14.0691	-7.76611	-123.669	10.5771	1557.33	-205.516	-310.217	4971.77	0.000159203	144.948
36.3240	-0.0816205	22.7289	0.330264	-19.6801	-2.21503	-28.428	-6.86007	-267.757	10.5594	1558.84	-205.357	-309.143	4973.3	6.59448e-006	144.808
36.3247	0.832529	19.6524	0.330264	-15.392	-1.61212	-37.2805	-5.95402	-253.971	10.5229	1558.68	-206.315	-309.452	4973.45	-0.000298575	144.343
36.3253	1.43652	8.97855	0.330264	-5.05545	-1.61212	-31.4842	-5.33273	-71.1787	10.4923	1558.68	-207.035	-309.745	4973.6	-0.000603745	144.343
36.3260	1.14269	-5.96477	0.330264	6.86097	-1.31067	-13.1733	-5.02209	119.227	10.4677	1559.43	-207.354	-310.055	4973.75	-0.000451137	144.948
36.3267	1.43652	-16.0107	0.022518	15.392	-0.393201	3.00351	-4.42668	248.953	10.443	1560.35	-207.354	-309.908	4973.91	0.000159203	145.878
36.3273	1.14269	-21.222	0.630503	19.9961	-0.694655	15.2283	-3.49475	338.07	10.4124	1560.67	-207.674	-310.217	4974.06	6.59448e-006	146.482
36.3280	0.522371	-22.101	1.24599	19.6801	-0.694655	25.2928	-1.96742	325.207	10.3819	1559.6	-209.192	-312.04	4972.69	-0.000145967	146.947
36.3287	0.228537	-16.6386	0.630503	13.2706	-0.0786402	27.4268	-0.750724	303.577	10.3582	1558.84	-210.55	-312.951	4971.01	-0.000145967	147.389
36.3293	-0.391778	-9.29249	-0.285228	5.32628	0.222814	23.1587	1.37201	396.963	10.3335	1558.35	-211.349	-313.26	4970.7	-0.000145967	147.715
36.3300	0.228537	-4.14395	0.330264	1.98607	0.222814	20.3923	3.83128	349.03	10.303	1559	-210.231	-312.658	4971.47	0.000159203	148.157
36.3307	1.14269	-0.43951	0.938249	-0.451379	0.524268	21.0246	4.42668	-112.709	10.2783	1560.84	-207.993	-310.217	4973.45	6.59448e-006	148.017
36.3313	0.832529	3.20214	0.630503	-5.32628	-0.0786402	20.1025	4.42668	-567.123	10.2537	1562.78	-207.035	-308.069	4975.13	0.000311811	147.854
36.3320	1.43652	3.83001	-0.285228	-5.32628	-0.694655	17.3624	5.33273	-583.908	10.2172	1563.7	-207.194	-307.305	4975.59	0.000311811	147.552
36.3327	1.74668	-0.125574	-0.893213	0.135414	-0.694655	15.2283	6.57531	-452.048	10.1866	1564.18	-206.315	-306.556	4976.04	-0.000451137	147.25
36.3333	0.522371	-2.88821	-0.585468	2.88883	-0.694655	10.9338	6.26466	-249.414	10.1689	1564.35	-206.315	-306.703	4975.43	-0.000298575	147.854
36.3340	-0.391778	-2.88821	-1.20096	3.20479	-0.694655	4.53162	4.11604	33.1668	10.1383	1563.7	-207.834	-307.923	4974.37	0.000159203	148.924
36.3347	-0.0816205	-4.70903	-2.11669	5.32628	-0.996109	1.47541	1.9933	122.284	10.1077	1564.02	-208.553	-308.379	4974.21	6.59448e-006	149.993
36.3353	0.228537	-11.4272	-2.11669	12.0518	-0.393201	6.66569	0.155322	82.9457	10.0831	1564.62	-208.473	-308.069	4974.67	6.59448e-006	150.296
36.3360	-0.0816205	-19.0873	-1.5012	20.5829	-0.0786402	12.1721	-0.750724	59.7002	10.0584	1564.62	-208.872	-308.232	4974.52	0.000159203	150.458
36.3367	-0.391778	-21.536	-0.585468	24.2842	-1.31067	10.3279	0.465967	28.6099	10.0278	1564.78	-209.352	-308.688	4974.06	6.59448e-006	151.365
36.3373	-0.391778	-19.4012	0.022518	23.3363	-2.21503	5.45375	2.89935	-39.454	10.0042	1565.26	-209.671	-308.997	4973.91	-0.000603745	151.226
36.3380	-0.685612	-19.4012	-0.285228	25.5029	-2.21503	0.263466	4.42668	-254.894	9.97361	1566.18	-208.473	-307.614	4975.59	-0.000908915	150.458
36.3387	-0.685612	-23.9847	0.330264	31.2806	-3.1325	-2.79274	4.73733	-492.944	9.94895	1567.69	-206.156	-306.394	4977.42	-0.000145967	150.9
36.3393	-0.99577	-29.1332	1.24599	34.35	-3.44706	-4.92682	5.95402	-399.558	9.9243	1568.93	-205.117	-306.556	4977.88	0.000464373	151.667
36.3400	-0.99577	-25.4916	0.630503	30.3778	0.825722	-11.935	5.95402	-90.7327	9.89373	1568.45	-205.996	-307.777	4976.81	0.000464373	151.83
36.3407	-1.59976	-14.8177	-0.585468	20.3121	5.09851	-22.9216	5.04797	120.785	9.86908	1566.29	-207.674	-309.599	4974.21	-0.000145967	151.97
36.3413	-1.90992	-6.27871	-0.893213	10.8331	4.19414	-32.0902	4.11604	278.831	9.83949	1565.53	-208.872	-310.982	4972.38	-0.000908915	153.202
36.3420	-0.99577	7.7856	-0.285228	-2.30203	2.66066	-42.7606	2.89935	421.65	9.80892	1565.42	-209.671	-311.584	4971.77	-0.000603745	154.272
36.3427	-0.685612	36.4793	0.630503	-27.3084	2.35921	-61.6774	2.30395	386.869	9.78427	1565.69	-209.512	-311.128	4972.08	6.59448e-006	155.481
36.3433	-0.99577	61.2174	0.330264	-47.1691	1.44174	-79.9883	2.5887	130.533	9.7537	1567.37	-208.153	-309.452	4973.14	6.59448e-006	156.55
36.3440	-1.59976	65.7381	-2.11669	-48.9747	1.14028	-90.3689	1.06137	-14.1319	9.72905	1567.85	-208.313	-309.29	4973.45	-0.000603745	156.248
36.3447	-1.90992	61.4685	-5.47187	-45.3185	0.222814	-95.2694	-0.465967	75.9086	9.7044	1567.85	-209.032	-309.452	4972.84	-0.000451137	156.108
36.3453	-1.59976	60.5895	-7.91132	-45.0025	-1.31067	-100.749	0.155322	154.932	9.68073	1568.29	-209.352	-308.688	4973.3	0.000159203	156.713
36.3460	-0.391778	65.4869	-8.5193	-50.5093	-1.91358	-111.13	-0.750724	209.556	9.65608	1568.61	-209.671	-308.232	4974.21	6.59448e-006	157.317
36.3467	1.14269	70.3215	-7.30333	-58.1377	-2.21503	-115.082	-2.27806	251.664	9.61959	1569.2	-209.192	-308.069	4974.21	-0.000298575	157.922
36.3473	3.57498	62.0964	-7.30333	-53.8496	-4.66598	-100.143	-2.89935	241.627	9.58902	1569.04	-209.512	-308.379	4973.6	-0.000298575	158.224
36.3480	5.10944	38.614	-8.82705	-34.034	-12.5955	-72.058	-3.8054	168.66	9.57028	1568.02	-211.509	-309.908	4972.38	-0.000145967	158.852
36.3487	6.33375	8.7274	-10.0505	-8.71162	-22.976	-34.5404	-5.33273	89.3483	9.54563	1567.1	-212.868	-311.438	4970.86	6.59448e-006	159.457
36.3493	8.45588	-15.6968	-9.13479	9.93034	-31.5216	7.27167	-4.11604	81.0999	9.51506	1566.29	-213.347	-312.495	4970.25	0.000159203	159.922
36.3500	6.33375	-30.7029	-7.30333	19.9961	-35.1784	42.3654	-1.68266	44.7607	9.47857	1567.21	-212.868	-312.951	4970.55	0.000464373	160.991
36.3507	-2.82407	-43.5114	-4.55614	29.4299	-33.658	66.4725	-1.06137	-6.80639	9.45491	1570.12	-210.391	-311.128	4972.53	0.000769543	161.433
36.3513	-9.84343	-57.199	0.022518	42.2491	-34.5755	82.6493	-0.750724	8.47915	9.43025	1571.96	-208.313	-309.29	4974.82	0.000464373	161.131
36.3520	-10.4637	-67.6217	3.99319	54.1655	-40.9846	93.952	0.465967	-43.7224	9.4056	1571.96	-208.153	-309.452	4975.43	0.000616981	160.828
36.3527	-8.61912	-74.3399	5.20916	63.3285	-44.0254	93.952	1.68266	-269.891	9.38095	1572.71	-207.674	-309.29	4975.43	0.000922151	161.735
36.3533	-6.49699	-77.9815	4.29343	69.4221	-49.2156	83.5715	2.5887	-417.901	9.35038	1573.63	-207.354	-308.688	4975.13	0.000464373	162.502
36.3540	-5.27268	-75.5328	0.330264	70.3249	-36.3973	74.4292	2.30395	-237.532	9.31981	1573.47	-207.674	-308.997	4974.67	0.000159203	162.805
36.3547	-2.53023	-64.859	-2.11669	62.1098	27.0784	66.4725	2.30395	65.2376	9.29614	1573.2	-207.834	-309.29	4974.37	0.000311811	163.874
36.3553	0.832529	-40.4349	0.022518	38.9089	71.6281	49.3999	2.5887	171.14	9.27741	1573.63	-207.993	-309.29	4974.06	-0.000145967	164.944
36.3560	2.36699	-6.27871	1.85398	7.4929	48.4424	23.7646	2.89935	40.4923	9.24684	1574.39	-207.674	-308.688	4974.21	-0.000145967	165.409
36.3567	3.88513	23.6707	-1.20096	-19.6801	19.4503	-3.71487	2.30395	-224.726	9.21627	1573.63	-207.993	-308.688	4974.37	0.000159203	165.409
36.3573	4.79928	45.0183	-2.72468	-39.8117	11.5077	-31.774	2.89935	-427.938	9.17978	1573.95	-208.313	-308.834	4974.06	6.59448e-006	166.176
36.3580	4.79928	63.9172	0.630503	-55.7002	4.19414	-62.3097	3.83128	-420.324	9.15513	1576.22	-207.035	-307.158	4974.98	-0.000298575	166.781
36.3587	7.85189	79.8024	1.24599	-66.9847	-15.9509	-89.7629	3.20999	-359.874	9.13738	1577.79	-205.676	-304.864	4976.96	-0.000603745	166.781
36.3593	14.2673	85.8927	0.630503	-69.4221	-32.7405	-105.94	3.20999	-322.035	9.11272	1577.79	-206.156	-304.116	4978.18	-0.000298575	166.618
36.3600	17.3199	81.6232	3.3777	-63.3285	-22.0586	-108.996	3.52064	-240.877	9.07624	1577.79	-207.834	-305.173	4976.81	0.000159203	167.385
36.3607	6.62758	68.5007	7.34837	-51.0961	-5.58345	-101.355	4.42668	-73.9474	9.05158	1577.3	-209.831	-306.849	4974.52	-0.000603745	168.757
36.3613	-8.61912	47.781	5.20916	-34.35	0.524268	-84.5726	4.73733	306.922	9.02102	1575.63	-212.388	-308.525	4973.14	-0.00106152	169.687
36.3620	-11.9819	29.4471	0.022518	-21.8016	13.9586	-65.0498	4.42668	682.601	8.99636	1574.22	-215.185	-310.819	4971.47	-0.000451137	170.594
36.3627	-4.96252	18.4594	0.022518	-16.9267	35.624	-46.1329	5.04797	703.02	8.96579	1573.47	-216.863	-311.893	4971.62	0.000922151	170.896
36.3633	1.43652	2.00919	-0.893213	-6.86097	48.1278	-17.4415	5.95402	508.922	8.94213	1574.22	-216.943	-311.584	4972.53	0.00122732	171.501
36.3640	4.48913	-16.6386	-7.60357	5.64224	47.5249	16.1241	5.04797	323.419	8.91156	1576.38	-215.904	-310.819	4972.99	-0.000145967	172.733
36.3647	9.68019	-25.1776	-10.9663	12.0518	31.0367	39.9415	3.83128	201.308	8.8869	1576.87	-215.265	-310.217	4973.91	-0.000756307	172.431
36.3653	18.838	-30.075	-9.43503	16.9267	9.68585	57.3302	4.11604	133.59	8.86225	1576.06	-216.383	-310.51	4973.91	0.000159203	172.268
36.3660	13.6469	-39.2419	-6.07985	22.7495	6.93344	76.2471	5.04797	66.7373	8.83168	1576.71	-216.863	-310.982	4973.14	6.59448e-006	173.338
36.3667	-11.0677	-45.6462	-1.80894	26.7217	-11.9926	91.5018	5.04797	5.42204	8.80703	1577.62	-216.224	-310.364	4973.45	-0.000145967	174.105
36.3673	-23.2782	-45.3323	1.24599	26.7217	-38.5337	104.622	4.11604	-19.9001	8.77744	1578.06	-216.543	-309.745	4973.75	0.000311811	175.477
36.3680	-14.7243	-43.8254	3.07746	26.0897	-9.24022	120.509	2.30395	-33.3398	8.74687	1577.79	-217.902	-310.217	4972.99	-0.000145967	177.011
36.3687	-4.65237	-42.5696	2.76971	25.5029	34.4051	123.855	-0.465967	-102.327	8.72222	1576.54	-219.26	-311.275	4971.47	-0.000603745	177.453
36.3693	-1.59976	-34.3445	0.938249	20.8989	45.9914	108.285	-2.5887	-160.585	8.69757	1576.06	-220.459	-311.893	4970.4	-0.000298575	177.755
36.3700	-7.70497	-23.6707	2.46197	14.4893	45.6899	89.0779	-4.11604	-84.0417	8.667	1576.38	-221.098	-311.128	4971.01	6.59448e-006	178.22
36.3707	-9.23944	-17.8315	6.12489	10.8331	36.8429	75.0352	-5.02209	27.9754	8.64235	1578.38	-220.219	-309.29	4973.14	0.000311811	178.685
36.3713	-0.99577	-12.3691	4.90892	7.76372	26.4624	62.2044	-5.95402	10.2673	8.61868	1581.13	-218.541	-307.012	4975.13	0.000159203	179.127
36.3720	1.43652	-6.27871	2.16173	3.52076	36.2269	53.0621	-6.23878	-109.364	8.59403	1582.05	-217.742	-305.482	4976.04	-0.000145967	179.592
36.3727	-1.30593	-0.125574	1.24599	-0.135414	60.6447	46.0275	-4.73733	-189.598	8.56346	1582.16	-218.061	-305.629	4975.89	0.000311811	180.662
36.3733	-4.96252	4.14395	-1.5012	-2.30203	45.9914	34.7512	-2.89935	-193.29	8.5388	1582.16	-219.26	-307.012	4974.52	0.000464373	181.266
36.3740	-10.7576	3.20214	-4.85638	-0.767345	-5.58345	23.4485	-2.5887	-184.407	8.50823	1582.16	-219.58	-307.777	4973.91	-0.000298575	181.731
36.3747	-14.1203	-1.38132	-2.41693	4.73948	-43.121	17.3624	-1.37201	-131.917	8.47766	1582.32	-219.26	-307.923	4974.21	-0.000298575	182.196
36.3753	-12.896	-4.70903	4.90892	8.39565	-70.5796	13.0679	-0.465967	-21.169	8.454	1581.89	-219.899	-308.525	4974.21	0.000464373	182.638
36.3760	-9.84343	-5.3369	7.04062	8.07969	-71.497	8.50996	-0.465967	68.2947	8.42934	1581.89	-219.899	-309.29	4974.52	0.000159203	184.01
36.3767	-8.61912	-5.02297	5.20916	8.07969	-40.9846	4.84778	1.06137	135.724	8.40469	1582.81	-219.42	-309.452	4974.67	-0.000298575	185.242
36.3773	-8.61912	-5.02297	8.87208	9.29841	-19.0047	0.869438	1.9933	175.409	8.37412	1582.97	-219.739	-309.599	4974.52	0.000159203	185.079
36.3780	-5.87667	-4.14395	12.2273	8.71162	-22.6615	-6.13876	0.465967	167.737	8.34355	1583.24	-219.26	-309.29	4975.28	0.000311811	185.405
36.3787	-2.82407	-2.57427	10.0956	7.76372	-44.34	-16.8355	-0.750724	142.761	8.31298	1584.91	-218.061	-308.232	4976.35	0.000159203	186.149
36.3793	-0.99577	-3.51608	9.78782	8.98245	-45.2443	-24.4497	-1.37201	45.3952	8.28833	1586.91	-216.863	-307.158	4976.65	-0.000298575	186.916
36.3800	-0.99577	-6.59264	11.6193	11.7359	-18.0872	-24.4497	-1.68266	-192.367	8.27058	1586.91	-216.943	-307.305	4976.5	-0.000756307	187.521
36.3807	-3.13423	-10.8622	13.143	15.1212	2.96211	-19.8917	-1.06137	-452.337	8.24001	1585.4	-218.541	-308.232	4975.13	6.59448e-006	188.893
36.3813	-1.90992	-18.7733	12.535	21.8016	12.4251	-14.0691	-1.06137	-437.686	8.20352	1583.99	-220.618	-309.599	4972.99	0.000159203	190.125
36.3820	3.88513	-25.8055	10.3958	30.0619	21.5867	-11.329	-1.06137	-47.414	8.17295	1582.81	-222.137	-310.055	4972.23	-0.000145967	190.892
36.3827	7.85189	-24.2358	9.78782	30.0619	24.326	-18.0474	-1.37201	338.359	8.1483	1583.08	-221.577	-309.143	4972.69	-0.000145967	191.799
36.3833	7.54173	-17.8315	8.87208	24.871	20.6693	-29.034	-1.96742	414.671	8.11773	1584.8	-220.459	-307.614	4973.75	-0.000298575	192.869
36.3840	6.62758	-9.29249	6.43264	18.4614	9.9873	-37.8864	-1.68266	200.385	8.08716	1585.23	-220.938	-306.849	4974.52	-0.000145967	193.031
36.3847	4.48913	5.3369	4.29343	5.95821	-3.74852	-49.7951	-1.68266	-274.159	8.06251	1584.91	-221.737	-306.849	4974.21	6.59448e-006	193.334
36.3853	1.43652	20.5942	3.07746	-8.39565	-8.93877	-63.5217	-2.27806	-622.035	8.03194	1585.56	-222.936	-307.158	4973.75	-0.000145967	194.543
36.3860	0.522371	29.4471	1.85398	-15.1212	-10.4591	-73.2963	-2.89935	-487.176	8.00827	1586.48	-223.415	-307.158	4973.91	6.59448e-006	195.775
36.3867	1.14269	35.5375	-0.585468	-20.8989	-7.10383	-83.3607	-3.20999	-242.088	7.9777	1586.91	-223.655	-307.467	4974.06	0.000311811	196.379
36.3873	1.43652	45.3323	-1.80894	-31.9125	1.14028	-95.8753	-2.5887	-102.038	7.95305	1586.31	-225.493	-308.525	4973.3	0.000616981	196.844
36.3880	1.43652	60.9035	-0.285228	-46.5372	3.27667	-114.792	-2.27806	91.1365	7.91656	1585.4	-227.65	-309.745	4971.92	0.000311811	198.216
36.3887	2.05684	79.8024	1.24599	-63.0126	0.825722	-138.899	-1.68266	155.566	7.88599	1585.23	-228.13	-310.982	4971.47	0.000159203	199.89
36.3893	2.36699	88.9693	2.46197	-71.8596	-4.66598	-144.379	-1.06137	37.4352	7.86134	1585.23	-228.289	-312.202	4970.86	0.000159203	200.355
36.3900	1.74668	74.591	3.07746	-59.9883	-8.93877	-117.848	-0.465967	81.6767	7.84359	1585.4	-228.289	-312.658	4971.31	0.000464373	200.355
36.3907	1.43652	47.467	2.46197	-36.1555	-7.40528	-81.2266	-0.750724	298.385	7.81302	1587.39	-225.493	-310.673	4974.21	0.000464373	201.262
36.3913	1.74668	24.5497	2.46197	-17.8746	-3.1325	-50.4011	-1.37201	374.986	7.78245	1590.09	-221.977	-308.834	4975.74	6.59448e-006	202.169
36.3920	1.14269	6.52986	2.16173	-5.05545	-0.996109	-20.1815	-1.37201	325.553	7.75188	1591.17	-221.258	-309.29	4975.13	-0.000145967	202.495
36.3927	-0.0816205	-11.7412	1.24599	9.93034	-0.0786402	9.40574	-0.465967	326.476	7.73314	1591.01	-220.938	-309.29	4975.13	0.000159203	203.239
36.3933	-2.53023	-28.5053	1.54623	22.7495	4.79705	35.9631	-0.155322	323.073	7.70257	1590.9	-220.459	-308.688	4975.59	6.59448e-006	204.169
36.3940	-4.35853	-37.6722	2.76971	26.7217	8.76838	60.9924	-0.155322	224.842	7.67792	1590.74	-220.618	-309.29	4974.67	-0.000145967	205.075
36.3947	-2.53023	-41.3767	3.3777	26.0897	7.54946	87.2337	0.155322	82.0228	7.65425	1590.58	-220.938	-309.599	4974.21	-0.000145967	205.982
36.3953	0.832529	-43.5114	2.16173	26.9925	4.4956	102.804	-0.750724	8.76756	7.62368	1590.9	-221.258	-309.143	4974.67	-0.000145967	207.052
36.3960	2.05684	-44.7044	0.938249	30.0619	4.19414	98.2202	-1.68266	33.8012	7.59311	1591.33	-220.938	-308.688	4974.37	-0.000145967	208.121
36.3967	3.28114	-45.6462	0.330264	33.4021	3.87958	84.1774	-1.37201	-17.4774	7.56846	1591.01	-220.778	-308.379	4973.91	-0.000298575	208.749
36.3973	4.19529	-43.1975	0.022518	34.034	3.27667	70.1347	-0.750724	-341.3	7.53789	1591.17	-220.778	-308.069	4974.67	0.000159203	209.051
36.3980	2.97098	-38.614	0.330264	31.9125	3.87958	60.3864	-0.750724	-637.609	7.50732	1592.58	-220.059	-307.158	4975.59	0.000616981	209.656
36.3987	1.74668	-37.3583	0.938249	31.5966	5.71452	61.3086	-0.465967	-455.105	7.48957	1593.76	-219.42	-306.394	4976.2	0.000159203	209.958
36.3993	1.43652	-33.4027	1.85398	28.5272	7.85091	62.5205	-0.465967	-138.32	7.459	1594.25	-218.94	-306.247	4976.35	0.000464373	211.028
36.4000	1.43652	-13.8759	1.54623	11.1491	9.06983	47.2658	-0.750724	-18.4003	7.43435	1594.41	-219.1	-306.703	4975.74	0.000616981	212.865
36.4007	1.43652	14.5038	0.938249	-14.1733	9.06983	18.2582	-1.06137	145.184	7.40378	1593.33	-220.459	-308.069	4974.06	-0.000451137	213.771
36.4013	1.43652	33.7167	1.24599	-29.1591	8.45382	-9.80094	-0.465967	166.526	7.37913	1591.93	-222.137	-309.599	4972.69	-0.000756307	215.004
36.4020	0.832529	41.6278	1.24599	-34.6208	7.54946	-33.0123	1.06137	-52.2593	7.34856	1591.17	-223.575	-310.819	4971.77	-0.000298575	216.213
36.4027	0.228537	47.1531	0.938249	-39.2249	6.63199	-50.4011	1.68266	-269.891	7.31799	1591.93	-223.815	-311.275	4971.77	-0.000145967	217.445
36.4033	0.228537	52.0505	0.630503	-44.4157	6.31743	-62.9157	2.30395	-434.686	7.29432	1593.49	-223.095	-310.364	4972.84	-0.000451137	218.817
36.4040	-0.391778	54.7503	0.630503	-46.5372	6.31743	-71.1359	3.20999	-286.33	7.26967	1593.65	-223.415	-309.908	4973.3	6.59448e-006	219.119
36.4047	-0.99577	45.8974	1.24599	-38.5929	6.01597	-69.6341	3.20999	190.348	7.2391	1593.49	-224.294	-310.217	4973.3	6.59448e-006	219.421
36.4053	-0.99577	24.5497	2.16173	-19.9961	5.71452	-59.8595	3.20999	542.204	7.20853	1594.09	-224.134	-309.452	4974.21	-0.000451137	219.886
36.4060	0.228537	2.00919	2.16173	0.135414	5.41307	-45.2108	3.20999	551.376	7.18388	1594.52	-224.134	-309.452	4973.91	6.59448e-006	221.095
36.4067	0.832529	-19.0873	0.630503	18.4614	5.41307	-20.7875	2.5887	380.466	7.15331	1595.33	-224.134	-309.745	4973.3	0.000159203	222.932
36.4073	0.832529	-34.0306	-0.893213	30.0619	5.41307	3.60949	2.30395	266.949	7.12274	1595.44	-224.134	-309.745	4973.3	-0.000451137	223.839
36.4080	1.74668	-41.0627	-1.80894	34.6208	5.41307	22.2365	1.68266	219.016	7.09808	1593.92	-225.093	-310.673	4972.38	-0.000451137	224.769
36.4087	2.36699	-44.7044	-2.72468	34.6208	5.09851	43.6036	1.68266	66.7373	7.07442	1592.84	-226.132	-311.893	4970.86	0.000159203	225.978
36.4093	2.05684	-44.0765	-4.55614	32.1833	4.79705	56.1183	0.776611	-145.645	7.03793	1593.01	-226.771	-312.495	4970.09	6.59448e-006	226.583
36.4100	0.832529	-39.2419	-5.77211	29.4299	4.4956	53.3519	-0.155322	-128.572	7.01328	1594.09	-225.812	-311.438	4971.16	-0.000145967	227.513
36.4107	0.522371	-30.3889	-4.55614	23.0203	4.4956	51.8501	-0.155322	56.9891	6.98271	1595.76	-223.974	-309.745	4973.75	0.000464373	228.42
36.4113	1.14269	-14.8177	-3.03242	8.07969	4.4956	54.274	0.155322	-30.9172	6.95805	1598.03	-222.137	-308.232	4975.28	6.59448e-006	228.885
36.4120	1.14269	2.00919	-2.41693	-8.39565	4.19414	48.7939	1.06137	-330.572	6.92748	1599.75	-220.778	-307.614	4975.89	0.000159203	230.094
36.4127	0.832529	11.4272	-1.80894	-15.392	3.87958	32.6171	1.06137	-305.249	6.89691	1599.59	-220.618	-308.232	4975.74	0.000769543	231.024
36.4133	2.05684	17.5176	-1.20096	-17.2427	3.27667	13.9901	1.37201	-33.9743	6.86635	1599.27	-221.098	-308.997	4974.82	-0.000145967	231.326
36.4140	2.05684	24.5497	2.76971	-19.6801	3.57813	0.869438	2.5887	68.2947	6.8486	1598.94	-221.577	-309.599	4974.37	-0.000298575	232.233
36.4147	-0.0816205	25.4916	7.04062	-18.1454	4.19414	-3.71487	2.5887	-18.6887	6.82394	1598.84	-221.577	-310.364	4974.21	0.000464373	233.605
36.4153	0.228537	18.1455	6.74038	-11.1491	3.87958	-5.24298	1.9933	-102.615	6.78746	1599.43	-220.778	-310.217	4974.06	0.000159203	235.139
36.4160	1.14269	10.2343	3.99319	-4.10755	3.87958	-6.13876	0.465967	38.9926	6.7628	1599.75	-220.219	-309.908	4974.21	0.000159203	236.209
36.4167	0.522371	2.00919	2.16173	1.98607	4.19414	-3.71487	-0.465967	244.05	6.73815	1600.19	-220.059	-310.51	4974.37	0.000159203	237.418
36.4173	1.14269	-6.59264	1.54623	8.98245	3.57813	-2.18677	0.465967	224.207	6.70758	1601.1	-219.42	-309.908	4974.82	-0.000298575	238.65
36.4180	1.14269	-15.1317	1.24599	15.1212	3.57813	-3.39871	0.465967	92.9823	6.67701	1602.61	-217.742	-307.777	4976.35	0.000159203	239.255
36.4187	0.832529	-23.0429	0.330264	21.2148	3.27667	-2.79274	-0.465967	47.241	6.65334	1604.18	-216.383	-306.556	4977.42	0.000464373	240.324
36.4193	1.14269	-26.9984	0.022518	26.9925	3.27667	-4.61066	-0.465967	18.2273	6.62277	1604.45	-216.703	-305.938	4977.42	-0.000145967	241.091
36.4200	1.43652	-26.1194	0.330264	27.6244	3.27667	-9.80094	0.155322	-79.7156	6.5922	1603.53	-218.221	-306.394	4976.35	-0.000451137	242.161
36.4207	1.43652	-23.6707	0.938249	24.2842	2.96211	-11.935	-0.155322	-150.548	6.56755	1602.34	-220.219	-308.069	4974.21	-0.000145967	243.998
36.4213	0.832529	-20.5942	0.938249	20.3121	2.66066	-14.0691	-1.96742	-176.159	6.5429	1601.27	-221.897	-309.143	4972.84	0.000159203	245.207
36.4220	0.522371	-7.47166	0.330264	7.4929	2.96211	-24.4497	-2.89935	-257.028	6.51233	1600.51	-223.575	-309.452	4972.08	-0.000145967	245.974
36.4227	-0.0816205	18.4594	0.330264	-16.3399	3.27667	-39.4145	-1.96742	-469.757	6.48866	1600.19	-224.294	-309.452	4971.47	6.59448e-006	246.742
36.4233	-0.685612	41.0627	0.938249	-37.3742	2.66066	-47.661	-0.155322	-523.169	6.45809	1600.67	-224.294	-309.29	4972.08	0.000464373	247.811
36.4240	-1.59976	52.9295	1.54623	-48.0719	2.35921	-48.873	1.37201	-217.401	6.42752	1602.45	-222.936	-308.688	4972.69	6.59448e-006	249.787
36.4247	-2.82407	59.9617	1.85398	-52.044	2.66066	-50.6909	2.5887	5.42204	6.40287	1603.53	-221.258	-307.777	4972.99	-0.000298575	250.694
36.4253	-3.44438	59.6477	1.24599	-51.0961	2.66066	-49.4789	3.52064	-52.8938	6.37822	1603.1	-220.938	-307.777	4973.45	6.59448e-006	251.322
36.4260	-3.44438	48.66	0.330264	-42.2491	2.96211	-40.6265	3.20999	-85.8298	6.35356	1603.37	-220.219	-308.525	4973.91	0.000159203	252.392
36.4267	-3.13423	31.8958	0.630503	-28.2112	3.27667	-28.1118	1.06137	141.492	6.32299	1603.53	-219.42	-308.997	4973.91	0.000159203	253.298
36.4273	-3.13423	12.9969	0.330264	-14.1733	2.66066	-11.935	-0.155322	445.761	6.29242	1603.26	-219.739	-309.745	4972.53	0.000159203	254.67
36.4280	-2.82407	-5.65084	-0.585468	0.451379	2.35921	3.31967	0.155322	484.811	6.26876	1603.1	-219.899	-310.982	4971.31	6.59448e-006	256.507
36.4287	-2.22008	-20.9081	-0.285228	14.4893	2.35921	7.90399	0.155322	366.103	6.2441	1602.18	-220.059	-312.04	4971.16	0.000464373	257.414
36.4293	-1.90992	-30.3889	-0.285228	22.4336	2.05775	6.98185	-0.155322	285.58	6.21353	1601.27	-220.299	-313.113	4970.4	0.000159203	257.414
36.4300	-1.59976	-36.1654	-0.585468	26.7217	2.05775	14.596	-0.750724	199.52	6.18888	1602.61	-218.781	-312.495	4970.55	-0.000298575	258.483
36.4307	-0.99577	-43.1975	-0.285228	31.9125	2.05775	36.2793	-2.27806	153.721	6.16423	1605.37	-215.425	-309.908	4973.3	0.000159203	260.157
36.4313	-0.99577	-48.0949	0.022518	34.9368	2.05775	58.8583	-2.5887	130.244	6.13464	1607.2	-212.868	-308.069	4975.59	0.000159203	261.087
36.4320	-1.30593	-44.3905	0.022518	30.9646	2.05775	68.3168	-2.89935	9.34437	6.10408	1607.96	-211.349	-307.305	4975.89	6.59448e-006	261.832
36.4327	-1.30593	-35.8514	0.630503	24.555	2.05775	65.8665	-3.49475	-105.672	6.08534	1608.61	-210.151	-306.849	4975.89	0.000311811	263.064
36.4333	-0.99577	-27.9402	1.24599	20.8989	1.44174	60.0703	-2.27806	-148.414	6.05477	1608.61	-210.151	-307.158	4975.28	0.000159203	263.971
36.4340	-1.30593	-22.415	0.330264	17.8746	0.222814	52.14	-1.96742	-239.954	6.0242	1607.69	-210.71	-307.923	4974.52	0.000159203	265.342
36.4347	-1.30593	-15.3828	-0.893213	12.0518	-0.393201	39.9415	-3.49475	-297.347	6.00645	1607.96	-210.55	-308.379	4974.52	0.000464373	267.179
36.4353	-0.685612	-7.47166	-0.893213	7.17693	-0.0786402	23.4485	-4.11604	-137.108	5.97588	1609.2	-210.151	-308.525	4974.37	0.000159203	268.412
36.4360	-0.685612	-2.88821	-0.893213	4.73948	-0.996109	7.58783	-3.20999	159.489	5.94531	1609.2	-210.151	-308.834	4974.06	-0.000145967	269.016
36.4367	-1.30593	-0.125574	-0.285228	2.88883	-1.61212	-3.39871	-2.5887	370.718	5.92066	1608.44	-210.231	-309.745	4974.21	-0.000145967	269.621
36.4373	-1.90992	3.83001	0.330264	0.135414	-2.52959	-10.4069	-2.89935	411.614	5.896	1609.04	-209.512	-309.599	4974.82	-0.000145967	270.992
36.4380	-1.59976	12.3691	0.022518	-7.17693	-3.44706	-17.1253	-2.89935	296.828	5.86543	1611.04	-207.834	-308.379	4975.74	-0.000145967	271.923
36.4387	-1.90992	23.9847	-0.893213	-17.5587	-3.1325	-26.5837	-1.68266	-97.1353	5.84078	1612.38	-206.475	-307.012	4976.96	-0.000603745	272.225
36.4393	-1.30593	30.954	-2.11669	-23.3363	-1.91358	-38.4924	-0.465967	-535.975	5.81711	1612.71	-205.996	-307.012	4977.42	-0.000908915	272.969
36.4400	0.522371	34.0306	-2.41693	-26.0897	-1.61212	-48.873	0.155322	-498.77	5.79246	1612.22	-207.514	-309.452	4975.43	-0.000603745	274.503
36.4407	1.14269	40.7488	-1.80894	-33.718	-1.61212	-54.9854	1.68266	-238.455	5.76189	1611.04	-209.512	-311.438	4972.99	-0.000298575	276.805
36.4413	0.228537	48.9739	-1.5012	-43.197	-1.61212	-57.7254	4.11604	-211.287	5.72541	1609.79	-210.391	-312.04	4972.53	-0.000298575	278.317
36.4420	-0.0816205	47.467	-0.893213	-40.4436	-1.91358	-58.0153	6.86007	-295.213	5.70075	1609.2	-211.349	-312.495	4972.23	-0.000451137	279.247
36.4427	0.228537	36.7932	-0.285228	-27.6244	-1.61212	-58.9374	7.792	-232.917	5.6761	1609.2	-211.669	-312.495	4971.77	-0.000451137	279.991
36.4433	-0.0816205	25.1776	-0.585468	-15.392	-1.61212	-57.1195	7.48136	82.0228	5.65243	1609.2	-211.669	-312.04	4971.77	-0.000298575	280.921
36.4440	-0.99577	12.9969	-0.585468	-4.73948	-1.61212	-46.7389	8.10264	448.818	5.6337	1610.39	-211.509	-311.275	4972.38	6.59448e-006	281.99
36.4447	-1.30593	0.43951	-0.285228	5.64224	-1.31067	-34.2243	8.10264	552.299	5.59721	1611.95	-210.231	-309.599	4973.75	6.59448e-006	283.664
36.4453	-0.685612	-10.5482	-0.285228	14.8052	-0.996109	-18.9696	6.86007	410.691	5.56664	1612.71	-209.671	-308.232	4974.37	0.000159203	285.943
36.4460	-0.685612	-20.5942	0.022518	22.1176	-1.31067	1.79157	4.73733	217.805	5.54199	1613.03	-209.991	-307.777	4973.91	-0.000298575	286.71
36.4467	-0.99577	-30.7029	0.330264	26.4057	-1.61212	23.7646	2.30395	59.4117	5.51733	1613.03	-210.231	-307.614	4973.3	-0.000298575	286.873
36.4473	-1.30593	-36.4793	0.022518	26.7217	-1.31067	38.0972	0.155322	-81.273	5.48676	1612.71	-211.349	-307.614	4972.69	-0.000145967	288.384
36.4480	-1.59976	-35.5375	-0.285228	22.7495	-1.61212	46.3437	-1.68266	-206.095	5.4562	1611.79	-213.187	-308.232	4971.92	6.59448e-006	290.221
36.4487	-1.59976	-30.075	-0.285228	16.9267	-1.91358	56.7243	-1.96742	-207.307	5.43253	1611.2	-214.865	-308.834	4971.01	6.59448e-006	291.454
36.4493	-0.99577	-27.6263	-0.285228	17.2427	-1.61212	65.2606	-2.27806	-95.0011	5.40196	1611.04	-215.265	-308.997	4970.7	6.59448e-006	292.825
36.4500	-0.99577	-30.075	0.022518	21.8016	-1.61212	69.8449	-1.96742	-0.692176	5.37139	1612.11	-214.705	-308.688	4971.92	6.59448e-006	293.732
36.4507	-0.391778	-31.8958	0.022518	24.2842	-1.31067	75.325	-1.96742	21.8612	5.34082	1614.22	-213.027	-307.305	4973.75	6.59448e-006	294.337
36.4513	1.14269	-29.4471	-0.285228	22.7495	-1.31067	72.9011	-3.8054	-15.3432	5.31617	1615.89	-211.669	-306.247	4975.28	0.000311811	295.104
36.4520	1.43652	-23.3568	-0.893213	18.7774	-0.694655	57.6464	-5.33273	-30.9172	5.29151	1616.54	-210.87	-306.849	4976.04	0.00122732	296.011
36.4527	1.43652	-18.4594	-0.285228	16.9267	0.222814	39.0193	-5.64338	-14.7664	5.26785	1616.97	-209.991	-307.158	4975.89	0.000769543	297.545
36.4533	1.74668	-11.1133	0.630503	11.1491	0.222814	23.4485	-5.64338	14.2473	5.23728	1617.13	-209.352	-308.069	4975.13	0.000159203	298.917
36.4540	1.74668	6.27871	0.330264	-6.27417	0.222814	3.92565	-5.02209	32.2439	5.21262	1616.38	-209.352	-309.745	4973.91	0.000311811	299.382
36.4547	1.43652	28.2542	-0.893213	-25.187	0.524268	-19.5755	-3.49475	-131.629	5.18797	1615.73	-208.553	-310.364	4973.45	-0.000145967	300.289
36.4553	1.43652	40.7488	-2.11669	-33.4021	0.222814	-35.7524	-1.68266	-469.468	5.1574	1616.38	-207.514	-309.908	4973.91	-0.000298575	302.428
36.4560	1.74668	42.5696	-2.11669	-32.4993	0.222814	-43.0767	-0.465967	-635.187	5.13275	1617.3	-206.315	-308.834	4974.37	0.000159203	304.567
36.4567	1.14269	39.807	-1.80894	-29.1591	-0.0786402	-49.4789	0.776611	-354.394	5.10316	1617.57	-205.357	-308.525	4974.21	0.000311811	305.637
36.4573	0.228537	33.7167	-1.5012	-23.3363	0.222814	-55.8812	3.20999	124.707	5.07851	1618.65	-204.478	-307.777	4974.67	-0.000145967	306.404
36.4580	0.522371	22.7289	-1.20096	-12.3678	0.524268	-57.1195	5.64338	242.55	5.05386	1620.64	-202.959	-305.938	4976.35	-0.000451137	307.311
36.4587	0.522371	2.00919	-0.585468	7.17693	0.825722	-50.0849	7.48136	58.4888	5.02921	1621.24	-202.48	-304.864	4977.26	-0.000298575	308.078
36.4593	-0.0816205	-25.1776	-0.585468	30.6487	0.524268	-33.3021	7.48136	37.7236	4.99864	1621.07	-202.64	-304.864	4976.65	6.59448e-006	309.45
36.4600	-0.685612	-48.9739	-0.585468	49.2906	-0.393201	-8.589	6.26466	161.681	4.97497	1621.24	-202.959	-305.336	4974.98	-0.000298575	311.729
36.4607	-0.391778	-66.6799	-0.585468	63.6445	-0.996109	15.2283	6.57531	247.395	4.9444	1619.89	-204.637	-306.703	4973.3	-0.000756307	312.659
36.4613	-0.0816205	-71.5773	-0.585468	67.8875	-0.694655	30.1669	7.48136	316.382	4.91975	1617.73	-206.475	-308.232	4972.23	-0.000451137	313.426
36.4620	0.228537	-60.2756	-0.285228	57.5057	-0.393201	33.5392	7.792	364.604	4.89509	1617.57	-207.035	-309.143	4971.92	6.59448e-006	315.542
36.4627	-0.391778	-39.4931	-0.585468	36.7874	-0.694655	24.9766	7.17071	270.583	4.87044	1618.05	-206.875	-309.599	4972.23	6.59448e-006	316.611
36.4633	-0.685612	-6.84379	-0.893213	4.10755	-0.694655	3.60949	4.73733	82.3112	4.83987	1618.48	-206.475	-309.908	4972.38	6.59448e-006	317.681
36.4640	-0.391778	33.7167	-0.585468	-34.034	-0.694655	-22.6317	1.06137	-19.9001	4.8093	1619.4	-205.676	-309.599	4972.99	6.59448e-006	318.913
36.4647	0.228537	63.3522	-1.5012	-59.9883	-1.31067	-44.6048	-1.37201	-141.377	4.78563	1620.48	-205.117	-309.599	4973.91	0.000159203	320.285
36.4653	0.228537	80.7442	-1.5012	-72.7623	-2.21503	-61.0715	-1.37201	-413.921	4.75506	1620.97	-204.318	-310.364	4974.21	0.000464373	321.494
36.4660	0.228537	91.7319	-0.893213	-79.1719	-4.04997	-76.6423	-0.465967	-631.783	4.73041	1620.64	-204.318	-311.128	4974.21	0.000616981	322.564
36.4667	0.522371	85.5788	-0.893213	-70.3249	-5.58345	-83.3607	-0.465967	-450.837	4.70576	1621.07	-203.998	-311.275	4973.6	0.000159203	323.935
36.4673	0.228537	63.0382	-1.5012	-48.0719	-4.96744	-76.9585	-1.37201	133.878	4.68111	1621.56	-203.838	-311.584	4972.84	0.000159203	325.633
36.4680	0.228537	46.8392	-1.5012	-33.4021	-4.04997	-76.6423	-1.96742	673.718	4.65054	1620.48	-205.117	-313.113	4971.31	0.000159203	327.005
36.4687	1.14269	43.1975	-1.80894	-29.7459	-3.1325	-84.5726	-1.96742	769.584	4.62687	1619.24	-205.357	-314.48	4970.4	-0.000145967	328.074
36.4693	2.05684	34.6585	-1.80894	-24.555	-1.91358	-77.8542	-1.96742	423.496	4.5963	1619.89	-203.998	-314.025	4970.86	6.59448e-006	329.748
36.4700	2.36699	16.3246	-2.11669	-10.2012	-2.21503	-55.2752	-2.27806	98.1736	4.56573	1621.56	-202.959	-312.349	4972.38	0.000159203	331.12
36.4707	1.74668	-2.88821	-2.11669	5.05545	-3.1325	-27.822	-1.68266	120.15	4.54108	1623.56	-200.802	-310.055	4974.37	0.000464373	332.027
36.4713	1.74668	-19.7151	-2.11669	15.708	-2.52959	-0.342506	-1.68266	179.966	4.51051	1625.23	-198.644	-308.232	4975.74	0.000464373	333.259
36.4720	2.36699	-33.7167	-2.11669	23.3363	-1.31067	24.0545	-2.27806	95.4049	4.48585	1626.26	-197.606	-307.012	4976.35	0.000464373	334.468
36.4727	1.14269	-42.2557	-1.5012	26.9925	-1.31067	43.6036	-2.5887	-40.3769	4.46219	1627.07	-197.446	-306.556	4976.2	0.000464373	335.84
36.4733	-0.0816205	-44.0765	-1.20096	26.0897	-1.91358	60.0703	-2.89935	-223.803	4.43753	1626.26	-198.804	-307.614	4974.67	0.000159203	336.77
36.4740	0.228537	-42.5696	-0.893213	23.9682	-1.61212	81.4374	-4.11604	-319.324	4.40696	1625.39	-199.603	-308.379	4973.75	0.000159203	337.84
36.4747	0.228537	-39.807	-1.5012	20.5829	-1.61212	102.488	-5.64338	-267.411	4.3764	1625.66	-199.124	-308.232	4974.21	-0.000298575	339.211
36.4753	0.522371	-35.2235	-2.41693	16.9267	-1.61212	111.947	-6.86007	-198.77	4.34583	1625.66	-199.603	-308.232	4974.21	-0.000451137	340.583
36.4760	1.14269	-31.268	-2.11669	16.024	-0.996109	113.475	-7.17071	-162.431	4.32117	1625.82	-200.163	-308.525	4974.21	6.59448e-006	342.095
36.4767	1.14269	-30.7029	-1.80894	18.4614	-1.31067	109.813	-6.23878	-130.994	4.29751	1626.26	-200.163	-308.525	4974.37	0.000311811	343.466
36.4773	0.228537	-30.075	-1.80894	20.3121	-1.91358	97.9304	-4.42668	-94.0782	4.26694	1627.5	-199.444	-308.069	4975.13	0.000159203	344.536
36.4780	-0.391778	-26.6845	-1.5012	19.9961	-1.91358	80.5153	-3.20999	-61.719	4.23637	1629.17	-198.325	-307.012	4976.35	-0.000451137	345.466
36.4787	0.832529	-22.101	-0.893213	18.1454	-1.61212	64.9708	-2.27806	-55.6048	4.21171	1630.57	-197.766	-306.084	4977.57	6.59448e-006	346.675
36.4793	1.43652	-17.2664	-1.80894	13.9025	-1.31067	51.2178	-2.27806	-80.0617	4.18706	1630.84	-197.286	-306.084	4977.72	0.000159203	347.907
36.4800	0.522371	-9.60642	-1.80894	7.76372	-1.91358	36.5691	-2.27806	-37.6082	4.15649	1629.76	-198.245	-307.305	4975.89	-0.000145967	349.279
36.4807	0.228537	-2.00919	-1.5012	2.30203	-2.52959	24.9766	-1.68266	106.71	4.12592	1628.25	-199.923	-308.834	4974.06	-0.000298575	350.791
36.4813	1.43652	2.26033	-1.20096	-1.08331	-1.61212	15.8343	-1.37201	182.1	4.09535	1626.74	-201.601	-310.217	4972.69	-0.000451137	352.162
36.4820	1.74668	4.70903	-0.585468	-2.30203	-1.61212	6.05972	-0.465967	88.0794	4.0707	1626.42	-202.16	-310.673	4971.62	-0.000298575	353.395
36.4827	1.14269	4.39509	-0.585468	-1.08331	-1.61212	-0.0526932	-0.750724	-37.3198	4.04111	1626.42	-202	-310.673	4972.08	-0.000298575	353.86
36.4833	1.43652	-0.125574	-1.20096	3.52076	-0.996109	-3.71487	-1.37201	-10.4403	4.01646	1627.07	-201.601	-310.364	4972.84	6.59448e-006	355.232
36.4840	1.74668	-6.27871	-0.893213	10.2012	-1.31067	-6.74473	-0.750724	95.1165	3.99181	1628.58	-200.642	-309.452	4973.3	0.000159203	357.673
36.4847	2.36699	-12.0551	-1.20096	16.9267	-1.61212	-4.61066	-0.155322	114.959	3.96124	1629.33	-200.163	-308.525	4973.75	-0.000298575	359.045
36.4853	2.66083	-16.9525	-1.5012	21.5308	-1.31067	-2.47658	0.465967	108.268	3.93659	1629.33	-200.482	-308.688	4973.75	-0.000145967	359.649
36.4860	2.97098	-19.4012	-0.893213	23.6523	-0.996109	-7.06089	-0.155322	39.5694	3.91292	1630.09	-200.322	-308.834	4973.75	0.000311811	361.021
36.4867	3.57498	-18.4594	0.022518	23.6523	0.524268	-12.5673	-0.750724	-164.276	3.88235	1630.25	-200.322	-309.143	4973.75	6.59448e-006	362.393
36.4873	3.88513	-16.0107	-0.285228	21.8016	1.74319	-17.7313	-1.06137	-227.149	3.85178	1629.33	-201.601	-310.51	4972.84	-0.000451137	363.625
36.4880	2.36699	-11.1133	-0.585468	15.708	1.14028	-24.7658	-0.750724	-134.686	3.82713	1629.33	-201.841	-311.438	4971.77	-0.000145967	365.904
36.4887	0.832529	-1.38132	-0.285228	3.20479	0.222814	-31.774	-1.68266	-216.766	3.79656	1629.01	-202.16	-312.04	4971.31	-0.000145967	367.438
36.4893	1.43652	17.2664	-0.585468	-15.1212	-0.0786402	-44.6048	-2.27806	-280.562	3.77782	1628.42	-202.32	-312.495	4971.62	-0.000145967	367.578
36.4900	2.36699	38.614	-1.20096	-32.1833	-0.996109	-62.9157	-1.37201	-122.746	3.74725	1629.76	-200.802	-311.73	4972.69	0.000159203	368.81
36.4907	2.36699	48.66	-1.20096	-39.2249	-1.61212	-76.3261	-1.06137	46.8949	3.71767	1631.92	-198.964	-310.364	4973.91	6.59448e-006	370.019
36.4913	2.66083	51.7365	-0.585468	-40.1276	-0.694655	-83.3607	-1.37201	112.19	3.69301	1633.6	-197.606	-308.834	4975.43	6.59448e-006	371.089
36.4920	2.97098	54.1852	-0.585468	-41.6623	-0.0786402	-85.7846	-1.06137	74.9857	3.66836	1634.84	-196.647	-307.614	4976.2	0.000159203	372.623
36.4927	2.36699	53.8713	-0.893213	-41.6623	0.222814	-85.7846	-0.750724	235.224	3.63779	1634.68	-196.647	-307.777	4975.74	0.000311811	374.135
36.4933	2.36699	51.1087	-0.585468	-39.5408	0.825722	-85.7846	-1.68266	672.795	3.61314	1634.35	-197.446	-308.379	4975.28	0.000311811	375.53
36.4940	3.28114	41.9418	-0.893213	-32.1833	1.14028	-80.6206	-1.68266	791.561	3.58257	1634.35	-197.766	-308.232	4974.98	0.000311811	376.902
36.4947	3.28114	25.8055	-1.5012	-18.7774	1.74319	-70.5299	-1.96742	379.543	3.552	1634.51	-197.766	-308.069	4974.67	0.000159203	378.413
36.4953	2.97098	11.4272	-1.5012	-5.95821	1.44174	-61.6774	-2.27806	-73.659	3.52833	1634.35	-198.245	-308.379	4974.52	-0.000145967	379.343
36.4960	3.28114	-0.43951	-1.20096	5.05545	0.825722	-47.3449	-1.96742	-197.212	3.50368	1634.84	-197.925	-307.923	4974.67	0.000311811	380.413
36.4967	3.57498	-9.29249	-1.20096	10.8331	0.825722	-26.2939	-1.68266	-198.135	3.47311	1635.27	-197.766	-307.777	4974.37	0.000464373	382.226
36.4973	3.28114	-15.3828	-1.20096	13.5865	1.14028	-4.00469	-1.96742	-247.568	3.44254	1635.92	-197.286	-307.158	4974.37	-0.000298575	383.761
36.4980	2.97098	-22.415	-1.20096	17.5587	0.825722	17.0463	-2.27806	-155.74	3.41789	1637.43	-195.448	-305.173	4975.89	-0.000908915	384.063
36.4987	2.36699	-24.5497	-1.5012	15.392	0.825722	32.0111	-1.68266	-20.2461	3.38732	1638.51	-193.93	-303.953	4977.42	-0.000298575	384.667
36.4993	2.36699	-16.0107	-1.20096	4.10755	1.14028	39.6253	-0.750724	16.0931	3.36365	1638.62	-193.451	-304.864	4977.11	0.000159203	386.342
36.5000	2.36699	-5.96477	-0.893213	-6.86097	1.44174	46.3437	-0.750724	-24.5146	3.33308	1638.19	-193.61	-306.394	4974.98	-0.000298575	388.039
36.5007	2.05684	-2.26033	-0.893213	-9.29841	0.524268	53.6681	-1.06137	-213.075	3.30843	1636.84	-194.969	-308.069	4973.3	-0.000451137	390.015
36.5013	2.05684	-1.38132	-0.893213	-7.76372	0.222814	59.7805	-0.465967	-309.864	3.27786	1635.11	-196.567	-310.217	4971.92	0.000311811	392.154
36.5020	2.36699	-0.753445	-0.585468	-5.64224	0.222814	60.0703	-0.465967	-84.0417	3.25321	1635	-196.567	-311.73	4971.16	6.59448e-006	393.363
36.5027	2.66083	-2.57427	-0.285228	-3.20479	0.222814	52.4561	-0.155322	107.345	3.22264	1635.92	-195.129	-311.438	4971.92	-0.000756307	394.131
36.5033	2.97098	-6.59264	-0.893213	-0.135414	0.222814	43.2875	-0.155322	56.3546	3.19207	1637.11	-193.77	-310.217	4973.3	-0.000298575	395.805
36.5040	2.97098	-11.7412	-1.20096	5.05545	-0.0786402	39.0193	-1.06137	-6.80639	3.16741	1637.43	-193.77	-310.364	4973.6	6.59448e-006	396.874
36.5047	2.97098	-19.0873	-1.20096	12.0518	-0.996109	40.2313	-1.96742	17.016	3.13783	1637.27	-193.61	-310.819	4973.14	-0.000603745	397.804
36.5053	2.97098	-29.1332	-1.20096	21.2148	-1.91358	47.8718	-2.89935	46.6065	3.10726	1638.02	-191.932	-310.055	4973.14	6.59448e-006	399.618
36.5060	2.97098	-38.928	-0.893213	29.4299	-1.91358	61.9145	-3.20999	-0.403769	3.08261	1638.78	-190.894	-309.29	4973.91	0.000159203	401.315
36.5067	2.66083	-43.1975	-0.893213	33.4021	-1.61212	69.2389	-1.96742	-104.749	3.05795	1639.1	-190.414	-308.834	4973.6	-0.000298575	402.687
36.5073	2.66083	-39.2419	-0.585468	31.2806	-1.31067	59.4643	-0.750724	-183.484	3.02147	1637.86	-190.734	-309.143	4972.69	-0.000145967	403.292
36.5080	2.66083	-31.268	-0.285228	27.3084	-0.393201	41.7594	-0.465967	-365.699	2.99681	1636.35	-192.252	-310.819	4971.16	0.000616981	404.966
36.5087	2.66083	-23.6707	-0.285228	23.9682	-0.0786402	24.3706	-0.750724	-564.988	2.96625	1636.84	-192.572	-311.584	4969.94	0.000464373	407.57
36.5093	1.74668	-15.1317	-0.585468	16.9267	-0.0786402	7.58783	-1.37201	-419.401	2.94159	1637.43	-192.252	-310.673	4970.86	-0.000145967	408.174
36.5100	1.43652	-4.14395	-0.585468	7.4929	-0.393201	-6.45492	-1.96742	-174.025	2.91201	1638.35	-191.613	-309.452	4972.84	0.000311811	408.639
36.5107	2.36699	8.7274	-0.585468	-2.57286	0.222814	-18.6534	-1.68266	-28.783	2.88736	1640.34	-189.855	-308.069	4974.67	0.000769543	410.151
36.5113	2.66083	22.415	0.330264	-13.5865	0.524268	-32.6962	-0.750724	280.043	2.8627	1642.45	-187.697	-306.556	4976.35	0.000311811	411.825
36.5120	2.36699	31.268	-0.285228	-21.2148	0.524268	-43.6827	-0.155322	615.171	2.83213	1643.53	-187.218	-306.849	4975.74	-0.000298575	413.057
36.5127	2.05684	35.8514	-1.20096	-25.5029	0.524268	-51.9292	0.155322	669.795	2.80156	1643.69	-187.697	-308.379	4974.67	-0.000603745	414.127
36.5133	1.74668	40.1209	-0.585468	-29.1591	0.222814	-58.9374	0.155322	376.774	2.77691	1643.37	-187.697	-308.834	4975.13	6.59448e-006	415.801
36.5140	1.43652	42.2557	-0.285228	-33.1312	0.825722	-61.9936	-0.465967	-25.7259	2.74634	1642.94	-187.378	-308.997	4974.52	0.000159203	417.475
36.5147	1.74668	41.3767	-0.893213	-34.9368	1.14028	-60.4655	-0.465967	-160.931	2.71577	1642.94	-186.739	-309.599	4973.91	6.59448e-006	418.405
36.5153	1.74668	34.6585	-0.893213	-28.2112	0.524268	-54.0633	0.155322	-35.1856	2.6921	1643.53	-185.38	-309.745	4974.52	0.000159203	420.079
36.5160	2.05684	23.6707	-0.585468	-16.9267	0.524268	-46.4227	0.465967	172.929	2.65562	1643.53	-185.22	-309.745	4974.37	6.59448e-006	421.916
36.5167	2.05684	13.562	-0.585468	-9.61438	-0.0786402	-41.2325	0.465967	333.744	2.63096	1643.53	-185.061	-309.908	4973.75	-0.000451137	422.823
36.5173	2.36699	4.39509	-0.893213	-1.6701	0.222814	-30.5621	0.776611	392.348	2.60631	1644.88	-183.223	-308.525	4975.13	-0.000298575	423.729
36.5180	2.36699	-8.41347	-0.585468	10.8331	0.524268	-11.935	1.68266	351.798	2.58166	1646.44	-181.864	-306.849	4976.96	0.000311811	424.799
36.5187	1.74668	-21.222	-0.285228	20.8989	0.222814	5.13759	1.68266	175.409	2.54517	1647.04	-181.145	-306.084	4977.72	0.000159203	425.729
36.5193	1.14269	-24.5497	-0.285228	19.6801	0.524268	16.4403	1.37201	7.55625	2.52052	1647.04	-180.666	-305.792	4977.42	-0.000451137	426.799
36.5200	0.522371	-21.536	0.022518	12.3678	0.524268	28.9549	2.30395	-91.0211	2.49685	1646.44	-181.864	-306.849	4975.28	-0.000145967	428.775
36.5207	0.832529	-17.5804	0.630503	7.76372	0.524268	42.3654	2.5887	-250.971	2.4722	1645.2	-183.383	-308.232	4973.3	-0.000298575	431.216
36.5213	1.74668	-14.1899	0.330264	6.27417	0.222814	50.322	2.5887	-401.693	2.44163	1644.12	-183.702	-308.834	4972.38	-0.000756307	432.588
36.5220	2.05684	-12.3691	-0.285228	5.95821	0.524268	52.4561	1.68266	-327.861	2.41698	1643.96	-184.022	-308.834	4972.08	-0.000451137	434.123
36.5227	2.05684	-10.8622	0.022518	5.32628	1.44174	50.6119	-0.155322	-65.4106	2.38641	1644.88	-183.542	-308.379	4972.84	6.59448e-006	435.634
36.5233	1.43652	-12.0551	-0.585468	5.05545	0.825722	46.3437	-1.06137	135.724	2.35584	1645.96	-182.504	-307.777	4973.75	0.000159203	436.866
36.5240	1.43652	-18.4594	-0.585468	11.1491	0.524268	43.6036	-1.06137	270.583	2.32527	1646.71	-181.465	-307.923	4974.06	0.000159203	438.378
36.5247	2.05684	-21.8499	0.022518	16.6108	1.14028	37.4912	-1.37201	459.201	2.30752	1647.47	-180.506	-308.232	4974.06	6.59448e-006	439.61
36.5253	0.832529	-15.3828	0.022518	11.465	0.825722	22.2365	-1.37201	367.026	2.28287	1647.47	-180.186	-308.688	4974.06	-0.000145967	440.517
36.5260	-0.99577	-3.83001	0.330264	1.35414	0.222814	3.31967	-1.37201	-197.558	2.2523	1647.47	-179.467	-309.452	4974.21	0.000159203	442.051
36.5267	-0.685612	10.5482	0.938249	-9.29841	0.524268	-18.6534	-1.06137	-629.649	2.22764	1648.28	-178.109	-309.908	4973.75	0.000159203	443.725
36.5273	-0.685612	24.2358	1.54623	-20.3121	0.825722	-37.5703	-0.750724	-654.106	2.19707	1647.47	-178.189	-310.982	4972.84	-0.000145967	445.097
36.5280	-0.685612	28.5053	1.24599	-24.2391	1.14028	-41.5486	-0.155322	-518.555	2.1665	1645.8	-179.867	-313.113	4971.16	6.59448e-006	446.934
36.5287	-0.685612	23.3568	0.630503	-19.9961	1.44174	-36.6745	0.155322	-228.072	2.14284	1645.36	-179.867	-314.025	4969.79	-0.000145967	448.004
36.5293	-0.99577	16.3246	0.938249	-13.5865	0.825722	-32.0902	0.155322	-35.1856	2.11818	1645.96	-178.828	-313.569	4970.55	-0.000145967	448.91
36.5300	-0.99577	12.9969	0.938249	-9.61438	0.222814	-29.3501	-0.750724	-44.3569	2.08761	1647.95	-176.83	-311.893	4972.69	0.000159203	450.143
36.5307	-0.391778	10.8622	0.330264	-7.17693	0.825722	-28.428	-1.37201	80.177	2.05704	1649.95	-174.753	-309.29	4974.67	0.000311811	450.887
36.5313	-0.391778	5.96477	0.330264	-3.83672	0.825722	-27.822	-1.37201	212.902	2.03239	1650.98	-173.474	-307.614	4975.43	0.000464373	452.724
36.5320	-0.391778	1.06738	0.330264	0.767345	0.524268	-25.0556	-1.06137	175.697	2.00774	1652.22	-172.915	-307.305	4974.98	0.000464373	454.398
36.5327	-0.0816205	-2.57427	0.022518	3.83672	0.524268	-19.2594	-0.750724	53.6436	1.97815	1651.79	-172.915	-307.158	4974.67	0.000769543	454.863
36.5333	0.228537	-6.59264	-1.20096	5.64224	0.825722	-11.329	-1.37201	-15.3432	1.9535	1651.14	-173.155	-306.703	4973.91	0.000769543	456.537
36.5340	0.522371	-12.9969	-1.5012	9.61438	0.524268	0.869438	-1.96742	50.5865	1.92885	1651.9	-173.155	-305.938	4973.91	0.000311811	458.676
36.5347	0.522371	-19.9663	-2.11669	16.3399	-0.0786402	15.2283	-1.96742	-4.03769	1.89828	1652.06	-172.915	-305.482	4974.37	0.000159203	459.746
36.5353	0.832529	-24.5497	-2.72468	23.0203	-0.0786402	23.7646	-1.37201	-112.998	1.87363	1651.63	-173.314	-305.629	4974.37	0.000159203	460.652
36.5360	0.832529	-28.5053	-1.80894	28.2112	-0.0786402	25.8987	-0.750724	-29.0714	1.84306	1651.46	-174.114	-306.247	4973.91	0.000464373	461.722
36.5367	0.228537	-32.5237	-0.893213	32.8153	-0.393201	25.8987	-0.155322	-44.6453	1.81249	1652.38	-173.954	-306.849	4973.6	0.000159203	463.721
36.5373	-0.685612	-31.268	-1.20096	31.9125	-0.0786402	26.2149	0.776611	-257.028	1.78882	1654.05	-172.595	-306.556	4974.82	-0.000451137	464.931
36.5380	-1.59976	-25.1776	-1.20096	23.9682	-0.393201	25.8987	1.68266	-194.501	1.76417	1655.57	-170.438	-305.336	4976.2	-0.000756307	465.233
36.5387	-1.59976	-19.0873	0.022518	15.392	0.222814	24.0545	1.68266	203.442	1.7336	1656.32	-168.92	-304.864	4977.26	-0.000603745	466.465
36.5393	-1.30593	-11.4272	2.46197	9.61438	0.524268	19.7863	1.06137	440.281	1.70303	1656.48	-168.76	-306.247	4977.11	-0.000451137	468.441
36.5400	-0.99577	5.02297	3.99319	-3.83672	-0.996109	6.37588	1.06137	411.902	1.67837	1655.57	-168.92	-308.379	4974.98	-0.000603745	470.418
36.5407	-1.90992	30.954	3.3777	-27.6244	-2.52959	-16.2295	0.155322	278.255	1.65372	1653.89	-169.639	-310.364	4972.99	-0.000298575	471.813
36.5413	-2.53023	49.9157	2.16173	-44.4157	-1.61212	-37.8864	-0.750724	-75.4472	1.63597	1652.7	-170.118	-312.349	4971.62	-0.000145967	473.626
36.5420	-2.22008	54.1852	2.16173	-48.0719	-0.996109	-51.007	-1.68266	-509.73	1.61132	1652.81	-168.76	-312.951	4970.7	-0.000603745	474.998
36.5427	-1.59976	51.7365	1.85398	-45.6344	-0.694655	-54.3531	-2.27806	-609.23	1.58667	1653.89	-166.443	-311.893	4971.77	-0.000603745	476.231
36.5433	-1.59976	49.9157	1.24599	-41.6623	-0.0786402	-51.007	-2.5887	-315.921	1.563	1655.13	-164.205	-310.673	4973.6	6.59448e-006	477.602
36.5440	-1.59976	45.6462	0.938249	-38.5929	-0.393201	-40.9426	-2.5887	-4.96059	1.53835	1655.3	-162.847	-310.217	4973.75	0.000159203	477.905
36.5447	-0.685612	36.4793	0.938249	-32.8153	-0.393201	-27.5059	-1.96742	24.6299	1.50186	1655.3	-161.249	-309.599	4973.6	-0.000451137	478.811
36.5453	0.228537	25.1776	0.630503	-22.4336	-0.393201	-20.7875	-1.37201	68.2947	1.47721	1655.73	-160.37	-309.29	4973.45	-0.000298575	480.509
36.5460	0.228537	12.0551	0.938249	-10.2012	-0.694655	-16.5193	-1.68266	378.62	1.45255	1656.65	-159.89	-309.29	4973.6	0.000159203	482.625
36.5467	-0.391778	-2.88821	1.24599	1.35414	-0.996109	-3.08255	-2.89935	591.06	1.4279	1657.13	-158.852	-308.997	4973.6	6.59448e-006	484.159
36.5473	-1.90992	-16.0107	1.24599	10.8331	-0.996109	15.5182	-3.20999	476.275	1.40423	1655.89	-159.331	-309.908	4972.38	-0.000451137	484.764
36.5480	-2.22008	-26.1194	0.938249	18.7774	-0.996109	28.0328	-3.49475	262.681	1.37366	1654.65	-160.37	-311.275	4971.01	-0.000298575	486.298
36.5487	-1.90992	-33.0888	0.938249	24.2842	-1.61212	34.7512	-3.49475	123.496	1.34901	1654.49	-160.37	-311.73	4970.7	0.000159203	487.972
36.5493	-2.22008	-36.7932	1.54623	26.7217	-1.61212	41.7594	-2.27806	25.5528	1.33027	1655.73	-159.331	-311.128	4971.47	0.000159203	489.647
36.5500	-2.22008	-36.4793	1.85398	26.7217	-0.0786402	50.6119	-0.750724	-72.7361	1.2997	1657.56	-156.854	-309.452	4973.14	6.59448e-006	490.414
36.5507	-2.82407	-34.9724	1.24599	26.7217	0.524268	57.3302	1.06137	-121.535	1.27012	1659.4	-154.297	-307.158	4975.43	0.000311811	491.181
36.5513	-3.73822	-33.4027	0.330264	26.4057	0.222814	55.5123	2.5887	-96.5008	1.24547	1660.91	-152.299	-306.394	4976.2	0.000311811	492.553
36.5520	-3.73822	-30.3889	0.330264	25.187	-0.0786402	47.2658	4.11604	-56.2393	1.22082	1661.5	-151.341	-306.849	4976.04	-0.000603745	493.32
36.5527	-2.82407	-27.9402	0.022518	24.555	-0.0786402	40.8636	3.83128	-35.8201	1.19616	1661.07	-151.5	-307.305	4976.04	-0.000298575	494.692
36.5533	-2.22008	-26.6845	-0.585468	24.555	-0.393201	38.7032	2.89935	-11.7093	1.16559	1660.32	-151.98	-308.232	4975.13	0.000159203	496.366
36.5540	-2.53023	-22.7289	-0.285228	20.8989	-0.694655	37.4912	2.89935	35.5894	1.14784	1660.15	-152.14	-308.997	4974.37	-0.000145967	497.598
36.5547	-2.82407	-16.0107	0.630503	14.4893	-0.0786402	33.5392	1.9933	67.9486	1.11727	1660.48	-151.82	-309.143	4974.06	6.59448e-006	499.11
36.5553	-2.53023	-11.7412	0.630503	11.465	0.222814	27.4268	0.776611	-23.8801	1.09262	1660.48	-151.5	-309.29	4974.21	0.000159203	500.342
36.5560	-2.53023	-8.41347	0.022518	9.61438	-0.393201	19.1803	1.06137	-240.877	1.06205	1660.64	-151.341	-310.055	4973.91	0.000159203	501.853
36.5567	-2.22008	-1.06738	0.330264	3.20479	-0.0786402	6.98185	1.68266	-280.562	1.0374	1661.66	-150.462	-310.055	4973.75	-0.000145967	503.225
36.5573	-1.30593	8.41347	0.330264	-5.05545	0.222814	-3.71487	2.30395	-63.5648	1.01373	1663.5	-148.784	-308.834	4974.67	-0.000603745	503.853
36.5580	-1.59976	12.683	0.022518	-7.76372	0.222814	-9.51113	3.20999	70.0828	0.989077	1664.74	-147.425	-307.923	4975.74	-0.000298575	504.923
36.5587	-1.30593	11.7412	0.630503	-5.95821	0.524268	-16.8355	3.20999	27.3986	0.964424	1664.74	-146.147	-307.158	4976.65	0.000616981	505.829
36.5593	-1.30593	11.4272	0.938249	-5.64224	0.825722	-27.2161	2.30395	-71.1787	0.933855	1664.15	-145.428	-306.556	4976.65	0.000464373	506.434
36.5600	-2.22008	9.60642	0.630503	-2.88883	1.44174	-36.6745	2.5887	-122.746	0.916104	1663.34	-146.626	-307.777	4974.67	-0.000298575	508.434
36.5607	-1.30593	4.39509	0.938249	3.20479	2.05775	-40.0205	3.20999	-82.1959	0.891451	1662.91	-147.825	-309.143	4973.14	6.59448e-006	511.177
36.5613	-0.99577	-1.69525	0.630503	8.39565	0.524268	-39.4145	3.52064	-95.0011	0.860882	1662.42	-147.825	-309.745	4972.53	-0.000145967	512.549
36.5620	-2.22008	-3.20214	0.330264	8.71162	0.222814	-40.3367	2.5887	-159.373	0.830312	1661.99	-147.825	-310.364	4972.08	-0.000756307	513.316
36.5627	-2.22008	-4.70903	0.330264	10.2012	0.222814	-43.0767	1.68266	-151.76	0.805659	1662.42	-147.425	-310.055	4972.84	-0.000145967	514.688
36.5633	-2.22008	-9.60642	0.630503	16.024	-0.393201	-47.9508	1.06137	-68.7561	0.775089	1663.82	-146.307	-308.997	4974.06	0.000464373	516.362
36.5640	-1.90992	-9.92036	0.022518	17.2427	-0.393201	-52.219	0.155322	176.62	0.750436	1664.26	-146.147	-308.997	4974.37	0.000311811	517.269
36.5647	-1.59976	-1.69525	-0.285228	8.98245	-0.0786402	-51.3232	-0.750724	460.412	0.72677	1664.15	-146.307	-309.599	4973.91	0.000311811	518.036
36.5653	-2.22008	9.60642	0.022518	-1.35414	-0.393201	-45.8168	-1.37201	452.51	0.6962	1664.58	-145.987	-309.745	4973.6	0.000159203	519.408
36.5660	-1.90992	17.8315	0.630503	-9.61438	0.524268	-37.2805	-1.68266	274.275	0.671547	1665.34	-145.428	-310.055	4973.75	6.59448e-006	520.78
36.5667	-1.90992	24.2358	0.630503	-18.1454	0.524268	-32.6962	-1.68266	146.107	0.652811	1665.07	-145.587	-310.364	4973.3	-0.000298575	521.547
36.5673	-2.53023	35.8514	0.330264	-30.6487	-0.0786402	-37.2805	-1.96742	-170.391	0.622241	1663.66	-146.147	-311.584	4971.62	-0.000145967	522.756
36.5680	-2.22008	49.9157	0.022518	-43.197	-0.393201	-49.7951	-3.49475	-646.146	0.598574	1662.91	-146.307	-312.658	4970.7	0.000464373	525.058
36.5687	-1.90992	56.0061	0.022518	-46.2212	-0.996109	-60.1493	-3.20999	-517.978	0.568004	1663.23	-145.268	-312.804	4970.55	0.000311811	526.43
36.5693	-2.22008	51.4226	0.022518	-39.8117	-1.61212	-58.0153	-1.37201	161.681	0.543351	1663.66	-144.309	-312.202	4970.86	6.59448e-006	526.732
36.5700	-2.53023	44.0765	0.630503	-32.8153	-1.61212	-44.6048	-0.155322	363.681	0.524615	1664.9	-142.631	-310.51	4972.99	0.000922151	527.639
36.5707	-3.13423	37.6722	0.938249	-26.4057	-1.61212	-30.8782	1.37201	52.0862	0.494046	1667.17	-139.435	-307.614	4975.89	0.00122732	528.871
36.5713	-3.73822	27.9402	0.630503	-19.0933	-1.31067	-19.8917	2.89935	-174.371	0.464462	1669.33	-136.558	-306.084	4976.5	0.000311811	530.243
36.5720	-3.44438	14.8177	0.630503	-11.7359	-1.61212	-6.45492	2.30395	-282.35	0.439809	1669.44	-136.079	-306.849	4975.74	0.000159203	531.452
36.5727	-2.53023	4.70903	0.330264	-5.64224	-2.21503	4.24181	2.5887	-165.488	0.415156	1668.84	-136.558	-307.305	4975.13	0.000769543	532.987
36.5733	-1.59976	-2.88821	-0.585468	0.767345	-2.52959	11.5662	4.73733	216.305	0.384586	1669.01	-136.398	-307.467	4974.98	0.000464373	534.661
36.5740	-1.30593	-12.9969	-1.20096	7.17693	-2.21503	29.8771	6.57531	450.376	0.354017	1669.17	-135.519	-307.923	4974.67	0.000159203	535.893
36.5747	-1.30593	-24.5497	-0.585468	14.4893	1.14028	54.274	6.26466	441.204	0.329364	1669.44	-134.56	-307.777	4974.21	0.000159203	536.963
36.5753	-1.30593	-33.4027	0.330264	24.555	4.19414	68.0006	6.57531	282.811	0.305697	1669.76	-134.001	-307.923	4974.21	0.000159203	538.474
36.5760	-0.685612	-39.807	0.022518	31.9125	2.96211	69.2389	7.792	24.9183	0.275127	1669.92	-132.723	-308.525	4974.52	0.000464373	540.171
36.5767	-0.685612	-44.3905	-0.585468	35.8395	1.14028	63.7325	9.00869	-65.4106	0.250474	1670.09	-131.844	-308.688	4974.52	6.59448e-006	540.915
36.5773	-1.90992	-45.9601	0.330264	37.6902	0.825722	54.274	9.00869	163.469	0.225821	1671.27	-130.485	-308.232	4975.13	-0.000603745	541.845
36.5780	-3.13423	-43.5114	0.938249	35.5687	0.825722	44.8156	7.792	448.818	0.195252	1672.84	-128.807	-307.158	4976.35	6.59448e-006	542.613
36.5787	-3.44438	-37.1072	0.630503	30.9646	0.825722	33.8291	5.95402	480.889	0.177501	1673.27	-127.449	-306.556	4976.65	-0.000145967	543.217
36.5793	-4.04838	-30.7029	0.330264	26.4057	0.524268	24.0545	5.04797	221.15	0.146932	1673.59	-126.49	-306.703	4975.89	-0.000908915	544.891
36.5800	-4.04838	-20.9081	0.630503	17.5587	0.222814	22.8425	5.95402	-215.555	0.110445	1672.68	-127.449	-308.069	4974.98	-0.000603745	547.17
36.5807	-3.13423	1.06738	0.022518	-1.98607	0.825722	21.9204	7.792	-492.656	0.091709	1671	-128.008	-309.599	4973.14	-0.000298575	548.867
36.5813	-3.13423	27.3124	-0.585468	-24.2391	1.14028	6.37588	7.792	-576.236	0.0670561	1670.09	-127.848	-310.217	4972.38	6.59448e-006	549.774
36.5820	-3.44438	45.8974	-0.585468	-39.2249	0.524268	-20.1815	6.57531	-873.814	0.0364864	1670.09	-127.689	-310.819	4972.38	0.000311811	550.844
36.5827	-2.53023	56.6339	-0.585468	-48.9747	0.222814	-41.2325	5.04797	-1046.86	0.00591671	1671.43	-126.33	-310.364	4972.53	-0.000145967	552.82
36.5833	-2.53023	54.1852	-0.893213	-46.5372	0.222814	-44.2887	4.73733	-575.948	-0.0177501	1672.84	-124.812	-308.997	4973.45	-0.000451137	554.355
36.5840	-3.13423	37.3583	0.022518	-31.9125	0.222814	-36.6745	4.42668	118.65	-0.0483198	1673.27	-124.652	-308.834	4973.45	-0.000603745	554.82
36.5847	-3.44438	21.536	1.54623	-19.3642	0.222814	-27.2161	3.20999	425.342	-0.0729728	1673.11	-124.492	-309.29	4973.3	-0.000603745	555.424
36.5853	-2.82407	10.5482	1.24599	-11.1491	0.524268	-11.935	2.30395	317.882	-0.0976258	1673	-123.613	-308.834	4974.06	6.59448e-006	556.935
36.5860	-2.22008	-2.26033	0.630503	-1.35414	0.524268	12.4619	0.776611	181.811	-0.128195	1673.59	-122.415	-308.379	4974.37	6.59448e-006	558.47
36.5867	-2.53023	-11.7412	0.330264	5.64224	-0.694655	31.695	-1.06137	164.103	-0.152848	1673.76	-122.415	-308.997	4973.75	6.59448e-006	559.842
36.5873	-2.82407	-14.8177	-0.585468	9.61438	-0.996109	35.6733	-2.5887	111.325	-0.176515	1672.84	-123.134	-310.673	4972.69	0.000159203	561.516
36.5880	-2.22008	-17.8315	-0.585468	14.8052	0.825722	33.2231	-3.20999	72.5631	-0.207085	1672.08	-123.773	-312.202	4971.16	6.59448e-006	562.888
36.5887	-2.22008	-22.101	0.022518	20.5829	1.74319	29.8771	-3.8054	90.2136	-0.237655	1671.6	-123.933	-312.951	4970.55	6.59448e-006	563.818
36.5893	-2.53023	-24.8637	0.630503	24.555	1.74319	29.2447	-3.20999	51.1633	-0.262308	1672.51	-123.134	-312.202	4971.62	0.000616981	565.19
36.5900	-1.90992	-26.1194	0.330264	24.871	1.44174	33.8291	-1.68266	43.5494	-0.286961	1675.27	-120.577	-310.217	4973.14	0.000464373	566.864
36.5907	-0.99577	-22.101	0.330264	18.7774	0.825722	34.435	-2.5887	35.0126	-0.31753	1677.53	-118.579	-308.379	4974.98	6.59448e-006	567.631
36.5913	-0.99577	-15.1317	-0.285228	10.8331	0.222814	29.8771	-5.02209	-27.2256	-0.3481	1678.18	-117.94	-308.069	4976.04	0.000464373	568.096
36.5920	-1.59976	-13.8759	-0.893213	7.76372	-0.0786402	28.349	-6.54942	55.1433	-0.371767	1678.45	-117.78	-308.069	4975.43	0.000922151	569.305
36.5927	-1.90992	-14.5038	-0.285228	8.71162	-0.393201	30.483	-5.64338	148.241	-0.39642	1678.61	-117.301	-308.379	4974.98	0.000159203	570.212
36.5933	-2.22008	-10.5482	0.022518	6.27417	-0.694655	32.6171	-3.8054	50.5865	-0.426989	1678.02	-117.221	-308.525	4974.82	-0.000451137	570.979
36.5940	-2.53023	-6.84379	-0.285228	3.52076	-1.61212	34.435	-1.96742	23.4186	-0.451642	1678.02	-117.221	-308.525	4974.67	-0.000298575	572.514
36.5947	-1.59976	-8.97855	-0.285228	5.32628	-1.91358	34.1452	-0.155322	104.288	-0.469393	1678.45	-116.742	-308.525	4974.67	-0.000145967	574.188
36.5953	-0.99577	-11.1133	-0.285228	7.4929	-1.31067	27.1107	1.06137	76.4854	-0.506865	1678.61	-116.262	-308.379	4974.52	-0.000298575	575.095
36.5960	-0.99577	-8.09953	-0.893213	5.95821	-1.31067	18.2582	0.465967	10.6134	-0.543351	1678.61	-116.102	-308.069	4974.82	-0.000298575	576.164
36.5967	-0.391778	-4.39509	-1.20096	4.73948	-1.31067	13.3841	0.465967	54.2204	-0.555185	1679.37	-115.543	-307.467	4974.98	-0.000145967	577.094
36.5973	-0.0816205	-3.83001	-0.893213	5.32628	-0.694655	9.11593	1.37201	182.388	-0.585755	1680.93	-113.945	-306.247	4975.43	-0.000603745	577.536
36.5980	-0.391778	-1.69525	-0.285228	3.83672	-0.393201	0.869438	0.776611	209.845	-0.616324	1681.8	-112.187	-305.027	4976.96	-0.000908915	578.164
36.5987	-0.391778	4.70903	-0.285228	-1.35414	-0.996109	-8.589	1.9933	92.4055	-0.63506	1682.61	-111.228	-304.718	4977.57	-0.000298575	579.536
36.5993	-0.685612	8.09953	0.022518	-4.10755	-1.61212	-12.8571	3.52064	-157.874	-0.658727	1682.72	-111.708	-305.027	4976.2	0.000159203	581.21
36.6000	-0.685612	6.27871	0.630503	-1.35414	-1.91358	-15.3074	2.5887	-460.931	-0.689297	1681.53	-112.427	-306.703	4974.37	6.59448e-006	582.581
36.6007	-0.685612	4.39509	0.630503	-0.767345	-1.91358	-20.1815	1.9933	-519.824	-0.719867	1679.69	-113.545	-308.834	4973.3	0.000159203	584.116
36.6013	-0.685612	5.02297	0.330264	-1.98607	-1.91358	-21.3935	1.9933	-257.951	-0.750436	1679.1	-114.105	-310.055	4972.23	6.59448e-006	585.488
36.6020	-0.391778	4.39509	0.022518	-1.08331	-1.61212	-19.2594	1.06137	21.8612	-0.775089	1679.1	-113.865	-310.673	4971.77	-0.000298575	586.557
36.6027	-0.0816205	2.88821	0.022518	-0.451379	-1.61212	-18.3636	0.776611	132.667	-0.805659	1680.02	-112.027	-310.055	4973.3	-0.000145967	587.929
36.6033	0.832529	2.26033	-0.585468	-0.767345	-1.31067	-14.9912	-0.155322	159.2	-0.830312	1680.93	-110.189	-309.452	4974.82	6.59448e-006	588.999
36.6040	1.14269	1.69525	-1.20096	1.6701	-0.393201	-12.2512	-1.06137	103.365	-0.860882	1681.69	-109.23	-310.217	4974.06	-0.000603745	589.743
36.6047	0.522371	-2.00919	-1.5012	5.95821	-0.393201	-13.1733	-1.06137	93.9052	-0.878632	1682.28	-108.352	-310.51	4973.14	-0.000908915	590.371
36.6053	0.228537	-3.20214	-0.585468	4.42352	-0.0786402	-12.8571	-0.750724	204.076	-0.909202	1682.12	-107.393	-309.745	4973.75	6.59448e-006	591.742
36.6060	-0.391778	5.65084	0.022518	-5.64224	0.524268	-16.2295	-1.06137	233.667	-0.939771	1682.12	-106.993	-309.29	4974.06	0.000464373	593.417
36.6067	-1.59976	12.683	-0.585468	-9.93034	0.222814	-25.9778	-1.96742	226.976	-0.958507	1682.45	-106.993	-309.452	4973.3	6.59448e-006	594.184
36.6073	-1.90992	10.5482	-1.20096	-4.73948	-0.393201	-35.4362	-3.49475	127.476	-0.989077	1681.37	-107.872	-310.217	4971.92	-0.000145967	595.091
36.6080	-1.90992	9.92036	-0.585468	-2.88883	0.222814	-40.6265	-5.33273	-200.904	-1.01274	1680.45	-108.352	-310.673	4970.86	-0.000298575	596.625
36.6087	-2.22008	11.7412	-0.585468	-5.05545	0.524268	-41.5486	-5.95402	-366.911	-1.04331	1680.77	-108.192	-310.364	4970.86	0.000159203	597.997
36.6093	-1.90992	12.9969	-0.585468	-5.64224	0.222814	-38.4924	-3.8054	-94.7127	-1.06797	1681.96	-107.233	-309.29	4971.77	0.000616981	599.206
36.6100	-0.99577	10.8622	-0.585468	-5.64224	0.222814	-32.38	-1.96742	255.932	-1.09854	1683.53	-104.836	-307.158	4973.6	0.000311811	599.973
36.6107	-0.391778	5.02297	0.022518	-3.83672	-0.0786402	-26.2939	-1.06137	342.339	-1.12911	1685.63	-102.199	-305.027	4975.89	6.59448e-006	600.741
36.6113	-0.0816205	3.20214	0.022518	-2.57286	0.524268	-23.8437	-0.465967	188.791	-1.15376	1686.87	-101.16	-304.718	4976.2	6.59448e-006	601.508
36.6120	0.522371	6.52986	-0.893213	-4.42352	2.05775	-21.3935	-0.465967	-104.749	-1.17743	1686.39	-101.32	-305.629	4974.98	0.000159203	601.81
36.6127	1.74668	8.09953	-1.20096	-5.05545	2.66066	-19.8917	-0.750724	-397.713	-1.20208	1686.22	-101.16	-306.703	4974.21	-0.000145967	603.322
36.6133	1.74668	5.65084	-0.893213	-2.30203	1.74319	-24.4497	-0.465967	-429.149	-1.23265	1686.71	-101	-307.467	4974.21	-0.000603745	604.391
36.6140	0.228537	1.38132	-0.585468	0.767345	0.825722	-27.2161	0.155322	-149.914	-1.26322	1686.22	-101	-308.069	4974.37	-0.000298575	605.158
36.6147	-0.685612	-1.69525	-0.893213	2.57286	0.524268	-20.4977	1.9933	169.006	-1.28787	1686.55	-100.281	-308.232	4974.37	0.000464373	607.158
36.6153	-0.99577	-4.39509	-0.585468	5.05545	-0.0786402	-6.13876	4.11604	284.946	-1.31252	1687.14	-99.8017	-308.688	4974.21	0.000159203	608.367
36.6160	-1.30593	-8.09953	0.022518	8.39565	0.222814	10.644	4.73733	295.905	-1.34309	1687.03	-100.281	-309.29	4973.91	-0.000451137	609.274
36.6167	-0.99577	-8.41347	-0.893213	6.27417	0.524268	24.6868	4.11604	287.368	-1.36676	1687.79	-99.1624	-308.688	4974.67	6.59448e-006	610.506
36.6173	-0.0816205	-2.00919	-1.20096	-2.30203	1.14028	34.1452	3.52064	32.2439	-1.3855	1689.62	-97.0849	-307.467	4976.04	-0.000145967	611.273
36.6180	0.522371	5.02297	-0.585468	-9.93034	1.74319	38.4134	4.42668	-301.904	-1.41607	1690.97	-95.9662	-306.703	4976.2	-0.000603745	611.576
36.6187	0.228537	10.8622	-0.585468	-16.9267	1.74319	36.8853	4.42668	-336.109	-1.44072	1690.97	-96.126	-306.556	4976.5	6.59448e-006	612.18
36.6193	0.228537	17.5176	-0.893213	-24.555	1.14028	28.6388	4.11604	-130.071	-1.46439	1690.54	-95.4868	-306.556	4976.35	-0.000298575	613.413
36.6200	0.522371	17.2664	-0.893213	-24.2391	0.524268	18.5744	5.04797	-25.7259	-1.48904	1689.46	-96.2858	-307.467	4974.37	-0.000908915	615.087
36.6207	0.832529	7.7856	-0.585468	-12.3678	-0.0786402	14.596	5.33273	-117.266	-1.51961	1688.22	-98.2835	-308.688	4972.53	-0.000298575	616.761
36.6213	0.522371	-5.3369	-0.893213	3.83672	-0.694655	17.6522	4.73733	-81.273	-1.53835	1687.79	-99.6419	-309.599	4971.31	-0.000145967	618.295
36.6220	0.832529	-17.8315	-0.893213	16.6108	-0.0786402	26.8209	3.83128	129.61	-1.56201	1687.14	-100.121	-309.452	4971.01	6.59448e-006	618.9
36.6227	1.43652	-27.3124	-0.585468	24.2842	0.222814	37.4912	2.30395	214.459	-1.59258	1687.79	-99.1624	-308.525	4971.77	0.000464373	620.109
36.6233	1.14269	-33.7167	-1.20096	28.2112	-0.0786402	40.5474	0.465967	110.69	-1.61723	1689.89	-97.3246	-307.305	4972.99	0.000616981	621.806
36.6240	1.14269	-35.8514	-1.5012	28.5272	0.222814	33.8291	-0.155322	-43.1456	-1.64189	1690.65	-96.4456	-306.703	4974.21	6.59448e-006	622.109
36.6247	1.14269	-31.268	-0.893213	24.555	0.524268	23.4485	-0.155322	-136.186	-1.66654	1690.38	-96.6055	-306.849	4974.06	-0.000908915	622.411
36.6253	1.43652	-21.536	-0.893213	16.024	1.14028	13.3841	-0.465967	-79.4272	-1.69021	1690.54	-97.0849	-306.849	4973.14	-0.000451137	623.922
36.6260	1.14269	-13.2481	-1.20096	9.29841	0.825722	5.45375	-1.68266	-32.4169	-1.71486	1691.14	-96.7653	-306.849	4973.75	0.000159203	625.294
36.6267	0.228537	-10.2343	-1.80894	8.07969	0.222814	-1.5808	-2.89935	-148.991	-1.74543	1691.46	-96.7653	-307.467	4973.91	0.000159203	626.224
36.6273	1.43652	-5.3369	-2.41693	6.27417	0.524268	-8.27284	-2.89935	-216.766	-1.77008	1690.54	-98.2835	-308.997	4972.23	-0.000145967	627.294
36.6280	2.05684	-0.753445	-3.33266	2.57286	0.222814	-13.1733	-2.89935	-171.313	-1.78783	1689.62	-99.1624	-310.055	4970.86	0.000311811	628.665
36.6287	0.832529	-0.125574	-4.24839	1.35414	-0.393201	-18.9696	-3.20999	-91.0211	-1.81249	1689.62	-99.1624	-310.217	4970.7	0.000464373	629.735
36.6293	1.14269	2.26033	-4.55614	-0.767345	-1.31067	-24.1598	-3.49475	67.9486	-1.83714	1690.54	-98.4433	-309.452	4971.77	0.000159203	630.502
36.6300	2.05684	6.52986	-3.64041	-3.52076	-1.31067	-25.3718	-3.8054	72.5631	-1.86179	1692.38	-96.9251	-307.467	4973.75	0.000159203	631.409
36.6307	2.66083	9.60642	-3.03242	-4.73948	-0.694655	-26.2939	-3.49475	-138.031	-1.88546	1695.08	-94.9274	-305.629	4974.98	0.000464373	632.781
36.6313	2.66083	15.3828	-3.03242	-9.29841	-0.393201	-29.9561	-2.27806	-92.8669	-1.91011	1696.32	-93.7289	-304.718	4975.59	0.000311811	633.246
36.6320	2.36699	19.9663	-3.03242	-13.2706	-0.393201	-33.3021	-1.96742	28.8983	-1.92885	1695.4	-94.1284	-305.027	4975.59	6.59448e-006	632.618
36.6327	2.36699	20.2802	-3.33266	-13.5865	0.222814	-37.5703	-3.20999	-63.5648	-1.95942	1694.97	-94.448	-305.336	4975.28	0.000311811	633.85
36.6333	2.36699	26.6845	-3.03242	-19.3642	0.524268	-51.007	-2.89935	61.546	-1.97717	1695.4	-94.7676	-305.938	4974.67	0.000464373	635.827
36.6340	2.66083	37.6722	0.022518	-30.0619	0.825722	-66.5779	-0.465967	163.469	-1.9959	1695.56	-94.9274	-306.394	4974.37	-0.000145967	636.757
36.6347	2.97098	41.0627	4.29343	-34.034	1.14028	-67.4737	1.37201	-36.3969	-2.02056	1695.72	-94.9274	-306.247	4974.37	6.59448e-006	637.664
36.6353	3.28114	39.4931	5.51691	-31.2806	0.825722	-57.4093	1.06137	147.318	-2.05113	1695.99	-95.2471	-306.394	4974.06	0.000159203	638.733
36.6360	3.28114	36.7932	4.60117	-27.9404	0.524268	-50.4011	0.155322	645.973	-2.07479	1696.16	-95.2471	-306.703	4974.06	-0.000451137	639.035
36.6367	2.36699	26.9984	2.46197	-20.8989	0.222814	-41.2325	-0.465967	599.251	-2.09945	1696.32	-94.9274	-306.084	4974.82	0.000311811	639.64
36.6373	2.05684	12.0551	1.85398	-9.93034	0.222814	-25.688	-0.465967	69.7944	-2.11818	1697.56	-94.2882	-305.482	4975.59	0.000922151	640.872
36.6380	1.14269	1.38132	1.85398	-1.35414	0.524268	-10.1171	-0.750724	-238.108	-2.13593	1699.07	-93.4092	-304.571	4976.81	0.000311811	641.64
36.6387	0.522371	-6.27871	1.24599	3.83672	0.222814	9.11593	-1.37201	-79.4272	-2.15467	1699.66	-92.77	-304.262	4977.57	6.59448e-006	641.779
36.6393	1.14269	-16.6386	1.54623	9.93034	0.222814	35.6733	-0.750724	150.375	-2.17242	1698.91	-93.4092	-305.173	4976.2	-0.000298575	642.849
36.6400	1.43652	-27.3124	1.54623	18.7774	0.222814	53.3519	0.155322	6.34494	-2.19707	1698.15	-94.7676	-306.394	4974.21	-0.000451137	645.29
36.6407	1.43652	-32.2098	0.630503	24.555	0.524268	55.5123	1.37201	-289.676	-2.22173	1697.56	-96.2858	-308.232	4972.84	-0.000451137	647.127
36.6413	1.43652	-30.7029	0.938249	24.871	1.14028	53.6681	2.5887	-385.83	-2.24638	1696.64	-96.9251	-309.143	4972.38	-0.000756307	646.825
36.6420	1.74668	-30.3889	0.938249	25.7738	1.14028	55.1962	3.20999	-348.914	-2.26413	1696.16	-96.6055	-308.997	4972.84	-0.000451137	646.662
36.6427	2.36699	-27.3124	0.330264	22.4336	0.524268	53.0621	3.20999	-229.572	-2.28287	1696.91	-96.126	-308.834	4973.14	0.000464373	648.499
36.6433	1.74668	-13.562	0.022518	8.39565	-0.0786402	42.3654	2.89935	-70.8903	-2.30653	1698.31	-95.6466	-308.997	4973.14	0.000311811	650.173
36.6440	1.14269	3.83001	0.330264	-6.86097	-0.0786402	25.5826	2.5887	13.9589	-2.32527	1699.39	-94.7676	-308.232	4972.99	6.59448e-006	650.777
36.6447	1.74668	13.562	0.330264	-12.9546	0.524268	7.58783	1.9933	6.63335	-2.344	1699.66	-93.9686	-307.305	4973.6	0.000311811	651.405
36.6453	2.05684	8.97855	0.330264	-7.4929	0.524268	-3.39871	1.06137	40.2039	-2.36767	1699.39	-94.6078	-307.777	4974.06	0.000769543	652.01
36.6460	2.36699	-2.57427	0.630503	3.20479	0.524268	-4.00469	0.465967	289.849	-2.38641	1699.83	-95.0873	-308.379	4973.14	0.000464373	652.916
36.6467	2.66083	-6.84379	0.630503	8.07969	0.825722	-5.84895	0.776611	430.533	-2.40416	1699.66	-94.7676	-308.232	4972.53	-0.000145967	653.684
36.6473	2.36699	-5.02297	-0.285228	7.4929	0.825722	-15.3074	1.06137	110.69	-2.42289	1698.31	-96.126	-309.143	4971.92	0.000311811	654.753
36.6480	2.66083	-6.27871	0.022518	9.61438	0.825722	-22.9216	0.465967	-92.8669	-2.44163	1697.67	-97.6442	-310.673	4970.7	0.000922151	656.427
36.6487	2.36699	-13.2481	0.630503	15.392	1.14028	-21.3935	-0.155322	102.154	-2.4653	1697.99	-96.9251	-310.055	4970.7	0.000311811	656.729
36.6493	2.05684	-19.4012	0.330264	18.7774	1.14028	-14.7014	0.465967	28.6099	-2.48995	1699.07	-95.4069	-308.525	4972.23	6.59448e-006	656.892
36.6500	2.36699	-14.8177	0.630503	12.0518	1.44174	-7.37705	0.776611	-279.927	-2.50277	1701.34	-93.9686	-307.305	4973.91	0.000464373	657.497
36.6507	2.36699	0.43951	0.938249	-4.10755	1.44174	-1.87061	0.155322	-326.303	-2.5146	1703.33	-92.1308	-306.247	4975.28	0.000464373	658.101
36.6513	2.97098	16.6386	0.330264	-19.3642	2.05775	3.00351	-0.750724	-244.511	-2.53235	1704.41	-90.4528	-304.864	4976.04	0.000311811	658.869
36.6520	3.28114	24.2358	-0.285228	-24.871	1.74319	10.644	-0.750724	-183.196	-2.55109	1704.85	-88.6149	-304.571	4975.59	0.000159203	659.938
36.6527	3.88513	24.2358	0.022518	-23.0203	1.74319	17.3624	-0.750724	-246.645	-2.57574	1704.58	-86.6972	-305.173	4975.13	-0.000145967	661.008
36.6533	3.88513	24.5497	-0.285228	-21.2148	1.44174	12.4619	-1.96742	-301.616	-2.59349	1704.09	-84.6996	-305.336	4974.82	0.000159203	661.938
36.6540	3.57498	23.3568	0.022518	-17.5587	0.825722	0.579626	-1.96742	-102.038	-2.61223	1704.25	-81.5034	-305.336	4974.21	0.000311811	662.845
36.6547	2.97098	17.2664	0.630503	-10.2012	0.825722	-8.27284	-1.06137	115.593	-2.63096	1704.74	-76.8689	-304.718	4974.37	6.59448e-006	663.612
36.6553	1.74668	8.41347	0.938249	-2.57286	0.222814	-9.19497	-2.27806	253.221	-2.64872	1704.74	-73.1133	-304.409	4974.21	0.000159203	664.054
36.6560	1.14269	0.125574	0.630503	3.20479	-0.0786402	-0.948478	-2.5887	425.342	-2.66745	1704.41	-69.9171	-304.718	4974.21	6.59448e-006	664.821
36.6567	0.832529	-3.83001	0.022518	3.20479	0.524268	12.1721	-1.96742	597.463	-2.67928	1705.33	-66.0816	-303.953	4975.43	0.000159203	665.588
36.6573	0.228537	-6.59264	0.022518	2.57286	0.222814	30.483	-1.68266	576.409	-2.69112	1707.17	-62.7256	-302.733	4975.89	0.000159203	666.495
36.6580	0.228537	-10.5482	0.630503	5.05545	0.524268	46.9497	-1.68266	225.13	-2.70985	1708.52	-60.5682	-302.131	4976.04	6.59448e-006	667.123
36.6587	1.43652	-9.92036	0.022518	4.73948	1.14028	49.3999	-1.68266	-185.33	-2.73451	1709.43	-58.5706	-301.203	4976.2	6.59448e-006	667.727
36.6593	2.36699	-8.41347	0.022518	4.42352	0.524268	42.9977	-1.37201	-274.159	-2.75226	1708.68	-57.8514	-300.748	4975.89	-0.000451137	668.332
36.6600	2.36699	-13.2481	0.330264	9.93034	-0.393201	40.2313	-1.96742	-53.8167	-2.76508	1706.09	-59.05	-301.822	4974.06	-0.000145967	669.099
36.6607	2.05684	-19.7151	-0.285228	16.9267	-0.694655	40.5474	-3.20999	146.684	-2.78874	1704.58	-58.8902	-302.586	4972.08	0.000464373	670.773
36.6613	2.05684	-21.222	0.022518	19.9961	-0.393201	37.4912	-3.49475	172.64	-2.80748	1704.58	-56.7327	-302.131	4971.16	0.000159203	672.308
36.6620	2.97098	-20.5942	0.330264	20.3121	-0.694655	32.6171	-3.8054	173.851	-2.8134	1705.33	-53.5365	-301.057	4971.01	-0.000298575	672.75
36.6627	2.36699	-19.4012	-0.285228	19.6801	-0.996109	27.4268	-2.5887	247.741	-2.83213	1706.09	-49.6212	-299.072	4971.62	-0.000451137	672.75
36.6633	1.43652	-17.2664	-0.285228	19.6801	-0.694655	18.2582	-1.37201	324.63	-2.85679	1706.52	-44.9867	-296.778	4972.69	-0.000603745	673.215
36.6640	1.14269	-15.3828	0.330264	18.7774	-0.393201	6.37588	-0.750724	214.748	-2.87454	1707.76	-41.2311	-294.955	4973.6	-0.000298575	674.284
36.6647	1.43652	-10.2343	0.330264	14.4893	-0.0786402	-4.92682	0.465967	-187.753	-2.88637	1707.76	-39.3933	-294.5	4973.75	6.59448e-006	674.889
36.6653	1.74668	-3.83001	0.330264	9.61438	-0.0786402	-12.8571	1.9933	-439.243	-2.90511	1707.76	-38.7541	-294.793	4972.99	0.000159203	675.191
36.6660	1.43652	2.88821	0.330264	4.42352	-0.0786402	-17.4415	2.89935	-163.642	-2.92976	1708.52	-37.5555	-293.735	4973.14	0.000159203	676.121
36.6667	0.832529	13.562	0.022518	-7.17693	0.222814	-25.3718	4.11604	205.288	-2.94159	1708.08	-37.7153	-293.279	4973.45	0.000159203	677.33
36.6673	0.832529	23.6707	0.330264	-17.8746	0.524268	-33.3021	3.83128	262.335	-2.96033	1706.84	-39.7928	-294.5	4971.77	0.000159203	678.26
36.6680	0.832529	25.8055	0.938249	-19.6801	0.825722	-34.8302	3.20999	167.737	-2.97808	1706.41	-41.0713	-295.102	4970.86	6.59448e-006	678.865
36.6687	0.832529	23.0429	0.938249	-19.0933	0.825722	-32.0902	2.5887	-72.1016	-2.99681	1706.52	-41.9503	-294.044	4971.16	6.59448e-006	679.632
36.6693	0.522371	15.6968	0.630503	-16.024	0.825722	-22.6317	1.68266	-543.3	-3.01457	1707.92	-41.9503	-291.75	4972.38	0.000159203	680.399
36.6700	0.832529	1.38132	0.330264	-3.83672	0.222814	-3.71487	1.06137	-789.253	-3.0333	1710.19	-40.7517	-289.309	4974.21	6.59448e-006	680.701
36.6707	1.43652	-13.2481	0.022518	8.71162	0.524268	15.8343	1.37201	-506.096	-3.05204	1711.86	-39.9526	-287.471	4975.28	6.59448e-006	680.701
36.6713	1.43652	-19.4012	0.022518	15.1212	0.825722	21.0246	1.68266	-52.6054	-3.0757	1712.67	-40.5919	-285.648	4975.89	0.000464373	681.004
36.6720	0.832529	-19.7151	0.330264	18.1454	0.222814	16.7301	1.68266	147.03	-3.09444	1712.51	-41.6306	-284.884	4975.43	0.000311811	681.306
36.6727	0.832529	-18.4594	0.330264	17.5587	-0.0786402	14.9122	2.30395	46.3181	-3.11219	1711.86	-43.3087	-285.193	4974.52	0.000159203	681.911
36.6733	0.832529	-16.6386	1.54623	16.6108	0.222814	15.8343	3.52064	-98.0582	-3.13684	1711.59	-44.9867	-284.428	4974.37	6.59448e-006	683.143
36.6740	0.228537	-18.4594	2.16173	19.6801	0.825722	17.3624	4.42668	-304.327	-3.15558	1712.02	-46.1053	-283.208	4974.37	-0.000298575	683.747
36.6747	-0.391778	-22.7289	1.54623	25.187	0.524268	19.1803	3.52064	-492.022	-3.17333	1712.51	-48.103	-282.752	4974.37	0.000311811	684.352
36.6753	-0.685612	-18.1455	0.938249	23.3363	-0.393201	15.5182	1.9933	-282.984	-3.19207	1712.35	-50.9796	-282.443	4974.21	0.000159203	685.421
36.6760	-0.391778	-2.88821	0.938249	10.2012	-0.996109	3.31967	0.465967	16.6699	-3.21672	1712.78	-52.9772	-281.678	4974.37	-0.000145967	686.654
36.6767	0.228537	9.92036	0.938249	-1.98607	-0.996109	-10.4069	-1.96742	-43.1456	-3.24039	1714.18	-53.8561	-280.149	4975.28	-0.000298575	686.654
36.6773	0.228537	16.6386	0.630503	-8.98245	-0.996109	-24.1598	-4.73733	-221.035	-3.25321	1714.62	-55.2145	-278.782	4976.2	0.000159203	686.352
36.6780	-0.0816205	29.1332	0.330264	-21.5308	-1.31067	-42.1546	-5.95402	-116.055	-3.27096	1715.86	-56.0136	-278.017	4976.96	0.000769543	687.561
36.6787	-0.391778	48.0949	0.630503	-38.5929	-0.393201	-61.0715	-4.73733	215.959	-3.29561	1717.21	-56.0136	-276.944	4976.65	-0.000145967	688.328
36.6793	-0.99577	59.3338	1.24599	-47.7559	0.524268	-74.798	-4.42668	385.946	-3.32026	1716.02	-57.6916	-276.944	4975.59	-0.000603745	688.467
36.6800	-0.685612	59.6477	1.24599	-47.1691	0.524268	-79.9883	-5.33273	277.62	-3.33801	1714.02	-59.6892	-278.164	4974.06	-0.000145967	690.002
36.6807	0.228537	52.6156	0.630503	-40.7596	0.524268	-70.2401	-4.42668	127.476	-3.35675	1713.27	-60.728	-278.62	4972.84	-0.000298575	690.769
36.6813	1.14269	37.3583	0.630503	-26.7217	0.222814	-49.1891	-2.89935	192.194	-3.37548	1713.1	-61.527	-278.782	4972.08	-0.000603745	691.374
36.6820	1.74668	18.4594	0.330264	-9.93034	0.222814	-30.8782	-1.96742	387.791	-3.39323	1713.54	-61.607	-278.782	4972.23	-0.000298575	691.839
36.6827	1.74668	1.69525	-0.285228	5.05545	-0.393201	-16.8355	-1.96742	393.906	-3.41197	1714.35	-60.8878	-277.708	4973.14	6.59448e-006	692.281
36.6833	2.05684	-16.0107	-0.285228	18.4614	-1.31067	0.869438	-2.89935	207.422	-3.42972	1715.26	-59.3696	-275.577	4974.52	-0.000145967	693.35
36.6840	1.74668	-29.4471	0.022518	27.3084	-0.694655	15.2283	-3.8054	81.6767	-3.45437	1715.86	-58.5706	-274.812	4974.52	-0.000298575	693.815
36.6847	1.43652	-34.6585	0.330264	30.0619	1.14028	23.7646	-3.49475	94.1936	-3.47311	1715.7	-59.2098	-275.723	4972.99	6.59448e-006	693.815
36.6853	1.14269	-38.3001	0.022518	32.4993	0.825722	38.4134	-2.89935	175.986	-3.48494	1715.7	-59.3696	-275.414	4972.38	0.000159203	694.28
36.6860	0.832529	-44.0765	0.022518	36.7874	0.524268	61.3086	-2.5887	316.382	-3.5096	1716.18	-58.0112	-274.047	4973.3	0.000159203	694.722
36.6867	-0.391778	-47.467	0.630503	38.5929	0.524268	77.4591	-2.27806	479.62	-3.53425	1715.86	-57.5318	-273.592	4972.99	0.000159203	695.187
36.6873	-0.685612	-38.614	0.630503	30.3778	-0.0786402	72.2951	-0.465967	536.436	-3.54608	1714.62	-58.2509	-273.738	4971.16	0.000159203	695.954
36.6880	-0.391778	-16.9525	0.630503	12.6838	-0.393201	54.5902	0.155322	358.489	-3.55792	1713.7	-58.4107	-273.445	4970.09	0.000311811	696.861
36.6887	-0.685612	3.20214	0.330264	-4.10755	-1.31067	35.6733	-0.465967	41.4152	-3.58257	1713.7	-57.372	-272.518	4970.86	6.59448e-006	697.326
36.6893	-0.99577	16.6386	0.022518	-16.024	-2.52959	11.856	0.155322	-290.945	-3.60131	1716.02	-55.3743	-270.24	4972.53	6.59448e-006	697.791
36.6900	-0.685612	26.3706	0.630503	-23.9682	-2.21503	-11.6452	1.68266	-662.931	-3.62497	1717.96	-53.3767	-267.637	4974.21	0.000311811	698.233
36.6907	-0.99577	30.954	1.54623	-27.3084	-1.91358	-26.8999	1.9933	-806.961	-3.64371	1719.04	-51.8585	-265.652	4975.59	0.000616981	698.396
36.6913	-0.99577	30.3889	1.24599	-25.187	-1.31067	-36.9643	1.68266	-556.74	-3.66245	1719.96	-50.1805	-264.285	4976.81	0.000616981	699
36.6920	-0.391778	25.1776	0.330264	-18.4614	-1.91358	-43.9988	1.68266	-167.333	-3.68611	1720.28	-50.1805	-264.594	4975.74	0.000159203	699.465
36.6927	-0.685612	19.6524	-0.285228	-12.9546	-2.21503	-48.873	1.68266	138.435	-3.70485	1719.96	-51.459	-264.741	4974.52	-0.000145967	699.767
36.6933	-0.99577	17.2664	0.330264	-11.1491	-1.31067	-48.5568	1.68266	259.335	-3.7295	1719.69	-51.6987	-264.122	4974.67	0.000159203	700.372
36.6940	-0.0816205	9.92036	0.630503	-5.95821	-0.694655	-35.1464	2.89935	215.382	-3.74725	1719.53	-51.1394	-263.667	4974.67	0.000159203	701
36.6947	0.228537	-2.00919	0.330264	2.30203	-1.61212	-15.5972	3.83128	136.647	-3.76599	1719.8	-50.3403	-263.211	4973.91	6.59448e-006	701.302
36.6953	-0.0816205	-9.29249	0.330264	6.545	-2.52959	-1.87061	3.52064	65.8144	-3.78965	1719.96	-50.0207	-262.756	4973.91	0.000159203	701.907
36.6960	-0.0816205	-12.3691	0.630503	7.76372	-3.1325	7.27167	3.20999	-32.763	-3.82022	1720.28	-49.4614	-261.991	4974.06	6.59448e-006	702.511
36.6967	-0.391778	-14.8177	0.938249	10.5171	-2.52959	16.7301	3.52064	-105.961	-3.83896	1721.47	-48.103	-260.461	4974.67	-0.000145967	702.511
36.6973	-0.0816205	-19.7151	0.630503	15.1212	-2.21503	26.2149	3.52064	-124.592	-3.8577	1722.87	-46.2651	-258.786	4976.35	0.000159203	702.813
36.6980	-0.0816205	-23.6707	0.630503	19.0933	-1.31067	37.8074	3.52064	-168.833	-3.88136	1723.47	-44.5871	-257.874	4976.65	-0.000145967	702.813
36.6987	0.228537	-22.7289	0.938249	20.8989	-0.0786402	52.4561	3.52064	-163.642	-3.90602	1723.63	-43.7881	-256.963	4976.65	-0.000603745	702.674
36.6993	0.228537	-19.0873	0.938249	19.3642	-0.0786402	59.1745	4.11604	2.94175	-3.93067	1722.87	-44.2675	-257.565	4975.74	6.59448e-006	703.883
36.7000	0.522371	-16.9525	0.630503	18.1454	-0.0786402	55.8021	4.73733	175.063	-3.94842	1721.36	-44.8268	-258.948	4973.3	-0.000298575	705.255
36.7007	1.14269	-16.9525	0.630503	18.4614	-0.0786402	46.6599	4.73733	230.956	-3.97307	1720.28	-44.7469	-259.241	4972.23	-0.000756307	705.417
36.7013	1.74668	-14.5038	0.630503	14.8052	-0.0786402	33.2231	3.83128	164.68	-3.99181	1719.8	-44.5871	-259.241	4972.38	-0.000298575	705.883
36.7020	1.74668	-8.09953	0.630503	8.07969	-0.0786402	17.6522	3.20999	-63.8532	-4.01646	1720.12	-43.6283	-258.639	4972.08	-0.000145967	706.627
36.7027	0.832529	-2.57427	0.330264	3.52076	0.222814	3.92565	2.30395	-299.481	-4.03421	1721.04	-41.7905	-256.963	4972.69	-0.000145967	706.627
36.7033	0.228537	-1.69525	-0.285228	3.20479	-0.0786402	-5.84895	1.68266	-323.592	-4.05887	1722.71	-38.9139	-254.669	4973.91	-0.000298575	707.859
36.7040	0.832529	-3.51608	-0.285228	5.64224	-0.0786402	-11.6452	1.9933	-213.998	-4.07662	1723.31	-36.7564	-253.302	4974.06	-0.000298575	708.626
36.7047	1.14269	-3.83001	0.022518	8.07969	0.222814	-16.2295	2.89935	-89.8098	-4.09535	1722.28	-36.277	-252.993	4973.45	0.000311811	707.394
36.7053	1.74668	-2.57427	0.022518	10.5171	0.524268	-22.3156	2.5887	57.912	-4.11409	1722.39	-34.599	-251.919	4973.3	0.000311811	707.557
36.7060	1.74668	-0.125574	-0.285228	9.93034	0.825722	-26.5837	2.30395	77.7544	-4.13184	1722.87	-32.921	-250.39	4973.6	-0.000145967	708.324
36.7067	1.74668	4.39509	-0.285228	5.05545	0.524268	-27.822	2.30395	-72.7361	-4.15057	1721.96	-32.8411	-250.097	4972.84	-0.000145967	708.766
36.7073	2.05684	7.47166	0.022518	2.57286	0.524268	-27.822	2.5887	-67.5448	-4.16832	1721.63	-32.3616	-250.39	4971.31	-0.000145967	710.137
36.7080	1.43652	5.02297	0.022518	5.32628	0.524268	-27.2161	2.30395	96.0394	-4.18706	1721.04	-31.5626	-250.097	4970.55	6.59448e-006	710.765
36.7087	0.228537	2.88821	0.330264	5.32628	-0.0786402	-28.428	1.37201	118.304	-4.19889	1720.72	-30.8434	-249.17	4971.01	0.000159203	710.3
36.7093	0.228537	6.27871	0.330264	-1.08331	0.524268	-33.0123	1.06137	161.969	-4.21763	1722.55	-29.0056	-247.038	4972.84	0.000159203	710.3
36.7100	-0.0816205	11.1133	0.022518	-5.32628	1.14028	-39.7043	1.37201	246.184	-4.23538	1724.71	-26.129	-244.288	4974.37	0.000311811	710.3
36.7107	-1.30593	12.683	0.330264	-4.10755	0.825722	-43.3665	0.776611	72.5631	-4.25412	1726.06	-23.652	-241.701	4975.43	0.000311811	710.765
36.7113	-1.59976	16.0107	0.330264	-6.86097	0.524268	-45.8168	0.465967	-149.337	-4.27187	1726.81	-22.2936	-239.716	4976.81	-0.000145967	710.765
36.7120	-0.99577	19.0873	0.022518	-10.5171	0.524268	-47.3449	0.155322	-224.092	-4.28469	1726.71	-22.8529	-239.407	4976.2	0.000159203	710.765
36.7127	-0.99577	15.1317	0.022518	-8.98245	0.825722	-43.6827	-0.465967	-146.568	-4.29652	1725.79	-23.652	-239.407	4974.37	0.000922151	711.207
36.7133	-0.99577	19.9663	-0.585468	-18.1454	1.14028	-42.4707	-1.06137	68.5831	-4.30934	1725.79	-23.652	-238.35	4974.21	0.000311811	711.812
36.7140	-0.685612	37.3583	-0.585468	-35.5687	1.14028	-54.0633	-1.06137	28.2638	-4.32709	1726.38	-23.652	-237.129	4974.21	-0.000145967	712.277
36.7147	-0.685612	45.0183	-0.285228	-39.8117	1.14028	-66.8677	0.155322	-262.219	-4.34583	1726.54	-23.652	-236.055	4974.06	0.000311811	712.579
36.7153	-0.0816205	36.7932	-0.285228	-30.3778	1.44174	-67.7898	1.06137	-260.085	-4.35766	1726.71	-23.652	-235.144	4974.21	-0.000145967	713.044
36.7160	1.14269	29.1332	-0.585468	-23.6523	1.14028	-65.6558	1.9933	67.9486	-4.3764	1726.54	-23.652	-234.07	4974.06	-0.000451137	712.881
36.7167	1.14269	29.1332	-0.585468	-25.187	0.524268	-65.3396	2.30395	320.016	-4.39415	1726.81	-23.4921	-232.394	4974.52	0.000159203	712.742
36.7173	1.43652	26.3706	-0.893213	-26.7217	0.524268	-55.8812	2.5887	291.637	-4.40696	1728.22	-22.6132	-230.263	4975.89	0.000159203	713.346
36.7180	1.74668	14.8177	-0.285228	-19.0933	0.524268	-33.0123	3.20999	214.171	-4.4188	1729.41	-21.6543	-227.969	4977.57	-0.000451137	712.742
36.7187	0.832529	0.43951	0.022518	-7.17693	0.825722	-3.08255	3.20999	349.318	-4.43753	1729.57	-21.9739	-226.749	4976.96	-0.000756307	712.579
36.7193	-0.0816205	-9.92036	0.330264	1.08331	1.14028	28.349	2.89935	444.838	-4.45528	1728.65	-23.9716	-227.66	4974.21	-0.000908915	713.951
36.7200	-0.0816205	-16.0107	0.330264	5.95821	1.14028	52.7459	3.52064	240.07	-4.4681	1727.46	-26.2089	-229.189	4972.23	-0.000603745	715.02
36.7207	-0.391778	-19.9663	-0.285228	7.4929	0.825722	65.8665	3.20999	-182.273	-4.48585	1726.38	-27.807	-228.88	4971.62	-0.000451137	715.183
36.7213	0.228537	-22.415	-1.5012	7.76372	0.825722	78.3812	1.9933	-481.985	-4.50459	1725.79	-28.3664	-227.66	4971.92	-0.000298575	715.485
36.7220	0.228537	-22.415	-2.11669	7.4929	0.825722	94.2682	1.68266	-341.877	-4.51642	1726.54	-28.0467	-226.293	4972.38	-0.000145967	716.09
36.7227	-1.90992	-19.4012	-1.5012	5.95821	-0.0786402	96.0861	1.9933	3.86465	-4.52826	1727.46	-27.807	-224.617	4972.69	-0.000451137	715.95
36.7233	-2.53023	-15.3828	-0.585468	5.64224	-0.0786402	78.3812	1.9933	173.563	-4.55291	1727.73	-27.3276	-222.925	4973.6	6.59448e-006	716.09
36.7240	-1.30593	-13.8759	-0.893213	7.4929	0.222814	58.5422	1.68266	156.778	-4.56573	1728.54	-26.6884	-221.249	4974.52	0.000922151	717.159
36.7247	-1.59976	-13.562	-0.585468	7.4929	-0.0786402	46.9497	0.776611	96.9623	-4.57756	1728.81	-26.2089	-219.882	4974.37	0.000464373	716.857
36.7253	-1.90992	-14.8177	-0.585468	7.4929	0.524268	40.5474	-0.465967	24.6299	-4.59531	1728.22	-26.3687	-218.808	4974.06	-0.000145967	715.95
36.7260	-0.685612	-18.4594	-0.585468	10.2012	1.14028	42.3654	-0.465967	-87.6756	-4.61405	1727.89	-26.3687	-218.206	4973.45	0.000159203	716.253
36.7267	-0.0816205	-22.415	0.022518	14.1733	1.74319	50.928	-0.465967	-170.679	-4.63279	1727.73	-26.6884	-218.044	4972.23	0.000311811	717.159
36.7273	-0.685612	-23.6707	-0.285228	16.3399	1.74319	56.1183	-1.68266	-172.236	-4.64462	1726.71	-27.807	-218.044	4971.01	6.59448e-006	717.462
36.7280	-0.685612	-23.0429	0.022518	17.8746	1.74319	54.5902	-2.27806	-143.799	-4.66336	1726.06	-28.3664	-217.588	4970.4	6.59448e-006	717.764
36.7287	-0.0816205	-22.101	0.330264	18.4614	1.14028	49.0837	-2.27806	-116.343	-4.68111	1726.54	-27.4874	-216.059	4971.01	6.59448e-006	718.392
36.7293	-0.391778	-21.222	-0.585468	17.5587	0.825722	41.7594	-2.27806	-120.035	-4.69393	1728.38	-25.4898	-213.162	4972.99	0.000159203	718.531
36.7300	-0.0816205	-19.7151	-0.585468	16.6108	1.14028	34.435	-1.96742	-173.102	-4.71168	1730.32	-23.652	-210.12	4974.52	0.000159203	718.229
36.7307	0.522371	-17.5804	-0.893213	15.708	0.825722	26.5047	-1.37201	-213.998	-4.73041	1731.73	-22.1338	-208.281	4975.43	6.59448e-006	718.229
36.7313	0.522371	-14.5038	-1.20096	12.6838	0.825722	17.3624	-1.06137	-228.36	-4.74225	1732.48	-21.095	-206.605	4976.2	0.000159203	718.694
36.7320	0.228537	-6.27871	-0.585468	6.27417	1.14028	7.27167	-1.06137	-201.192	-4.76098	1732.91	-20.6156	-205.076	4976.04	0.000311811	719.298
36.7327	-0.391778	5.3369	-0.285228	-2.57286	0.825722	-3.08255	-1.06137	-45.2798	-4.77873	1732.48	-20.6156	-204.767	4975.13	-0.000145967	718.833
36.7333	-0.685612	12.9969	-0.893213	-8.71162	0.825722	-14.3853	-0.465967	84.4454	-4.79155	1731.4	-20.9352	-204.311	4974.67	-0.000451137	718.229
36.7340	-0.0816205	15.6968	-1.5012	-10.2012	0.825722	-27.2161	0.155322	15.8047	-4.8093	1731.24	-20.6156	-203.4	4974.67	-0.000145967	718.531
36.7347	0.832529	19.0873	-0.893213	-13.2706	0.825722	-40.9426	0.776611	-65.9874	-4.82804	1732.32	-18.9375	-202.635	4974.67	0.000159203	719.298
36.7353	1.14269	25.4916	-0.285228	-20.5829	0.825722	-54.3531	1.37201	-44.0108	-4.83987	1732.05	-18.1385	-202.18	4974.06	6.59448e-006	719.763
36.7360	0.522371	27.3124	-0.585468	-22.1176	0.524268	-59.8595	2.30395	18.2273	-4.85861	1731.4	-17.9787	-201.269	4974.06	-0.000298575	719.763
36.7367	0.522371	19.4012	-0.893213	-13.2706	0.825722	-55.5914	2.89935	60.6231	-4.87636	1732.64	-15.5815	-199.121	4975.28	0.000159203	719.601
36.7373	0.832529	8.97855	-0.893213	-3.52076	0.825722	-50.6909	1.9933	114.67	-4.88918	1734.16	-13.4241	-197.299	4976.2	0.000464373	719.298
36.7380	0.522371	2.26033	-1.20096	3.20479	0.825722	-43.3665	1.37201	194.617	-4.88918	1735.07	-11.7461	-195.167	4977.26	-0.000298575	718.833
36.7387	0.228537	-5.65084	-0.893213	10.8331	0.825722	-31.4842	2.5887	93.2707	-4.91284	1734.75	-11.2666	-193.947	4977.72	-0.000451137	719.298
36.7393	0.228537	-16.0107	-0.285228	19.9961	0.222814	-20.1815	2.89935	-77.0045	-4.93158	1733.24	-12.625	-194.858	4975.43	-0.000298575	720.531
36.7400	1.14269	-25.1776	-0.585468	28.2112	0.825722	-10.7231	1.37201	130.821	-4.94341	1732.16	-13.2643	-195.314	4972.84	-0.000603745	720.67
36.7407	2.05684	-25.8055	0.022518	28.2112	1.74319	-4.92682	-0.465967	646.55	-4.95623	1731.24	-13.9035	-195.314	4972.08	-0.000451137	720.531
36.7413	2.05684	-17.8315	-0.285228	19.6801	1.14028	-0.658665	-1.37201	810.768	-4.96807	1730.21	-14.6227	-195.167	4971.77	0.000159203	721.135
36.7420	1.43652	-5.02297	-1.20096	7.4929	0.825722	1.79157	-2.27806	402.154	-4.9799	1730.05	-14.3829	-193.947	4971.62	0.000311811	720.973
36.7427	0.832529	16.9525	-0.585468	-10.8331	1.14028	-6.74473	-2.27806	-61.1422	-4.99272	1731.24	-13.1045	-192.108	4972.08	0.000311811	720.973
36.7433	0.228537	42.5696	-0.585468	-32.1833	0.825722	-26.2939	-2.5887	-554.894	-5.01047	1732.64	-11.2666	-189.814	4973.14	0.000159203	721.903
36.7440	0.228537	55.6921	-0.893213	-45.0025	0.524268	-44.8946	-2.5887	-980.294	-5.02329	1733.4	-9.58863	-187.829	4973.91	6.59448e-006	722.344
36.7447	-0.391778	58.7687	0.022518	-48.0719	0.222814	-58.0153	-2.89935	-690.099	-5.03512	1732.91	-9.58863	-186.771	4973.45	-0.000298575	721.577
36.7453	-1.30593	61.2174	0.330264	-50.1934	0.825722	-69.9239	-3.8054	-43.1456	-5.04794	1732.91	-9.58863	-185.388	4973.45	6.59448e-006	721.74
36.7460	-1.30593	59.3338	-0.285228	-49.6066	1.14028	-76.9585	-5.02209	370.718	-5.05978	1733.24	-9.26901	-183.875	4973.75	0.000159203	722.042
36.7467	-0.391778	48.346	-0.285228	-40.4436	0.524268	-72.664	-5.02209	554.433	-5.07161	1732.16	-10.2279	-183.403	4972.38	-0.000145967	722.205
36.7473	0.228537	32.2098	-0.585468	-26.7217	0.524268	-61.3876	-3.49475	459.489	-5.07753	1730.97	-10.947	-183.11	4971.16	6.59448e-006	722.647
36.7480	-0.0816205	18.7733	-0.893213	-16.024	1.74319	-44.6048	-1.68266	238.224	-5.09626	1730.81	-11.2666	-182.183	4971.01	0.000311811	722.972
36.7487	-0.0816205	10.5482	0.022518	-10.8331	2.05775	-25.688	-0.750724	14.2473	-5.1081	1731.13	-10.947	-180.361	4971.31	0.000159203	722.507
36.7493	0.228537	-0.43951	0.330264	-5.05545	1.44174	-5.24298	-1.37201	-170.044	-5.115	1732.81	-9.58863	-177.465	4972.53	0.000159203	721.903
36.7500	-0.0816205	-16.0107	0.330264	5.32628	1.44174	23.7646	-1.37201	-175.236	-5.12091	1734.48	-8.54986	-174.568	4974.67	0.000464373	721.438
36.7507	0.228537	-28.8193	0.330264	14.8052	1.74319	56.7243	-0.750724	-63.5648	-5.13275	1735.23	-7.91062	-171.819	4976.2	0.000464373	720.833
36.7513	-0.0816205	-39.2419	0.330264	22.4336	2.05775	82.6493	-0.750724	10.9018	-5.15148	1736.31	-7.35128	-169.834	4976.04	-0.000145967	720.368
36.7520	-0.391778	-43.1975	0.022518	26.0897	2.96211	94.2682	-0.155322	-0.115363	-5.16923	1735.67	-8.39005	-169.524	4974.52	6.59448e-006	719.763
36.7527	0.228537	-38.3001	0.022518	23.6523	2.96211	92.4239	0.465967	-24.2261	-5.18205	1734.75	-9.42882	-168.922	4974.06	0.000616981	719.763
36.7533	0.228537	-34.0306	0.630503	21.8016	2.66066	89.3677	1.68266	-34.8972	-5.18797	1735.23	-9.02929	-167.23	4974.37	0.000464373	720.531
36.7540	0.228537	-34.0306	0.938249	21.5308	2.35921	86.6277	4.11604	-56.2393	-5.1998	1735.4	-8.86948	-166.01	4974.52	0.000159203	720.67
36.7547	-0.0816205	-32.8376	0.630503	19.6801	2.05775	78.6973	5.64338	-56.8738	-5.21262	1735.07	-8.86948	-164.79	4974.67	6.59448e-006	720.368
36.7553	0.228537	-28.2542	0.630503	16.3399	1.74319	68.9228	6.57531	-57.7967	-5.22446	1735.23	-8.70967	-163.423	4974.37	-0.000145967	720.205
36.7560	0.522371	-21.222	0.630503	11.1491	2.05775	58.2524	7.48136	-130.071	-5.23629	1735.67	-8.39005	-161.747	4974.06	-0.000145967	719.903
36.7567	0.832529	-14.8177	0.630503	6.545	2.05775	47.8718	6.57531	-183.484	-5.24911	1736.91	-7.35128	-159.453	4975.28	0.000159203	719.601
36.7573	0.522371	-13.562	0.630503	7.76372	2.66066	40.5474	5.33273	-102.961	-5.26094	1738.26	-6.0728	-156.703	4977.11	0.000159203	718.996
36.7580	0.228537	-18.4594	0.938249	13.5865	3.27667	37.4912	4.73733	-5.59509	-5.27376	1738.91	-5.67327	-154.572	4977.88	-0.000145967	718.531
36.7587	-0.0816205	-22.101	0.630503	18.7774	2.05775	34.435	3.52064	47.241	-5.2856	1738.74	-5.91299	-153.661	4976.96	-0.000145967	718.531
36.7593	-0.0816205	-21.222	0.022518	20.8989	-0.996109	27.4268	2.30395	35.9355	-5.29743	1737.34	-7.591	-153.953	4975.28	-0.000298575	718.694
36.7600	0.832529	-19.9663	0.330264	21.5308	-3.74852	20.1025	1.06137	-26.0143	-5.30335	1735.56	-10.0681	-154.116	4973.3	-0.000451137	718.694
36.7607	0.522371	-17.5804	0.330264	19.0933	-5.88491	13.7002	-0.465967	64.8915	-5.31617	1734.32	-11.7461	-153.351	4972.08	-0.000298575	718.833
36.7613	-0.99577	-5.65084	0.630503	8.07969	-5.88491	2.7137	-0.750724	50.8749	-5.328	1733.83	-12.625	-152.44	4971.92	-0.000145967	718.833
36.7620	-0.685612	14.1899	1.24599	-8.98245	-4.35142	-15.3074	-1.37201	-308.941	-5.34674	1734.48	-12.625	-151.057	4972.08	-0.000145967	718.694
36.7627	-0.391778	29.1332	0.938249	-20.8989	-3.74852	-33.3021	-3.20999	-403.538	-5.35265	1735.4	-11.7461	-148.617	4973.45	-0.000298575	718.229
36.7633	-0.685612	34.0306	0.630503	-25.187	-3.1325	-48.873	-4.73733	-139.243	-5.35857	1736.15	-11.2666	-146.941	4974.06	6.59448e-006	718.089
36.7640	-0.0816205	36.1654	0.630503	-26.9925	-2.21503	-63.5217	-5.64338	-17.4774	-5.37139	1736.58	-11.1068	-145.411	4973.75	0.000311811	718.089
36.7647	0.832529	37.6722	0.630503	-27.3084	-1.91358	-76.6423	-6.54942	90.2136	-5.38914	1736.31	-11.4265	-143.898	4973.91	-0.000145967	717.322
36.7653	0.522371	37.6722	0.330264	-27.6244	-1.91358	-83.0445	-6.54942	339.858	-5.39506	1735.56	-12.3853	-143.28	4973.91	-0.000298575	716.555
36.7660	0.228537	34.6585	0.938249	-24.555	-2.21503	-81.2266	-5.02209	508.922	-5.40196	1735.56	-12.7848	-142.369	4972.84	0.000159203	716.694
36.7667	0.228537	26.3706	0.938249	-17.5587	-2.21503	-71.452	-4.42668	488.215	-5.41379	1735.07	-13.1045	-141.75	4971.77	0.000311811	716.857
36.7673	-0.685612	15.3828	0.938249	-10.2012	-2.21503	-53.1411	-4.42668	236.724	-5.43154	1733.83	-14.9423	-141.913	4970.7	-0.000145967	717.02
36.7680	-0.391778	2.88821	0.938249	0.135414	-1.91358	-28.1118	-3.8054	-147.203	-5.43154	1733.56	-15.7413	-140.986	4970.09	-0.000451137	717.159
36.7687	0.228537	-8.7274	0.630503	10.5171	-1.61212	-4.32085	-2.89935	-366.276	-5.43845	1734.32	-15.2619	-138.854	4971.16	-0.000298575	716.694
36.7693	-0.391778	-12.3691	0.330264	12.3678	-1.31067	8.79977	-2.5887	-282.984	-5.44436	1735.4	-14.3829	-136.723	4973.14	-0.000451137	715.485
36.7700	-0.685612	-12.0551	0.630503	12.3678	-0.393201	16.4403	-3.20999	118.016	-5.4562	1736.75	-12.9447	-133.973	4974.67	0.000159203	715.183
36.7707	-0.685612	-15.1317	0.630503	16.9267	-0.393201	25.8987	-5.33273	555.356	-5.46901	1738.15	-11.7461	-131.223	4975.43	0.000616981	715.183
36.7713	-0.685612	-16.0107	0.330264	17.8746	-0.0786402	30.7728	-6.23878	606.923	-5.47493	1738.91	-11.4265	-129.547	4975.74	0.000311811	714.881
36.7720	-0.391778	-10.5482	-0.285228	11.7359	0.222814	26.8209	-5.02209	344.761	-5.48085	1738.74	-11.7461	-128.783	4975.43	0.000159203	714.881
36.7727	-0.685612	-3.51608	-0.585468	5.05545	0.524268	17.3624	-5.64338	-92.2324	-5.48085	1737.83	-11.9059	-128.473	4974.67	-0.000145967	714.718
36.7733	-0.99577	-2.26033	-0.893213	4.73948	0.524268	13.0679	-7.17071	-731.572	-5.49268	1737.66	-11.7461	-127.416	4974.52	0.000159203	714.578
36.7740	-0.685612	-9.29249	-0.285228	12.9546	0.524268	18.2582	-6.86007	-1037.4	-5.49958	1737.83	-12.0657	-126.033	4974.52	0.000616981	714.416
36.7747	-1.30593	-14.5038	0.330264	18.7774	1.14028	21.9204	-6.23878	-497.847	-5.5055	1737.83	-12.2255	-124.813	4974.06	-0.000298575	714.113
36.7753	-1.59976	-9.60642	0.330264	14.4893	0.825722	13.0679	-7.48136	412.537	-5.51142	1737.99	-11.7461	-124.048	4973.6	-0.000908915	713.811
36.7760	-1.30593	-3.51608	-0.285228	7.4929	0.222814	-0.0526932	-8.3874	931.899	-5.51733	1737.66	-11.7461	-122.828	4974.37	-0.000603745	712.742
36.7767	-0.99577	1.06738	-0.585468	-0.135414	-0.0786402	-6.45492	-7.17071	701.808	-5.52325	1737.99	-10.8671	-120.55	4975.89	6.59448e-006	711.974
36.7773	0.522371	15.6968	-0.585468	-15.392	-0.0786402	-11.6452	-5.64338	-145.068	-5.53607	1739.82	-8.70967	-118.109	4976.81	6.59448e-006	712.137
36.7780	0.832529	33.7167	-0.585468	-32.4993	0.222814	-19.5755	-4.11604	-995.291	-5.53607	1740.74	-7.75081	-116.417	4976.81	-0.000145967	711.812
36.7787	0.228537	41.0627	-0.585468	-39.2249	0.524268	-26.8999	-0.465967	-1135.98	-5.53607	1739.98	-8.23024	-115.961	4976.04	-0.000298575	711.509
36.7793	-0.391778	43.5114	-0.893213	-39.8117	0.222814	-36.9643	4.73733	-647.992	-5.5479	1738.74	-9.26901	-116.124	4974.52	-0.000298575	711.974
36.7800	-0.685612	44.7044	-0.285228	-38.9089	-0.393201	-46.1329	6.57531	-138.32	-5.5479	1737.34	-10.8671	-116.27	4972.99	-0.000298575	712.137
36.7807	-0.391778	40.7488	0.330264	-33.718	-0.393201	-47.0287	5.64338	225.765	-5.5479	1735.67	-12.0657	-115.815	4972.08	-0.000451137	711.509
36.7813	-0.685612	28.8193	0.330264	-23.9682	-0.694655	-39.0984	6.26466	404.865	-5.55974	1735.56	-11.9059	-114.741	4971.92	6.59448e-006	711.509
36.7820	-1.90992	10.8622	0.022518	-10.5171	-1.61212	-22.9216	8.69805	457.99	-5.57256	1736.31	-10.947	-112.919	4972.69	0.000159203	711.207
36.7827	-2.53023	-4.39509	0.938249	3.52076	-1.61212	-5.53279	11.7527	554.721	-5.57256	1736.75	-10.2279	-110.771	4973.6	6.59448e-006	710.44
36.7833	-2.53023	-13.562	1.24599	12.0518	-1.31067	9.11593	13.2801	538.224	-5.57847	1737.34	-10.2279	-109.095	4973.75	-0.000145967	710.137
36.7840	-2.22008	-19.9663	1.24599	15.1212	-0.996109	24.0545	11.7527	320.939	-5.57847	1737.5	-10.7073	-107.728	4973.91	6.59448e-006	709.835
36.7847	-1.59976	-25.4916	1.24599	17.5587	-0.694655	39.9415	8.10264	45.6836	-5.58439	1737.5	-10.5475	-106.362	4974.21	0.000159203	709.533
36.7853	-1.30593	-29.1332	1.24599	19.6801	-0.393201	47.2658	6.26466	-155.74	-5.58439	1737.5	-10.5475	-104.979	4974.21	0.000464373	709.998
36.7860	-1.90992	-32.2098	0.938249	20.5829	0.222814	47.8718	5.95402	-162.777	-5.58439	1737.83	-11.4265	-104.067	4973.91	0.000311811	709.998
36.7867	-1.90992	-39.2419	0.630503	25.187	1.14028	59.7805	5.04797	-78.5043	-5.59031	1736.91	-13.2643	-104.377	4972.08	0.000159203	708.928
36.7873	-1.90992	-48.66	0.630503	34.35	1.74319	82.3595	4.42668	-125.226	-5.59721	1734.75	-15.1021	-104.669	4970.86	0.000311811	708.626
36.7880	-1.90992	-53.5574	0.630503	39.8117	1.44174	99.1423	4.42668	-253.971	-5.59721	1734.16	-16.1409	-103.905	4970.55	0.000159203	708.324
36.7887	-1.30593	-49.6018	0.630503	37.0582	0.825722	100.354	4.73733	-294.29	-5.59721	1735.4	-15.9011	-102.082	4971.47	-0.000145967	707.696
36.7893	-0.685612	-36.4793	0.630503	26.7217	-0.393201	84.7834	5.33273	-216.132	-5.60313	1737.07	-14.7825	-99.1862	4973.6	0.000311811	707.254
36.7900	-0.99577	-18.1455	0.330264	13.2706	-0.694655	61.5984	6.26466	-74.8703	-5.60313	1738.58	-14.0633	-96.5829	4974.98	0.000311811	706.324
36.7907	-0.391778	-4.39509	0.630503	3.20479	-1.61212	38.7032	5.64338	-0.403769	-5.60904	1739.66	-13.4241	-94.5979	4974.67	-0.000145967	705.883
36.7913	-0.391778	1.69525	0.330264	-0.451379	-2.83105	17.0463	3.52064	72.217	-5.61496	1739.82	-13.4241	-93.0847	4961.7	0.000311811	705.255
36.7920	-1.30593	2.26033	0.330264	2.57286	-2.52959	-1.5808	2.30395	462.546	-5.61496	1738.74	-15.1021	-93.3776	4999.85	0.000769543	704.487
36.7927	-1.59976	2.88821	0.630503	4.10755	-1.61212	-17.1253	1.37201	920.651	-5.60904	1738.26	-16.7801	-93.5403	4938.05	0.000464373	704.65
36.7933	-1.90992	12.3691	0.330264	-6.27417	-1.91358	-36.3583	-0.750724	814.402	-5.61496	1739.07	-16.7801	-91.8644	4883.73	0.000616981	704.952
36.7940	-2.82407	31.268	0.630503	-25.5029	-1.61212	-57.4093	-0.465967	308.422	-5.61496	1738.58	-17.739	-91.0997	4999.85	0.000311811	703.581
36.7947	-2.82407	47.467	1.24599	-38.0061	-0.694655	-72.3742	1.06137	-5.88349	-5.61496	1737.34	-19.417	-91.3925	3802.03	-0.000756307	702.209
36.7953	-3.13423	51.1087	0.938249	-38.9089	-0.393201	-79.6985	0.776611	-307.73	-5.61496	1737.34	-19.4969	-90.3349	433.044	-0.000603745	702.674
36.7960	-3.44438	46.2113	0.330264	-33.4021	-0.0786402	-81.5164	-0.750724	-818.267	-5.62088	1738.15	-19.0974	-88.3499	-411.987	0.000159203	702.813
36.7967	-2.82407	37.9862	0.630503	-26.0897	-0.0786402	-77.8542	-0.750724	-836.552	-5.62088	1739.34	-18.9375	-86.5113	56.7627	0.000159203	702.209
36.7973	-2.53023	29.1332	0.330264	-20.5829	0.222814	-73.2963	-0.750724	-315.632	-5.62088	1740.42	-18.2983	-84.5263	-94.4519	-0.000298575	701.139
36.7980	-2.22008	18.1455	0.330264	-13.5865	0.222814	-63.5217	-0.750724	42.0497	-5.62088	1740.42	-18.6179	-83.0131	-107.88	-0.000756307	699.465
36.7987	-1.59976	2.57427	0.630503	-1.08331	0.524268	-36.6745	0.155322	236.436	-5.62778	1739.66	-19.9763	-83.306	-70.1904	-0.000298575	699.605
36.7993	-1.59976	-12.683	0.330264	10.5171	0.825722	-5.84895	-0.155322	359.989	-5.62778	1738.15	-21.6543	-84.2334	-86.8225	-0.000145967	700.372
36.8000	-1.90992	-23.9847	0.630503	19.3642	0.825722	11.25	-0.750724	267.872	-5.62088	1736.75	-23.9716	-84.689	-87.5854	0.000311811	700.674
36.8007	-0.99577	-31.268	0.938249	24.2842	0.825722	25.8987	-1.06137	23.1302	-5.62088	1736.48	-25.9692	-84.5263	-88.3484	6.59448e-006	700.535
36.8013	-0.685612	-34.9724	0.938249	24.555	0.825722	50.322	-0.750724	-227.726	-5.62778	1735.83	-27.008	-84.2334	-88.6536	-0.000603745	699.605
36.8020	-0.685612	-38.3001	0.630503	26.9925	1.44174	75.0352	-0.465967	-377.005	-5.62778	1736.15	-27.1678	-83.1596	-88.501	-0.000145967	699.302
36.8027	0.228537	-39.807	0.330264	30.3778	2.05775	89.6839	-0.465967	-487.753	-5.6337	1737.5	-26.2089	-81.0281	-87.738	-0.000603745	698.861
36.8033	1.43652	-36.7932	0.022518	28.5272	2.05775	91.5018	-0.750724	-552.76	-5.6337	1737.99	-26.129	-79.6451	-86.9751	-0.000756307	697.628
36.8040	-0.391778	-25.8055	0.022518	17.2427	2.05775	79.6195	-0.465967	-355.605	-5.6337	1737.66	-27.3276	-80.1007	-87.738	-0.000298575	697.163
36.8047	-2.22008	-3.51608	0.630503	-4.10755	2.05775	52.4561	-1.06137	-121.881	-5.63961	1737.34	-28.0467	-79.1895	-88.1958	-0.000298575	696.419
36.8053	-2.82407	18.7733	0.938249	-23.6523	0.825722	24.3706	-2.27806	-57.4506	-5.63961	1737.5	-28.0467	-77.3672	-87.5854	-0.000145967	695.792
36.8060	-2.53023	30.075	1.24599	-31.2806	0.222814	8.50996	-2.5887	-13.209	-5.6337	1737.07	-28.8458	-77.058	-87.8906	-0.000145967	695.489
36.8067	-1.90992	35.8514	0.938249	-33.718	0.825722	-3.08255	-3.49475	-38.8195	-5.6337	1735.99	-31.243	-77.5136	-89.1113	-0.000298575	695.047
36.8073	-0.99577	39.2419	0.630503	-34.034	1.14028	-19.2594	-4.42668	-1.32667	-5.63961	1734.91	-33.0808	-77.6601	-90.1794	-0.000145967	694.582
36.8080	-1.59976	34.9724	0.938249	-27.9404	0.825722	-32.38	-4.73733	220.227	-5.63961	1734.32	-33.72	-77.058	-90.332	6.59448e-006	694.582
36.8087	-2.53023	25.1776	0.938249	-17.8746	0.825722	-36.0422	-5.95402	417.382	-5.63961	1734.75	-34.3593	-75.5286	-89.7217	0.000159203	693.815
36.8093	-2.53023	13.8759	0.022518	-7.4929	0.825722	-32.0902	-5.64338	502.866	-5.63961	1736.48	-34.5191	-73.3971	-88.3484	0.000311811	692.606
36.8100	-2.82407	1.69525	-0.285228	1.98607	0.825722	-23.2377	-4.42668	475.063	-5.63961	1738.26	-33.4004	-70.501	-86.8225	0.000159203	692.141
36.8107	-2.53023	-8.7274	0.330264	7.76372	1.14028	-13.4631	-3.20999	328.899	-5.64553	1740.09	-32.2018	-67.5885	-85.2966	-0.000145967	691.839
36.8113	-1.30593	-15.1317	0.330264	10.8331	1.14028	-4.92682	-0.465967	119.862	-5.64553	1740.25	-33.72	-67.2956	-85.2966	6.59448e-006	690.607
36.8120	-0.685612	-21.536	0.022518	13.9025	-0.0786402	7.58783	1.06137	-53.4706	-5.64553	1739.18	-36.5966	-67.7512	-86.6699	6.59448e-006	689.7
36.8127	-0.0816205	-28.2542	-0.285228	19.0933	-0.0786402	25.5826	1.06137	-121.246	-5.65145	1738.42	-37.8751	-66.6773	-87.1277	-0.000145967	689.397
36.8133	1.14269	-31.268	-0.585468	23.9682	0.524268	40.2313	1.06137	-78.2159	-5.64553	1738.26	-38.4344	-65.6197	-87.1277	-0.000145967	689.095
36.8140	1.14269	-32.2098	-0.285228	25.7738	0.825722	44.8156	0.465967	45.972	-5.63961	1738.26	-39.7928	-64.855	-87.1277	0.000159203	688.63
36.8147	0.832529	-31.268	-0.285228	23.9682	1.44174	42.9977	1.06137	148.529	-5.64553	1737.99	-41.2311	-63.7812	-86.9751	-0.000145967	688.026
36.8153	-0.0816205	-24.8637	-0.585468	19.9961	1.74319	36.5691	1.9933	145.472	-5.63961	1737.5	-41.9503	-62.7073	-87.1277	6.59448e-006	687.096
36.8160	-1.59976	-13.562	-0.585468	12.6838	1.74319	24.6868	2.30395	95.1165	-5.63961	1737.34	-42.9091	-61.7961	-87.1277	0.000464373	686.491
36.8167	-1.90992	-2.57427	-0.285228	2.57286	2.05775	10.3279	2.89935	-64.4877	-5.63961	1738.42	-43.0689	-59.9738	-86.3647	-0.000298575	685.724
36.8173	-1.59976	4.39509	-0.285228	-3.52076	2.05775	-1.5808	3.52064	-299.135	-5.64553	1740.25	-42.1101	-57.5332	-85.144	-0.000756307	684.817
36.8180	-1.59976	7.7856	-0.285228	-4.73948	1.14028	-7.37705	2.89935	-347.068	-5.63961	1740.85	-42.9091	-55.8411	-84.2285	-0.000756307	684.05
36.8187	-1.59976	7.15773	0.022518	-3.20479	0.825722	-9.80094	1.9933	-253.971	-5.6337	1739.5	-44.9867	-55.8411	-84.9915	-0.000603745	683.445
36.8193	-1.90992	6.84379	0.330264	-1.08331	0.524268	-14.9912	2.89935	-162.777	-5.6337	1738.15	-47.6235	-57.0614	-87.1277	-0.000603745	683.747
36.8200	-2.22008	8.7274	0.330264	-1.6701	0.524268	-22.0258	4.11604	-58.6619	-5.6337	1737.07	-50.3403	-58.1352	-88.8062	-0.000603745	683.585
36.8207	-2.53023	10.5482	0.022518	-2.88883	0.825722	-30.5621	4.73733	75.2741	-5.6337	1735.4	-52.1781	-58.1352	-89.8743	-0.000603745	682.98
36.8213	-2.53023	11.7412	0.022518	-4.73948	0.222814	-41.8648	5.04797	129.61	-5.62778	1734.91	-53.137	-57.8261	-90.332	-0.000756307	682.213
36.8220	-1.30593	14.1899	0.330264	-8.07969	-0.0786402	-49.4789	5.95402	14.5357	-5.62088	1735.67	-53.137	-56.0038	-89.1113	-0.000756307	680.701
36.8227	-0.685612	16.9525	-0.285228	-9.61438	0.222814	-50.4011	5.95402	-76.0816	-5.61496	1735.67	-53.137	-53.856	-87.8906	-0.000298575	679.469
36.8233	-0.685612	16.3246	-0.585468	-8.71162	0.524268	-44.6048	4.11604	4.49914	-5.61496	1735.67	-53.8561	-53.5632	-88.1958	-0.000145967	679.167
36.8240	-0.99577	9.60642	-0.285228	-2.88883	0.222814	-35.1464	1.9933	130.533	-5.60904	1736.58	-53.6963	-52.6357	-87.8906	6.59448e-006	679.771
36.8247	-1.59976	-0.753445	0.022518	8.98245	-0.0786402	-28.7178	0.465967	176.62	-5.61496	1737.07	-53.2169	-50.8134	-87.1277	0.000159203	679.632
36.8253	-1.59976	-11.7412	-0.585468	19.6801	-0.0786402	-23.2377	-0.750724	172.64	-5.61496	1736.31	-54.3356	-50.5043	-86.9751	0.000159203	677.632
36.8260	-1.90992	-17.8315	-0.585468	23.3363	-0.0786402	-18.6534	-1.37201	120.15	-5.60904	1735.4	-55.5342	-50.9598	-87.8906	6.59448e-006	676.586
36.8267	-2.22008	-15.1317	0.022518	18.7774	-0.0786402	-16.8355	-1.68266	73.486	-5.60313	1734.64	-56.8925	-51.269	-89.5691	-0.000298575	676.423
36.8273	-2.22008	-4.70903	0.330264	7.76372	0.222814	-17.1253	-1.68266	219.016	-5.60313	1733.72	-58.5706	-51.8873	-90.4846	-0.000145967	675.958
36.8280	-1.90992	5.02297	-0.585468	-2.88883	-0.0786402	-15.5972	-1.68266	381.677	-5.59721	1733.08	-59.6892	-52.0337	-91.095	0.000159203	675.656
36.8287	-1.59976	11.7412	-0.893213	-11.465	-0.0786402	-10.4069	-2.27806	286.791	-5.59721	1733.83	-58.8902	-50.3578	-90.4846	6.59448e-006	674.749
36.8293	-1.30593	23.9847	0.022518	-24.871	-0.0786402	-7.66687	-2.27806	35.5894	-5.59031	1735.56	-57.372	-47.7545	-88.3484	0.000311811	672.912
36.8300	-1.30593	39.4931	-0.585468	-40.4436	-0.393201	-12.8571	-2.89935	-295.501	-5.59031	1737.07	-56.7327	-45.9322	-86.9751	0.000616981	672.006
36.8307	-0.99577	43.1975	-1.20096	-44.0998	-0.0786402	-16.8355	-3.49475	-574.102	-5.58439	1737.99	-56.5729	-44.7119	-86.5173	0.000616981	671.703
36.8313	-0.685612	35.8514	-0.585468	-37.6902	0.222814	-10.7231	-3.8054	-590.599	-5.58439	1737.83	-57.0524	-43.9472	-85.7544	0.000311811	670.773
36.8320	-0.391778	27.3124	-0.585468	-29.1591	0.524268	-2.47658	-4.11604	-401.116	-5.58439	1737.07	-58.2509	-43.638	-86.2122	6.59448e-006	669.704
36.8327	-0.99577	18.7733	-0.585468	-19.6801	1.14028	-0.658665	-3.8054	-90.7327	-5.57847	1736.15	-60.0888	-44.0936	-87.1277	0.000159203	668.634
36.8333	-1.30593	10.2343	0.022518	-11.465	1.44174	3.60949	-2.5887	222.708	-5.57847	1735.83	-61.2074	-43.8007	-87.1277	0.000464373	668.332
36.8340	-0.685612	-2.26033	0.330264	-1.35414	1.44174	16.4403	-1.96742	353.586	-5.57256	1736.48	-61.2074	-43.3289	-86.9751	0.000311811	668.495
36.8347	-0.685612	-14.5038	-0.585468	8.39565	1.14028	29.5609	-2.27806	280.043	-5.56664	1736.31	-61.7668	-42.8733	-86.8225	0.000159203	668.03
36.8353	-0.99577	-17.5804	-0.285228	8.98245	1.14028	37.8074	-1.68266	147.606	-5.55974	1735.99	-62.7256	-42.1086	-87.2803	6.59448e-006	667.123
36.8360	-0.99577	-15.6968	0.330264	5.64224	0.825722	45.7377	-0.750724	111.902	-5.56664	1736.58	-62.406	-41.3439	-86.8225	-0.000298575	666.053
36.8367	-0.99577	-19.0873	0.022518	8.07969	1.44174	53.3519	-0.465967	106.422	-5.55382	1737.83	-61.607	-39.668	-85.2966	-0.000145967	665.123
36.8373	-0.685612	-21.222	-0.285228	9.29841	2.35921	51.534	0.155322	-42.2227	-5.5479	1738.74	-61.3672	-38.4477	-84.5337	6.59448e-006	664.054
36.8380	-0.685612	-18.4594	0.022518	8.07969	2.35921	44.5258	1.06137	-193.578	-5.55382	1739.18	-61.527	-37.5365	-84.0759	-0.000451137	663.31
36.8387	-0.99577	-19.7151	0.022518	11.1491	1.74319	45.4216	0.465967	-178.927	-5.5479	1738.15	-62.7256	-37.9921	-84.5337	-0.000145967	662.38
36.8393	-0.685612	-25.1776	0.022518	16.6108	2.66066	53.6681	0.155322	-170.967	-5.54199	1735.83	-65.2826	-39.9771	-86.8225	0.000159203	662.24
36.8400	-0.391778	-27.6263	0.022518	20.5829	3.27667	55.5123	0.776611	-145.991	-5.53607	1734.32	-67.2802	-41.653	-88.6536	-0.000145967	661.612
36.8407	-0.99577	-24.2358	0.630503	19.0933	2.66066	47.2658	1.06137	71.9286	-5.53607	1733.24	-68.6386	-42.1086	-89.5691	-0.000298575	660.101
36.8413	-0.685612	-17.5804	0.938249	14.1733	1.74319	37.8074	1.68266	339.281	-5.52917	1733.08	-68.9582	-41.653	-89.5691	-0.000298575	659.496
36.8420	0.228537	-13.2481	0.330264	10.2012	1.44174	28.9549	2.30395	484.523	-5.52917	1733.99	-68.3989	-40.7418	-88.3484	-0.000451137	659.171
36.8427	1.14269	-6.84379	-0.285228	3.83672	1.44174	17.6522	1.9933	273.986	-5.52325	1734.32	-68.3989	-39.8307	-87.738	-0.000145967	658.427
36.8433	1.43652	2.88821	-0.285228	-3.83672	0.825722	5.45375	1.37201	-286.676	-5.51733	1734.48	-68.4788	-39.2124	-87.738	0.000159203	657.195
36.8440	1.14269	6.27871	-0.893213	-4.42352	0.825722	-2.79274	0.776611	-539.666	-5.51142	1735.07	-68.6386	-38.9033	-87.8906	0.000311811	656.125
36.8447	0.832529	6.84379	-0.585468	-4.42352	1.44174	-8.90516	0.465967	-265.276	-5.51142	1734.48	-69.118	-38.7568	-88.0432	0.000159203	655.52
36.8453	1.43652	13.562	0.022518	-11.1491	1.44174	-16.8355	-0.750724	-29.7059	-5.5055	1733.99	-68.9582	-38.3012	-88.1958	-0.000145967	654.753
36.8460	1.43652	21.8499	0.022518	-18.7774	0.222814	-25.9778	-1.68266	-94.3666	-5.49268	1734.16	-69.4377	-38.1548	-88.3484	-0.000145967	654.288
36.8467	0.522371	25.8055	0.022518	-21.8016	-0.996109	-36.0422	-0.155322	-213.075	-5.48676	1732.48	-71.4353	-39.066	-89.1113	0.000159203	652.614
36.8473	0.228537	22.101	0.022518	-16.9267	-1.61212	-40.6265	1.9933	-210.941	-5.48676	1730.48	-73.4329	-39.9771	-90.4846	6.59448e-006	651.544
36.8480	0.228537	10.5482	0.022518	-7.17693	-0.996109	-32.0902	2.5887	-104.749	-5.47493	1730.48	-74.1521	-40.1236	-91.095	0.000159203	651.544
36.8487	0.228537	2.88821	-0.285228	-1.98607	-0.0786402	-23.8437	2.30395	-2.53798	-5.47493	1731.89	-73.4329	-38.4477	-90.1794	0.000464373	650.777
36.8493	-0.0816205	3.51608	0.022518	-2.30203	0.222814	-22.0258	1.06137	42.9149	-5.46901	1733.72	-71.8348	-36.1698	-88.0432	0.000464373	649.708
36.8500	0.228537	-0.753445	0.330264	1.6701	-0.996109	-14.7014	-0.155322	50.8749	-5.4562	1735.07	-70.6362	-34.6403	-86.3647	0.000311811	648.336
36.8507	0.522371	-12.683	0.330264	12.3678	-1.91358	-1.5808	-1.06137	14.2473	-5.45028	1736.15	-70.3166	-33.5665	-85.2966	0.000311811	647.266
36.8513	0.522371	-25.8055	-0.585468	25.187	-2.52959	14.3062	-1.96742	-62.3535	-5.45028	1736.31	-71.1157	-33.1109	-85.144	0.000159203	646.522
36.8520	1.14269	-34.0306	-0.585468	33.4021	-1.91358	28.9549	-2.27806	-120.323	-5.43845	1734.91	-72.7937	-33.7292	-86.2122	0.000311811	645.592
36.8527	0.832529	-33.4027	-0.285228	32.8153	-0.393201	32.9069	-1.06137	-47.7024	-5.43154	1734.48	-73.4329	-34.1847	-87.2803	0.000159203	645.29
36.8533	0.522371	-26.6845	-0.585468	26.4057	-0.0786402	25.8987	-0.750724	105.211	-5.42563	1735.07	-73.2731	-33.7292	-86.9751	-0.000145967	644.825
36.8540	1.14269	-17.5804	-1.20096	16.9267	-0.393201	16.7301	-1.37201	154.009	-5.42563	1734.64	-74.3119	-33.42	-86.6699	-0.000145967	643.453
36.8547	0.832529	-4.14395	-0.285228	4.42352	-0.996109	5.13759	-0.750724	133.244	-5.41971	1733.83	-75.5105	-33.5665	-87.5854	-0.000603745	641.942
36.8553	-0.0816205	10.8622	0.630503	-8.71162	-1.61212	-11.6452	-0.750724	145.184	-5.41379	1733.24	-76.1497	-34.022	-88.1958	-0.000908915	640.709
36.8560	-1.30593	22.101	0.630503	-18.7774	-2.21503	-28.7178	-1.96742	111.325	-5.40788	1733.4	-76.3095	-33.8756	-87.4329	-0.000145967	639.64
36.8567	-1.90992	26.9984	0.330264	-22.7495	-1.91358	-41.8648	-1.68266	13.3244	-5.39506	1735.07	-75.9899	-32.5089	-86.2122	6.59448e-006	638.896
36.8573	-0.685612	28.8193	0.022518	-21.8016	-0.996109	-55.8812	-1.96742	146.107	-5.38914	1736.48	-75.6703	-31.1259	-84.6863	-0.000298575	637.966
36.8580	0.522371	33.7167	-1.20096	-22.1176	-0.393201	-72.3742	-3.8054	452.164	-5.38322	1736.48	-75.6703	-30.5238	-84.0759	-0.000451137	637.059
36.8587	0.832529	37.6722	-1.20096	-23.9682	-0.694655	-82.4386	-5.64338	450.03	-5.38322	1735.56	-76.8689	-31.5814	-85.4492	-0.000451137	636.454
36.8593	0.832529	35.8514	-0.585468	-23.6523	-1.61212	-79.3824	-7.76611	227.899	-5.37731	1733.83	-79.3459	-33.1109	-86.8225	-0.000145967	635.827
36.8600	1.43652	38.928	-0.585468	-30.3778	-1.91358	-69.0018	-6.54942	-18.4003	-5.36449	1732.48	-81.3436	-34.022	-87.8906	-0.000451137	635.059
36.8607	1.74668	47.467	-0.585468	-42.5651	-2.21503	-60.7816	0.155322	-419.689	-5.35857	1731.73	-82.0627	-34.7868	-88.9587	-0.000603745	634.618
36.8613	-0.0816205	42.8836	-0.285228	-39.8117	-2.83105	-51.9292	5.64338	-776.737	-5.35265	1731.4	-82.5421	-35.0959	-89.1113	-0.000145967	633.85
36.8620	-0.685612	21.536	-0.893213	-19.6801	-2.52959	-33.0123	7.17071	-709.019	-5.35265	1732.05	-82.7019	-34.4776	-88.501	6.59448e-006	632.618
36.8627	0.228537	-2.00919	-0.893213	1.6701	-1.61212	1.1856	9.31934	-334.263	-5.34082	1732.32	-83.1814	-33.8756	-88.1958	-0.000298575	631.246
36.8633	0.228537	-18.1455	-0.285228	13.5865	-0.996109	39.9415	12.0634	-18.1119	-5.328	1732.16	-83.0216	-33.8756	-88.1958	-0.000298575	629.874
36.8640	-0.685612	-21.536	0.022518	12.6838	-0.996109	59.7805	15.4287	250.741	-5.328	1732.32	-83.1814	-33.5665	-88.0432	6.59448e-006	628.805
36.8647	-1.30593	-16.3246	0.022518	6.545	-0.996109	56.7243	20.6061	551.664	-5.32208	1732.32	-83.7407	-33.2573	-88.0432	0.000159203	627.735
36.8653	-0.685612	-12.0551	0.330264	3.20479	-0.996109	48.7939	27.3108	679.832	-5.31025	1732.64	-83.7407	-33.1109	-87.5854	-0.000145967	627.433
36.8660	-0.685612	-8.41347	0.022518	-0.451379	-0.694655	43.8935	36.4748	426.553	-5.30335	1732.05	-84.2201	-33.2573	-87.738	6.59448e-006	626.689
36.8667	-1.30593	-4.39509	-0.585468	-2.30203	-0.393201	37.2014	41.9629	-1.32667	-5.30335	1730.21	-86.3776	-34.7868	-89.4165	-0.000145967	625.154
36.8673	-1.30593	-4.70903	-0.285228	0.135414	-0.0786402	31.695	25.1881	-174.025	-5.29743	1728.97	-87.736	-36.6254	-90.6372	-0.000298575	624.387
36.8680	-0.685612	-8.7274	0.022518	3.20479	-0.393201	30.1669	-0.155322	-62.3535	-5.2856	1729.14	-87.4164	-36.3162	-89.8743	-0.000145967	624.085
36.8687	0.228537	-12.9969	0.022518	8.39565	0.524268	32.6171	-9.00869	128.687	-5.27968	1730.21	-86.6972	-34.7868	-88.6536	0.000159203	622.853
36.8693	0.832529	-18.1455	-0.285228	15.392	1.74319	39.3355	-15.7134	213.536	-5.27376	1731.56	-85.8981	-33.7292	-88.0432	-0.000145967	620.876
36.8700	0.832529	-22.101	-0.585468	19.0933	2.05775	48.4778	-30.6761	136.935	-5.26686	1732.91	-84.5398	-32.3462	-87.2803	-0.000603745	619.202
36.8707	1.43652	-24.2358	-0.585468	20.3121	2.05775	53.6681	-38.0022	7.55625	-5.25503	1733.83	-83.7407	-30.8167	-86.0596	-0.000145967	618.133
36.8713	1.14269	-25.1776	-0.893213	19.6801	2.35921	53.0621	-34.0156	-116.055	-5.25503	1733.24	-84.2201	-30.9794	-86.0596	0.000464373	617.528
36.8720	0.522371	-25.8055	-0.585468	19.6801	2.96211	50.928	-26.4048	-221.035	-5.24911	1732.48	-85.0192	-32.3462	-86.9751	0.000311811	616.761
36.8727	0.522371	-27.6263	0.022518	21.5308	2.96211	49.0837	-14.8074	-283.273	-5.23037	1732.16	-85.5785	-32.8017	-87.4329	0.000311811	615.389
36.8733	0.228537	-28.8193	-0.585468	22.7495	2.66066	47.5556	-1.68266	-269.545	-5.23037	1731.73	-86.058	-32.9644	-87.4329	0.000159203	614.017
36.8740	-0.0816205	-26.3706	-0.893213	20.3121	2.05775	42.0755	4.11604	-196.001	-5.23037	1731.4	-86.5374	-33.2573	-87.4329	-0.000298575	612.948
36.8747	0.228537	-19.7151	-0.285228	15.1212	2.05775	34.7512	4.42668	-116.055	-5.21854	1732.16	-86.5374	-32.5089	-87.1277	-0.000145967	612.483
36.8753	0.832529	-12.0551	0.022518	9.61438	2.66066	30.483	4.73733	-34.2627	-5.21262	1732.16	-86.857	-32.5089	-86.9751	-0.000145967	612.041
36.8760	0.228537	-5.96477	0.022518	4.42352	2.05775	26.8209	3.20999	13.9589	-5.21262	1731.89	-86.6972	-32.5089	-86.8225	-0.000603745	610.204
36.8767	-0.685612	-0.43951	0.022518	-0.451379	1.74319	17.6522	-1.37201	-59.9309	-5.1998	1732.81	-85.8981	-31.2886	-85.6018	-0.000451137	608.669
36.8773	-0.391778	5.02297	0.330264	-3.52076	2.35921	5.13759	-8.07676	-226.226	-5.18797	1733.99	-85.2589	-30.6703	-84.9915	-0.000298575	608.065
36.8780	0.522371	8.09953	0.022518	-6.27417	2.66066	-4.92682	-16.9301	-336.109	-5.19389	1734.32	-85.0192	-30.5238	-84.8389	-0.000451137	606.53
36.8787	0.832529	8.09953	0.022518	-7.4929	2.66066	-8.589	-37.6915	-276.582	-5.18797	1733.08	-86.2178	-31.2886	-85.4492	-0.000145967	605.763
36.8793	0.832529	3.83001	0.022518	-0.767345	2.35921	-8.27284	-62.6984	-54.3935	-5.17515	1731.13	-88.3752	-33.2573	-87.4329	-0.000451137	605.461
36.8800	1.43652	-1.06738	0.022518	7.4929	2.66066	-9.19497	-69.4291	190.637	-5.16923	1729.41	-90.2929	-34.6403	-88.6536	-0.000756307	603.787
36.8807	1.43652	-3.51608	0.330264	10.2012	2.66066	-11.329	-65.4683	293.771	-5.16923	1728.97	-91.2518	-35.5515	-89.5691	-0.000603745	603.182
36.8813	0.832529	-5.3369	-0.285228	11.1491	1.74319	-13.4631	-59.0483	295.617	-5.16332	1729.3	-90.7724	-35.5515	-89.7217	-0.000451137	602.112
36.8820	0.832529	-3.83001	-0.285228	9.61438	1.44174	-17.4415	-41.6523	397.886	-5.1574	1729.3	-90.4528	-34.9495	-88.6536	-0.000145967	600.741
36.8827	0.832529	-0.125574	0.022518	5.32628	1.74319	-21.3935	-23.0395	595.329	-5.15148	1730.32	-89.8934	-34.022	-87.5854	0.000159203	600.741
36.8833	1.43652	2.57427	-0.585468	0.767345	1.74319	-24.1598	-15.0921	490.637	-5.15148	1730.97	-88.9345	-33.42	-87.4329	0.000311811	599.671
36.8840	2.05684	11.7412	-0.585468	-7.76372	2.05775	-31.4842	-11.4421	-56.2393	-5.15148	1730.21	-89.8934	-34.1847	-88.0432	0.000311811	597.834
36.8847	2.05684	24.8637	-0.285228	-18.7774	2.35921	-45.527	-5.64338	-400.481	-5.14557	1729.73	-90.213	-34.4776	-87.738	6.59448e-006	596.625
36.8853	1.74668	30.954	0.022518	-22.1176	1.74319	-58.6476	0.155322	-349.491	-5.13867	1729.89	-89.8934	-34.3312	-87.4329	-0.000298575	595.091
36.8860	1.14269	27.3124	0.022518	-17.2427	1.14028	-63.5217	5.33273	-390.733	-5.12683	1729.3	-90.6126	-34.9495	-88.3484	6.59448e-006	594.323
36.8867	0.832529	23.6707	-0.285228	-15.1212	0.524268	-62.9157	8.3874	-318.978	-5.12683	1728.06	-91.5714	-36.3162	-89.5691	0.000159203	594.021
36.8873	0.522371	23.6707	-0.285228	-17.5587	0.825722	-61.3876	13.2801	67.6602	-5.12091	1726.98	-92.4504	-37.6829	-90.4846	0.000159203	592.952
36.8880	0.522371	18.7733	0.330264	-12.9546	1.14028	-58.0153	19.3894	268.795	-5.115	1726.54	-93.0896	-37.8457	-90.6372	6.59448e-006	591.58
36.8887	0.228537	7.47166	0.330264	-1.6701	1.44174	-49.7951	16.6454	174.14	-5.115	1727.3	-91.9709	-36.9182	-89.8743	0.000159203	590.068
36.8893	0.228537	1.06738	0.330264	3.52076	2.66066	-35.1464	23.0395	77.1199	-5.1081	1729.41	-90.213	-35.2423	-88.0432	0.000922151	588.836
36.8900	1.14269	3.83001	0.022518	-0.135414	3.87958	-21.3935	30.0549	39.281	-5.10218	1730.97	-88.7747	-34.1847	-86.3647	0.000769543	587.464
36.8907	2.66083	6.27871	-0.285228	-3.83672	3.27667	-13.4631	6.57531	-59.008	-5.10218	1731.73	-87.5762	-33.2573	-84.9915	6.59448e-006	586.232
36.8913	2.66083	4.70903	-0.285228	-4.42352	2.05775	-9.19497	-16.9301	-232.34	-5.09626	1731.4	-87.8958	-33.8756	-85.2966	0.000311811	585.186
36.8920	2.05684	3.20214	0.022518	-4.42352	1.14028	-4.00469	-18.7681	-247.914	-5.09626	1730.32	-89.0944	-35.6979	-86.8225	0.000616981	584.116
36.8927	2.05684	-0.125574	0.022518	-1.6701	-0.0786402	6.66569	-18.7681	-85.8298	-5.09035	1730.05	-89.2542	-36.0071	-87.2803	0.000159203	582.884
36.8933	1.14269	-5.96477	0.330264	2.57286	-1.61212	17.9684	-13.5648	-24.803	-5.08443	1730.05	-89.5738	-36.0071	-87.4329	-0.000145967	581.512
36.8940	0.832529	-7.47166	1.24599	2.30203	-3.1325	21.6306	-5.02209	-76.0816	-5.07753	1729.73	-89.414	-36.4626	-87.1277	6.59448e-006	580.745
36.8947	0.832529	3.51608	0.938249	-8.98245	-4.04997	13.0679	-6.23878	-1.32667	-5.07753	1729.57	-88.9345	-36.7718	-86.9751	0.000159203	580.14
36.8953	-0.391778	19.4012	0.330264	-23.6523	-4.35142	1.47541	-13.5648	205.576	-5.07161	1729.14	-89.414	-37.2274	-87.4329	6.59448e-006	578.606
36.8960	-0.685612	23.9847	1.85398	-26.0897	-4.35142	2.39754	-18.4575	308.134	-5.07161	1729.57	-88.9345	-36.7718	-86.5173	6.59448e-006	576.792
36.8967	-0.99577	16.9525	2.76971	-19.6801	-4.04997	15.5182	-16.0241	208.979	-5.07161	1730.97	-87.4164	-35.5515	-84.9915	0.000159203	575.56
36.8973	-1.59976	8.41347	1.85398	-12.9546	-3.74852	27.7166	-6.86007	17.9389	-5.07161	1732.05	-86.857	-34.9495	-84.5337	-0.000145967	574.188
36.8980	-1.30593	1.69525	1.85398	-5.64224	-3.44706	28.6388	5.33273	-124.592	-5.06569	1732.32	-86.5374	-34.9495	-84.6863	-0.000298575	573.118
36.8987	-0.99577	-5.3369	1.85398	1.6701	-4.04997	24.3706	15.7134	-102.327	-5.05978	1731.24	-87.2565	-36.3162	-85.7544	-0.000298575	572.514
36.8993	-0.685612	-12.9969	1.85398	7.17693	-4.66598	22.5527	19.7	37.7236	-5.05978	1729.41	-89.0944	-38.4477	-87.1277	-0.000145967	571.746
36.9000	-0.685612	-16.3246	1.54623	8.98245	-4.96744	24.0545	23.6608	175.986	-5.05978	1727.89	-90.213	-39.668	-87.8906	-0.000603745	570.537
36.9007	-0.391778	-16.6386	0.630503	9.29841	-5.26889	25.8987	31.5822	211.979	-5.05978	1726.54	-91.092	-40.2863	-88.8062	-0.000603745	568.701
36.9013	0.228537	-19.0873	0.022518	12.0518	-4.96744	28.0328	38.5976	129.61	-5.05386	1726.06	-91.7312	-41.3439	-89.5691	0.000159203	567.631
36.9020	0.522371	-21.536	0.022518	14.4893	-4.35142	32.301	43.1796	54.5088	-5.04794	1726.98	-91.4116	-41.653	-89.4165	0.000464373	566.701
36.9027	0.522371	-20.9081	0.022518	12.0518	-2.52959	39.6253	42.5842	2.65334	-5.05386	1727.14	-91.4116	-41.5066	-88.9587	0.000464373	565.19
36.9033	0.832529	-19.7151	0.630503	10.5171	-1.31067	52.4561	31.5822	-55.3164	-5.04794	1727.14	-91.092	-41.5066	-88.501	0.000464373	564.725
36.9040	0.832529	-18.4594	0.630503	12.0518	-0.996109	62.2044	11.4421	-98.635	-5.04794	1728.06	-89.7336	-40.5954	-88.3484	-0.000145967	563.957
36.9047	0.832529	-18.4594	0.022518	12.6838	-0.694655	60.9924	-6.23878	-114.555	-5.04794	1728.22	-89.2542	-39.9771	-87.738	-0.000298575	562.144
36.9053	0.522371	-17.5804	0.330264	11.465	-0.694655	53.0621	-8.69805	-121.881	-5.04794	1727.89	-90.0532	-41.051	-87.8906	0.000159203	561.214
36.9060	-0.685612	-13.562	0.330264	8.71162	-1.61212	42.0755	-1.96742	-133.128	-5.04104	1727.62	-90.6126	-42.5642	-89.2639	-0.000298575	560.307
36.9067	-1.30593	-10.8622	0.630503	6.27417	-1.91358	32.9069	5.04797	-126.149	-5.04104	1725.79	-91.9709	-43.4916	-90.1794	-0.000451137	558.168
36.9073	-1.30593	-11.7412	0.938249	8.07969	-2.21503	28.9549	9.91474	-104.461	-5.04104	1723.95	-93.9686	-44.8583	-90.9424	0.000311811	556.935
36.9080	-1.30593	-13.562	1.24599	11.1491	-2.21503	24.9766	12.374	-24.803	-5.04104	1724.87	-94.2882	-45.6231	-91.095	0.000311811	557.098
36.9087	-1.30593	-13.562	1.24599	12.9546	-1.31067	18.5744	12.374	155.22	-5.04104	1726.71	-92.2906	-43.9472	-89.2639	0.000311811	556.029
36.9093	-1.30593	-12.683	1.54623	14.4893	-0.996109	10.644	11.4421	250.452	-5.04104	1727.62	-90.2929	-42.1086	-87.8906	-0.000145967	553.89
36.9100	-1.30593	-11.1133	1.54623	14.8052	-0.996109	3.00351	12.6588	104.288	-5.04104	1728.65	-89.2542	-41.1974	-86.8225	-0.000451137	552.053
36.9107	-1.59976	-9.60642	0.938249	12.9546	-0.996109	-3.71487	14.8074	-95.0011	-5.04104	1729.89	-88.535	-40.5954	-85.4492	0.000311811	550.844
36.9113	-1.90992	-8.09953	0.630503	10.5171	-0.393201	-11.0392	14.8074	-163.065	-5.04104	1729.57	-88.535	-41.1974	-85.7544	0.000159203	549.472
36.9120	-1.90992	-3.20214	0.330264	3.83672	0.524268	-18.9696	12.0634	-197.847	-5.03512	1728.38	-89.5738	-42.4177	-86.6699	-0.000298575	548.402
36.9127	-1.30593	5.65084	0.630503	-5.32628	0.825722	-25.3718	9.62998	-215.267	-5.03512	1727.89	-90.0532	-42.8733	-86.9751	0.000311811	547.798
36.9133	-0.685612	14.1899	0.330264	-11.1491	0.222814	-34.8302	6.57531	-104.172	-5.04794	1727.89	-90.213	-43.1824	-86.9751	0.000464373	546.728
36.9140	-0.391778	21.536	-0.285228	-16.6108	-0.393201	-48.5568	2.89935	19.1502	-5.04794	1727.62	-90.6126	-43.3289	-86.8225	-0.000145967	544.729
36.9147	-0.391778	25.1776	-0.285228	-18.1454	-0.694655	-61.6774	0.776611	25.5528	-5.04104	1727.3	-91.4116	-43.8007	-86.9751	-0.000298575	543.357
36.9153	-0.391778	19.6524	-0.285228	-9.61438	-0.393201	-65.0498	-0.750724	3.86465	-5.04104	1727.73	-91.2518	-43.9472	-87.1277	-0.000298575	543.055
36.9160	-0.0816205	12.9969	0.022518	-0.451379	-0.393201	-66.8677	-1.68266	154.355	-5.04104	1728.81	-90.4528	-43.4916	-86.6699	0.000159203	541.985
36.9167	-0.391778	17.2664	0.330264	-3.20479	-0.694655	-78.4602	-1.96742	325.842	-5.04104	1729.3	-89.8934	-43.036	-85.6018	0.000159203	540.009
36.9173	0.228537	26.9984	-0.585468	-12.3678	-0.0786402	-85.7846	-4.11604	297.751	-5.04104	1729.89	-88.7747	-42.2713	-84.3811	6.59448e-006	538.335
36.9180	1.14269	34.0306	-0.893213	-21.2148	0.524268	-77.2483	-6.23878	368.237	-5.04104	1730.32	-88.7747	-42.1086	-84.2285	6.59448e-006	536.963
36.9187	1.74668	39.4931	-0.285228	-30.6487	0.524268	-68.3958	-6.54942	452.798	-5.04104	1729.3	-90.0532	-43.3289	-85.144	-0.000145967	535.893
36.9193	1.74668	46.5252	-0.585468	-40.1276	0.222814	-69.0018	-6.86007	242.838	-5.04794	1726.81	-92.2906	-46.0786	-86.9751	-0.000145967	534.963
36.9200	1.43652	50.2297	-0.285228	-43.197	-0.393201	-69.0018	-5.64338	-137.108	-5.04794	1725.63	-94.1284	-47.6081	-88.8062	-0.000298575	534.056
36.9207	0.522371	42.8836	0.630503	-35.2527	-0.393201	-58.9374	-2.5887	-490.81	-5.04794	1725.14	-94.7676	-47.7545	-89.4165	-0.000298575	532.847
36.9213	-0.0816205	26.1194	0.630503	-20.8989	-1.31067	-35.1464	-0.465967	-574.102	-5.05386	1725.3	-94.9274	-48.2101	-89.4165	-0.000145967	531.778
36.9220	-0.0816205	5.96477	0.938249	-5.64224	-2.52959	-0.948478	-0.155322	-424.592	-5.04794	1726.22	-94.2882	-47.6081	-88.8062	-0.000451137	530.545
36.9227	-0.391778	-12.0551	1.24599	8.39565	-1.91358	29.8771	-0.465967	-175.582	-5.04794	1726.06	-94.2882	-46.9898	-88.0432	-0.000298575	529.011
36.9233	-0.685612	-27.9402	0.630503	20.8989	-1.31067	50.322	-0.465967	130.533	-5.04794	1726.22	-95.2471	-47.6081	-88.0432	-0.000298575	527.499
36.9240	-0.391778	-41.6278	0.022518	30.3778	-0.694655	62.2044	0.155322	241.281	-5.04794	1726.22	-96.6055	-48.2101	-88.0432	-0.000451137	525.523
36.9247	0.228537	-48.0949	0.330264	36.4714	-0.0786402	68.9228	0.155322	132.379	-5.05386	1725.3	-99.1624	-49.284	-87.8906	0.000311811	524.454
36.9253	1.14269	-48.9739	-0.285228	40.4436	1.44174	71.373	0.155322	-34.5511	-5.05386	1724.87	-101.48	-49.9022	-87.738	6.59448e-006	523.221
36.9260	0.522371	-47.1531	-1.20096	38.0061	1.74319	70.4509	1.06137	-193.578	-5.05386	1724.39	-104.196	-50.1951	-88.501	-0.000145967	521.384
36.9267	0.228537	-41.0627	-0.893213	30.3778	1.44174	67.7108	1.37201	-236.609	-5.05386	1723.04	-109.23	-52.1801	-90.332	0.000464373	520.78
36.9273	0.228537	-31.8958	-0.893213	23.0203	0.825722	61.9145	0.155322	-341.877	-5.05386	1722.28	-113.705	-54.0187	-91.5527	6.59448e-006	520.315
36.9280	-0.0816205	-20.2802	-0.893213	14.8052	0.524268	50.928	-2.27806	-574.737	-5.04794	1722.71	-115.783	-53.856	-90.9424	6.59448e-006	518.804
36.9287	-0.391778	-2.57427	-0.585468	0.135414	0.524268	35.6733	-4.11604	-423.958	-5.05386	1724.12	-117.061	-52.4893	-89.2639	0.000311811	517.129
36.9293	-0.0816205	19.9663	-0.893213	-19.6801	0.825722	16.1241	-5.64338	69.1599	-5.05978	1726.06	-117.461	-51.269	-87.4329	0.000311811	516.06
36.9300	0.522371	36.1654	-0.893213	-33.718	1.44174	-5.84895	-6.23878	307.845	-5.05978	1728.06	-117.78	-50.8134	-85.7544	0.000616981	515.432
36.9307	0.832529	42.8836	-0.285228	-39.2249	2.05775	-26.5837	-7.17071	204.711	-5.04794	1728.22	-119.139	-51.1225	-85.2966	0.000616981	513.619
36.9313	0.832529	46.8392	0.022518	-40.7596	1.44174	-42.7606	-7.17071	82.5996	-5.04794	1727.3	-120.977	-52.4893	-86.0596	0.000311811	511.177
36.9320	0.522371	48.0949	-0.285228	-39.2249	1.74319	-51.9292	-3.49475	115.247	-5.05386	1726.81	-122.255	-53.4004	-86.9751	-0.000298575	509.805
36.9327	-0.0816205	45.3323	-0.285228	-35.5687	2.66066	-55.8812	1.06137	187.926	-5.05978	1726.06	-123.773	-54.6208	-87.1277	-0.000451137	508.875
36.9333	-0.391778	40.7488	-0.285228	-33.1312	2.66066	-53.4573	1.68266	250.164	-5.04794	1726.06	-124.492	-55.6946	-86.9751	0.000311811	508.108
36.9340	-0.685612	30.3889	0.022518	-26.4057	2.35921	-42.4707	0.465967	307.845	-5.04104	1726.71	-123.933	-55.5482	-86.8225	0.000464373	507.503
36.9347	-0.99577	11.4272	0.022518	-10.8331	2.96211	-24.7658	-0.465967	334.09	-5.04104	1725.79	-124.173	-56.4593	-87.2803	-0.000145967	505.992
36.9353	-0.685612	-8.7274	-0.285228	5.95821	3.57813	-0.948478	-1.06137	338.359	-5.04794	1725.14	-124.333	-57.3705	-87.5854	0.000159203	504.295
36.9360	-0.99577	-24.5497	0.022518	17.5587	3.27667	24.0545	-2.5887	281.254	-5.04794	1726.54	-122.495	-56.7685	-86.6699	0.000311811	503.225
36.9367	-1.59976	-35.5375	-0.285228	26.0897	2.96211	44.2096	-4.73733	167.16	-5.04794	1728.38	-119.299	-55.3855	-85.7544	-0.000603745	502.016
36.9373	-1.30593	-40.7488	0.022518	31.5966	2.66066	59.4643	-6.54942	58.2004	-5.04104	1729.14	-117.221	-54.9299	-84.8389	-0.000451137	500.482
36.9380	-0.685612	-41.6278	0.630503	33.4021	2.05775	71.0568	-6.54942	-32.1285	-5.04104	1728.38	-116.582	-55.6946	-84.8389	-0.000451137	498.808
36.9387	-0.99577	-41.6278	0.022518	33.1312	2.05775	76.8531	-6.54942	-104.461	-5.04104	1727.3	-116.422	-57.0614	-85.6018	-0.000298575	498.342
36.9393	-0.99577	-41.3767	-0.585468	32.8153	2.35921	72.9011	-7.48136	-151.125	-5.04104	1725.79	-116.742	-59.0464	-87.2803	-0.000145967	497.738
36.9400	-0.99577	-38.614	-0.585468	31.9125	2.35921	60.6763	-8.3874	-160.585	-5.04104	1724.12	-117.061	-61.1941	-89.1113	-0.000756307	496.064
36.9407	-0.99577	-34.9724	-0.585468	30.3778	2.35921	51.534	-9.60409	-103.826	-5.02921	1723.04	-116.422	-62.1053	-89.4165	-0.000908915	493.785
36.9413	-0.0816205	-33.0888	-0.285228	28.5272	2.35921	50.6119	-9.29345	-11.3632	-5.02329	1722.87	-114.744	-62.2517	-88.9587	-0.000145967	492.553
36.9420	0.832529	-28.8193	-0.585468	24.871	1.74319	47.2658	-5.02209	70.4289	-5.02921	1723.95	-112.267	-62.2517	-88.6536	0.000159203	491.786
36.9427	1.43652	-20.5942	-1.5012	18.7774	1.74319	34.435	-0.750724	150.029	-5.02921	1725.14	-110.189	-62.1053	-88.6536	-0.000451137	490.414
36.9433	2.66083	-10.2343	-2.41693	9.61438	2.35921	15.8343	0.155322	129.321	-5.02329	1724.98	-108.831	-61.9426	-87.8906	-0.000298575	489.042
36.9440	3.57498	1.38132	-3.03242	-0.451379	2.05775	-1.87061	-1.06137	-14.7664	-5.02329	1724.39	-107.872	-62.5609	-87.4329	0.000464373	488.135
36.9447	3.57498	9.92036	-2.72468	-7.4929	1.44174	-16.5193	-0.750724	-92.2324	-5.02329	1724.39	-106.674	-63.1791	-87.738	0.000464373	486.601
36.9453	3.28114	16.9525	-1.80894	-12.3678	0.825722	-32.0902	-0.465967	-69.679	-5.01737	1723.95	-105.555	-63.6347	-87.5854	0.000464373	484.927
36.9460	2.66083	28.8193	-1.20096	-19.6801	-0.393201	-52.5352	-2.27806	23.4186	-5.01737	1723.31	-105.715	-64.3994	-88.1958	0.000769543	484.02
36.9467	1.43652	42.2557	-1.5012	-29.4299	-1.31067	-71.452	-5.02209	199.52	-5.01047	1722.71	-105.555	-65.457	-89.4165	0.000311811	483.392
36.9473	0.522371	46.2113	-1.20096	-32.8153	-1.31067	-80.6206	-6.23878	211.979	-5.00455	1721.79	-106.194	-66.9865	-90.332	-0.000145967	482.02
36.9480	-0.0816205	42.8836	-0.585468	-31.9125	-0.0786402	-86.1007	-2.5887	-61.1422	-5.00455	1721.63	-106.514	-67.8976	-90.6372	-0.000298575	480.509
36.9487	-0.0816205	38.928	-0.285228	-31.9125	1.74319	-87.945	2.89935	-294.867	-4.99864	1723.31	-104.836	-67.1329	-90.0269	-0.000145967	479.579
36.9493	0.228537	28.8193	-0.585468	-23.9682	1.74319	-76.0363	8.3874	-346.492	-4.9868	1725.3	-102.838	-65.9126	-88.0432	0.000464373	478.37
36.9500	-0.99577	11.1133	-0.285228	-9.61438	0.222814	-51.007	14.1861	-265.911	-4.99272	1725.63	-101.959	-65.0015	-86.2122	0.000464373	475.626
36.9507	-1.90992	-4.70903	0.330264	2.30203	-0.393201	-24.4497	16.3347	-94.7127	-4.9868	1725.9	-101.32	-64.5459	-85.7544	6.59448e-006	473.626
36.9513	-1.30593	-16.3246	0.022518	11.465	-0.393201	2.7137	14.8074	-15.9777	-4.9799	1726.06	-101.799	-65.6197	-85.907	0.000464373	473.022
36.9520	-0.685612	-26.1194	0.330264	19.3642	-0.393201	31.3788	12.6588	-17.4774	-4.9799	1724.98	-102.678	-66.5309	-86.0596	0.000311811	471.487
36.9527	-0.685612	-30.7029	-0.285228	21.8016	-0.694655	51.534	9.31934	-20.2461	-4.97398	1724.87	-103.158	-66.9865	-86.6699	0.000311811	470.116
36.9533	-0.685612	-26.9984	-0.285228	17.5587	-1.61212	59.1745	7.48136	-148.991	-4.96807	1724.87	-103.637	-68.3532	-87.4329	0.000311811	469.674
36.9540	-0.685612	-16.3246	0.022518	7.76372	-1.91358	56.7243	6.26466	-272.602	-4.96215	1725.14	-103.317	-68.8251	-87.4329	-0.000451137	468.604
36.9547	-0.685612	-6.59264	0.022518	0.767345	-3.1325	50.6119	6.26466	-109.652	-4.96215	1725.63	-103.477	-68.9715	-87.1277	-0.000298575	467.372
36.9553	-0.391778	-4.39509	0.022518	0.135414	-4.35142	46.9497	6.57531	158.912	-4.96215	1724.71	-104.996	-70.501	-87.738	6.59448e-006	465.233
36.9560	-0.0816205	-2.26033	-0.285228	-1.35414	-3.44706	41.1534	1.37201	244.338	-4.95623	1725.14	-105.155	-70.9565	-87.2803	-0.000145967	463.256
36.9567	0.832529	5.02297	-0.585468	-6.86097	-2.52959	28.0328	-9.00869	128.399	-4.94933	1726.54	-104.037	-70.1918	-85.7544	0.000159203	462.187
36.9573	1.43652	13.8759	-0.893213	-12.9546	-2.83105	9.40574	-15.0921	-59.5848	-4.94933	1727.46	-103.797	-70.1918	-85.144	0.000159203	461.117
36.9580	2.05684	20.5942	-0.893213	-18.4614	-0.996109	-5.53279	-12.0375	-22.9572	-4.94933	1727.73	-103.797	-70.0454	-84.9915	-0.000145967	459.746
36.9587	2.97098	18.1455	-0.893213	-16.6108	0.825722	-9.80094	-6.23878	237.012	-4.94933	1726.22	-105.315	-70.9565	-85.4492	-0.000145967	458.071
36.9593	3.28114	10.8622	-1.20096	-10.8331	1.14028	-8.589	-1.68266	273.063	-4.94341	1724.39	-107.233	-73.3971	-87.1277	-0.000603745	457.002
36.9600	2.97098	6.27871	-0.585468	-6.545	1.44174	-6.13876	1.37201	66.1605	-4.9375	1723.79	-108.352	-75.5286	-89.2639	-0.000908915	456.095
36.9607	1.74668	0.125574	-0.285228	-0.135414	1.14028	0.869438	1.68266	-8.6522	-4.9375	1722.55	-109.39	-76.6025	-89.8743	-0.000298575	455.165
36.9613	0.522371	-9.60642	-0.893213	8.07969	0.222814	13.9901	-0.465967	16.6699	-4.93158	1722.28	-110.03	-76.9116	-89.1113	6.59448e-006	453.956
36.9620	-0.685612	-17.8315	-0.585468	15.708	0.222814	26.8209	-0.465967	-17.189	-4.92566	1723.04	-109.39	-76.7489	-88.3484	-0.000145967	451.817
36.9627	-2.82407	-19.7151	0.630503	18.1454	0.524268	27.1107	1.06137	-69.679	-4.91975	1723.31	-109.55	-77.058	-88.3484	0.000311811	450.585
36.9633	-4.35853	-15.3828	0.630503	14.4893	0.222814	15.5182	1.06137	-101.115	-4.91975	1724.12	-109.39	-77.6601	-88.6536	6.59448e-006	450.143
36.9640	-4.04838	-9.60642	-0.285228	11.465	0.524268	4.24181	1.37201	-40.3769	-4.91284	1724.12	-108.671	-77.8228	-88.1958	-0.000451137	448.004
36.9647	-3.13423	-7.15773	-0.285228	10.2012	1.14028	-4.00469	1.9933	25.2644	-4.91284	1723.63	-109.071	-78.1319	-87.5854	-0.000298575	446.004
36.9653	-2.53023	-6.59264	-0.893213	6.86097	1.44174	-9.80094	2.30395	-95.6356	-4.91284	1724.12	-109.23	-78.5875	-88.0432	-0.000145967	445.4
36.9660	-1.59976	-3.83001	-1.20096	3.20479	1.44174	-11.329	4.42668	-211.287	-4.90693	1723.04	-110.509	-79.6451	-88.9587	6.59448e-006	444.493
36.9667	-0.0816205	-1.06738	0.022518	2.30203	2.35921	-14.3853	4.11604	-157.585	-4.90693	1721.36	-112.187	-81.7928	-90.0269	-0.000145967	443.26
36.9673	-0.391778	1.06738	0.630503	1.35414	2.96211	-21.7096	0.465967	-170.679	-4.90693	1721.04	-113.066	-83.0131	-90.7898	6.59448e-006	442.354
36.9680	-0.99577	2.26033	0.022518	0.767345	3.57813	-26.2939	-1.06137	-178.927	-4.90101	1721.47	-113.226	-83.1596	-90.4846	6.59448e-006	440.819
36.9687	-0.391778	3.51608	0.022518	0.451379	3.87958	-24.7658	-2.27806	69.1599	-4.89509	1723.04	-112.187	-82.2484	-88.6536	-0.000145967	439.145
36.9693	-0.685612	8.7274	-0.285228	-4.10755	3.27667	-22.6317	-6.23878	297.174	-4.89509	1724.22	-111.708	-81.4837	-87.1277	0.000159203	437.169
36.9700	-0.99577	13.8759	-0.893213	-8.98245	2.66066	-24.7658	-5.64338	231.244	-4.89509	1724.87	-111.388	-81.3372	-86.2122	0.000464373	435.169
36.9707	-1.30593	13.562	-0.585468	-7.4929	2.35921	-28.7178	0.465967	-44.9337	-4.88918	1725.9	-110.908	-80.8654	-85.907	0.000311811	433.658
36.9713	-1.30593	12.683	-0.285228	-6.86097	1.14028	-32.0902	7.17071	-292.156	-4.88918	1726.22	-111.388	-81.4837	-86.2122	-0.000145967	432.588
36.9720	-0.99577	20.2802	-0.893213	-15.1212	0.524268	-35.7524	11.4421	-271.391	-4.88918	1725.14	-112.267	-82.704	-86.3647	-0.000145967	431.519
36.9727	-0.391778	27.3124	-0.893213	-20.5829	1.44174	-39.0984	11.7527	-130.417	-4.88227	1724.71	-113.226	-83.6151	-86.8225	0.000159203	430.286
36.9733	0.832529	21.536	-0.893213	-14.1733	2.05775	-37.8864	9.91474	-61.1422	-4.88227	1724.71	-113.545	-83.6151	-86.9751	-0.000145967	428.914
36.9740	1.14269	8.41347	-0.893213	-4.10755	0.825722	-36.9643	8.69805	130.244	-4.88918	1723.79	-113.945	-84.3799	-86.6699	6.59448e-006	426.938
36.9747	0.522371	-2.00919	-0.585468	2.57286	-0.694655	-40.9426	5.95402	348.395	-4.88918	1723.2	-114.904	-85.9093	-87.5854	0.000464373	425.869
36.9753	0.228537	-2.57427	0.330264	1.35414	-1.31067	-38.8086	3.83128	254.144	-4.88227	1724.12	-114.904	-86.2185	-88.1958	-0.000298575	424.799
36.9760	-0.391778	3.51608	0.330264	-5.32628	-1.61212	-26.8999	3.52064	106.999	-4.87636	1725.47	-114.265	-85.291	-87.1277	-0.000603745	422.962
36.9767	-1.30593	5.3369	-0.585468	-8.39565	-2.52959	-12.2512	2.89935	247.107	-4.88227	1726.22	-113.545	-84.689	-85.6018	6.59448e-006	421.59
36.9773	-0.99577	1.69525	-0.585468	-3.52076	-2.52959	-1.26464	1.9933	434.456	-4.88227	1727.14	-112.906	-84.689	-85.2966	6.59448e-006	420.521
36.9780	-0.685612	-5.02297	-0.893213	4.73948	-1.91358	5.74356	0.776611	406.999	-4.87636	1727.46	-112.587	-84.8354	-85.6018	-0.000451137	419.149
36.9787	-0.685612	-13.8759	-1.5012	13.2706	-1.61212	16.1241	-1.06137	254.721	-4.87636	1725.63	-113.386	-85.6002	-86.2122	-0.000908915	417.475
36.9793	0.228537	-19.9663	-0.893213	17.5587	-1.91358	28.349	-3.20999	51.7978	-4.88227	1723.04	-115.783	-87.5852	-88.1958	-0.000451137	416.103
36.9800	0.832529	-18.7733	-0.285228	16.024	-1.91358	33.2231	-3.20999	-271.102	-4.88227	1722.39	-117.621	-89.8794	-75.2258	6.59448e-006	415.336
36.9807	0.522371	-14.1899	-0.285228	11.7359	-1.61212	32.6171	-2.89935	-582.35	-4.88227	1722.12	-117.461	-90.4814	-116.882	-0.000451137	414.266
36.9813	-0.391778	-12.3691	0.022518	7.17693	-0.996109	32.301	-4.42668	-549.126	-4.88227	1722.39	-116.422	-89.5702	-93.8416	-0.000451137	412.755
36.9820	0.228537	-10.2343	-0.285228	3.52076	0.222814	34.435	-4.73733	-190.233	-4.88227	1723.31	-115.623	-88.6591	49.5911	-0.000145967	411.383
36.9827	0.832529	-5.3369	0.022518	-0.135414	0.524268	34.7512	-3.49475	115.247	-4.87636	1723.63	-115.223	-88.3499	-428.925	-0.000451137	409.849
36.9833	0.522371	-2.00919	0.022518	-3.20479	0.524268	31.3788	-2.5887	262.681	-4.87636	1723.63	-115.064	-88.3499	508.27	0.000311811	408.314
36.9840	0.522371	1.69525	-0.585468	-6.86097	1.44174	26.2149	-1.96742	204.365	-4.88227	1723.31	-115.383	-89.1146	3892.97	0.00122732	407.268
36.9847	1.14269	7.7856	-0.285228	-11.7359	2.05775	18.2582	0.155322	-79.7156	-4.87636	1723.79	-114.265	-89.7167	4999.85	0.000159203	406.035
36.9853	0.832529	8.97855	0.330264	-11.465	1.74319	12.4619	1.37201	-273.236	-4.87636	1724.12	-113.386	-89.5702	4871.67	-0.000603745	404.826
36.9860	0.832529	3.51608	0.022518	-5.05545	1.14028	12.1721	1.37201	-267.122	-4.87636	1723.04	-114.424	-90.0258	4942.63	0.000159203	403.896
36.9867	1.43652	0.753445	-0.585468	-0.767345	0.825722	7.27167	3.83128	-168.256	-4.88227	1721.79	-115.783	-91.7017	4999.85	6.59448e-006	402.385
36.9873	1.43652	1.38132	0.022518	1.98607	0.524268	-3.08255	6.86007	-29.9943	-4.88227	1720.88	-116.102	-93.0847	4954.68	-0.000298575	400.548
36.9880	0.832529	-3.51608	0.022518	9.93034	-0.393201	-9.51113	6.86007	74.3512	-4.88227	1721.04	-115.383	-92.32	4970.25	0.000464373	399.478
36.9887	1.43652	-13.8759	-0.285228	19.3642	-0.996109	-7.66687	5.33273	101.231	-4.88227	1722.71	-113.386	-90.4814	4972.84	0.000311811	397.944
36.9893	1.74668	-20.2802	0.022518	23.3363	-0.393201	-2.18677	5.33273	125.341	-4.88227	1724.39	-111.548	-89.5702	4974.37	-0.000298575	396.107
36.9900	1.43652	-16.9525	0.022518	19.6801	-0.694655	1.1856	5.95402	190.06	-4.88227	1725.3	-110.03	-89.4238	4975.43	-0.000145967	394.293
36.9907	1.43652	-11.4272	0.022518	14.1733	-0.393201	-0.342506	6.57531	193.059	-4.87636	1725.79	-108.831	-89.2611	4975.59	0.000311811	392.619
36.9913	1.43652	-6.84379	-0.285228	8.71162	0.222814	-7.06089	6.26466	187.926	-4.88227	1724.98	-109.071	-90.1722	4975.28	0.000311811	391.387
36.9920	1.14269	7.47166	-0.585468	-7.4929	0.222814	-16.2295	7.48136	174.486	-4.88227	1724.55	-109.55	-91.3925	4974.52	6.59448e-006	390.783
36.9927	0.832529	31.5819	-0.285228	-32.4993	-0.393201	-23.5539	9.91474	-82.4843	-4.88918	1724.98	-108.831	-91.5552	4974.82	0.000311811	389.55
36.9933	0.522371	50.4808	-0.285228	-49.6066	-1.31067	-30.5621	9.91474	-523.746	-4.88918	1724.98	-107.872	-91.8644	4975.13	0.000464373	388.178
36.9940	0.832529	57.199	-0.285228	-53.2628	-0.996109	-36.6745	9.31934	-752.049	-4.88227	1724.39	-107.712	-92.7755	4974.52	0.000159203	386.667
36.9947	0.522371	49.9157	-0.285228	-44.4157	-0.694655	-31.774	9.91474	-500.27	-4.87636	1723.79	-108.032	-93.8494	4973.91	0.000159203	385.133
36.9953	0.832529	35.2235	0.022518	-29.4299	-0.393201	-22.6317	9.91474	46.8949	-4.88918	1724.39	-107.153	-93.8494	4974.06	6.59448e-006	384.226
36.9960	0.832529	22.7289	-0.285228	-16.9267	-0.393201	-20.7875	8.10264	314.248	-4.89509	1725.79	-104.996	-92.6128	4975.43	-0.000298575	382.691
36.9967	0.228537	12.3691	-0.585468	-7.17693	-0.0786402	-20.4977	4.11604	262.335	-4.89509	1726.54	-103.877	-92.0108	4976.96	0.000311811	380.854
36.9973	0.228537	5.02297	-0.585468	-1.35414	-0.0786402	-23.5539	-2.5887	318.516	-4.88918	1726.98	-103.158	-92.1573	4977.26	0.000311811	379.645
36.9980	1.14269	0.125574	-0.585468	1.35414	0.222814	-27.5059	-12.6588	359.412	-4.88227	1727.14	-102.678	-92.6128	4976.65	-0.000145967	378.413
36.9987	1.74668	-6.59264	0.022518	5.64224	0.825722	-16.5193	-17.2408	216.882	-4.88918	1725.79	-104.196	-93.6867	4974.98	-0.000145967	377.646
36.9993	1.74668	-17.5804	0.022518	11.465	1.14028	9.7219	-14.8074	110.69	-4.89509	1723.47	-106.034	-95.8182	4973.14	0.000159203	376.437
37.0000	1.43652	-26.9984	-0.585468	15.1212	0.825722	35.9631	-12.9694	87.5025	-4.89509	1722.39	-107.153	-97.8032	4971.92	0.000311811	375.204
37.0007	1.14269	-33.4027	-0.893213	18.7774	1.44174	55.5123	-12.3481	29.5328	-4.89509	1722.28	-107.233	-98.7306	4971.16	6.59448e-006	374.135
37.0013	1.14269	-37.3583	-0.585468	23.0203	2.35921	69.8449	-12.6588	-84.9069	-4.89509	1722.71	-105.555	-98.4215	4971.47	-0.000298575	372.461
37.0020	1.43652	-39.2419	-0.285228	25.5029	2.96211	80.5153	-13.5648	-212.786	-4.89509	1723.47	-104.516	-97.3476	4973.14	-0.000145967	370.484
37.0027	1.43652	-38.3001	0.022518	25.5029	2.66066	83.2817	-7.48136	-299.481	-4.89509	1723.95	-104.676	-97.3476	4973.91	6.59448e-006	369.577
37.0033	0.832529	-34.3445	0.022518	23.9682	1.74319	76.5633	6.86007	-346.492	-4.88918	1724.39	-104.356	-97.5103	4973.75	-0.000145967	368.647
37.0040	0.522371	-29.4471	-0.285228	20.5829	1.14028	64.3384	16.6454	-397.136	-4.89509	1724.39	-103.637	-97.3476	4973.91	0.000159203	367.136
37.0047	0.228537	-24.5497	-0.585468	15.708	0.825722	53.6681	15.118	-406.596	-4.90101	1724.39	-103.637	-97.3476	4973.75	0.000159203	365.602
37.0053	0.228537	-16.9525	0.022518	9.61438	0.524268	45.7377	6.57531	-291.233	-4.90101	1724.22	-104.196	-97.5103	4973.6	6.59448e-006	364.532
37.0060	-0.0816205	-11.4272	0.630503	6.86097	-0.0786402	37.2014	-9.29345	-99.5579	-4.90101	1723.31	-105.315	-98.7306	4972.69	6.59448e-006	363.462
37.0067	0.522371	-8.7274	0.022518	6.545	-0.0786402	24.9766	-28.5275	107.922	-4.90101	1721.63	-106.993	-100.097	4971.16	0.000159203	362.393
37.0073	1.14269	-3.20214	-0.285228	1.35414	0.524268	7.90399	-34.9475	380.466	-4.90693	1721.04	-107.712	-100.553	4970.55	0.000311811	361.626
37.0080	1.74668	7.47166	0.022518	-6.86097	1.14028	-13.1733	-29.7442	639.859	-4.90101	1721.63	-107.393	-100.407	4971.01	0.000159203	359.649
37.0087	1.74668	20.5942	0.630503	-16.3399	1.74319	-32.38	-27.0002	596.252	-4.90101	1722.55	-106.194	-99.0235	4972.69	6.59448e-006	357.208
37.0093	1.43652	29.1332	0.330264	-22.4336	2.66066	-41.8648	-27.9062	104.865	-4.90693	1724.39	-104.196	-96.892	4974.67	6.59448e-006	356.301
37.0100	2.05684	30.6401	0.022518	-21.5308	3.57813	-44.6048	-21.5121	-399.558	-4.90693	1726.38	-102.678	-95.6717	4975.59	0.000159203	355.371
37.0107	2.66083	28.2542	-0.285228	-18.1454	3.27667	-42.4707	-8.07676	-359.585	-4.90693	1726.81	-102.838	-95.3626	4975.89	0.000311811	353.86
37.0113	2.36699	23.0429	-0.285228	-14.1733	2.66066	-35.4362	0.155322	-89.8098	-4.90693	1726.22	-103.158	-95.6717	4975.28	-0.000145967	352.627
37.0120	2.36699	16.6386	-0.585468	-11.1491	2.35921	-26.8999	3.83128	55.4317	-4.90693	1725.3	-104.196	-95.8182	4974.52	-0.000145967	351.418
37.0127	2.97098	12.3691	-0.893213	-8.98245	2.35921	-21.3935	9.62998	355.721	-4.91284	1724.87	-104.996	-95.8182	4974.21	6.59448e-006	350.186
37.0133	3.57498	8.41347	-0.585468	-5.64224	1.74319	-16.8355	13.5907	596.54	-4.90693	1725.14	-104.516	-95.5253	4974.21	6.59448e-006	349.581
37.0140	2.66083	2.00919	-0.585468	-1.08331	-0.0786402	-10.7231	14.8074	435.379	-4.90693	1725.47	-104.356	-95.2162	4974.37	0.000159203	348.512
37.0147	2.66083	-3.20214	-0.893213	3.52076	-0.694655	-3.71487	22.4441	129.321	-4.91284	1724.55	-105.315	-95.8182	4973.75	0.000159203	346.675
37.0153	3.57498	-6.84379	-0.285228	6.86097	-0.393201	1.79157	31.8928	-60.5077	-4.91284	1724.22	-105.715	-95.8182	4973.75	0.000159203	345.466
37.0160	2.97098	-9.92036	0.022518	8.07969	-0.996109	8.79977	31.5822	-120.035	-4.90693	1725.9	-104.516	-93.8494	4975.59	6.59448e-006	344.094
37.0167	2.05684	-10.5482	0.630503	8.07969	-1.61212	15.8343	29.1488	-119.746	-4.91284	1727.46	-103.317	-92.1573	4976.96	6.59448e-006	342.095
37.0173	1.43652	-10.2343	1.85398	8.71162	-1.91358	18.2582	29.1488	-102.615	-4.91284	1727.62	-102.678	-91.5552	4976.96	-0.000451137	340.281
37.0180	1.14269	-11.7412	1.54623	10.5171	-2.52959	17.3624	28.8382	-77.0045	-4.91284	1726.71	-103.317	-91.7017	4976.5	-0.000603745	338.909
37.0187	0.522371	-12.9969	1.24599	11.1491	-2.83105	13.0679	29.1488	-53.1822	-4.91284	1725.3	-104.836	-93.2311	4974.52	-0.000451137	338.444
37.0193	0.832529	-10.8622	0.630503	10.2012	-2.83105	7.58783	34.3262	-36.1085	-4.90693	1724.12	-105.874	-94.4514	4972.69	-0.000451137	337.979
37.0200	1.43652	-9.60642	0.330264	9.93034	-3.1325	5.74356	41.6523	-33.0514	-4.90693	1723.04	-106.833	-95.2162	4972.53	-0.000451137	336.77
37.0207	2.05684	-8.7274	0.630503	8.07969	-2.83105	6.98185	27.3108	-36.6853	-4.90693	1723.04	-106.833	-95.0697	4972.69	6.59448e-006	335.84
37.0213	2.66083	-5.96477	0.330264	6.545	-1.91358	6.37588	-4.73733	-29.7059	-4.91284	1723.47	-106.034	-94.5979	4972.69	-0.000145967	334.329
37.0220	2.36699	-3.83001	0.022518	6.27417	-1.61212	0.263466	-20.2954	-14.4203	-4.91284	1723.79	-105.315	-94.1423	4972.99	-0.000298575	332.492
37.0227	1.74668	-2.00919	-0.585468	3.83672	-1.31067	-8.589	-26.4048	-0.115363	-4.90693	1724.55	-104.676	-93.2311	4973.6	-0.000298575	331.422
37.0233	1.74668	1.06738	-0.585468	0.135414	-1.31067	-11.935	-37.0702	1.73044	-4.91284	1724.98	-103.877	-92.4664	4974.37	-0.000451137	330.353
37.0240	2.66083	2.57427	-0.285228	-1.08331	-1.31067	-7.37705	-40.1249	8.47915	-4.91975	1724.22	-104.196	-92.922	4973.91	-0.000298575	328.679
37.0247	2.36699	3.20214	0.022518	-1.35414	-1.61212	-5.24298	-37.0702	52.0862	-4.91284	1723.79	-104.676	-93.6867	4972.53	-0.000145967	327.307
37.0253	2.05684	4.14395	0.330264	-1.98607	-2.21503	-9.19497	-33.4202	63.1034	-4.90693	1723.95	-104.037	-93.5403	4972.38	-0.000298575	326.075
37.0260	2.05684	4.14395	0.630503	-2.57286	-1.91358	-13.1733	-25.1622	13.6705	-4.90693	1722.55	-104.836	-93.5403	4972.23	-0.000145967	324.865
37.0267	1.43652	4.14395	0.938249	-3.83672	-0.996109	-14.7014	-13.5648	-1.90348	-4.90101	1721.36	-106.514	-94.4514	4970.86	6.59448e-006	324.098
37.0273	1.43652	4.14395	0.630503	-4.73948	-0.0786402	-13.4631	-6.54942	-10.7864	-4.90101	1721.36	-106.514	-94.7606	4970.25	-0.000145967	323.191
37.0280	1.43652	2.57427	0.022518	-3.52076	0.222814	-7.98302	-4.11604	-61.4306	-4.90693	1721.96	-105.475	-93.6867	4971.62	0.000159203	321.796
37.0287	1.14269	-1.38132	0.330264	0.451379	-0.0786402	1.47541	-1.06137	-124.015	-4.90693	1723.95	-103.637	-91.8644	4973.45	0.000464373	320.285
37.0293	1.74668	-9.60642	1.24599	8.07969	-0.694655	12.4619	1.06137	-168.833	-4.90693	1725.47	-101.639	-90.6441	4974.67	6.59448e-006	318.611
37.0300	1.43652	-19.7151	1.54623	18.1454	-1.61212	20.3923	1.37201	-88.3101	-4.90693	1725.63	-101	-89.7167	4975.43	0.000159203	316.774
37.0307	0.522371	-27.9402	1.24599	26.4057	-1.91358	21.9204	2.5887	84.157	-4.90101	1725.47	-101	-89.1146	4975.74	0.000616981	315.542
37.0313	0.832529	-29.7611	1.54623	27.9404	-1.31067	18.2582	4.73733	204.076	-4.90101	1725.9	-100.521	-88.8055	4975.43	0.000464373	314.333
37.0320	0.832529	-23.3568	1.24599	22.1176	-0.393201	13.3841	1.9933	267.526	-4.90101	1725.3	-100.441	-88.3499	4975.13	-0.000145967	312.961
37.0327	1.43652	-9.29249	0.938249	10.2012	0.825722	5.74356	-5.95402	138.781	-4.90101	1724.71	-101	-88.8055	4974.52	-0.000145967	312.194
37.0333	1.14269	8.09953	0.630503	-3.52076	2.05775	-7.66687	-9.91474	-187.176	-4.90101	1724.98	-101	-89.5702	4974.21	0.000159203	311.124
37.0340	0.522371	17.5176	0.330264	-10.2012	2.35921	-22.0258	-9.60409	-440.454	-4.90101	1725.3	-100.281	-89.2611	4974.67	-0.000145967	309.915
37.0347	0.228537	19.0873	0.330264	-10.8331	2.66066	-33.3021	-10.8208	-532.918	-4.89509	1724.98	-99.8017	-88.8055	4974.67	0.000159203	309.148
37.0353	0.228537	22.101	0.630503	-14.1733	3.87958	-43.3665	-13.8755	-538.109	-4.90101	1724.87	-99.482	-88.8055	4974.67	0.000311811	307.613
37.0360	0.522371	27.3124	0.630503	-19.3642	4.4956	-51.9292	-15.0921	-452.048	-4.90101	1726.06	-98.6031	-87.7316	4976.04	6.59448e-006	305.776
37.0367	0.832529	28.8193	0.630503	-21.5308	4.19414	-56.4871	-10.536	-154.528	-4.90101	1727.46	-97.9638	-86.8205	4976.96	-0.000298575	304.102
37.0373	0.522371	26.6845	0.630503	-19.3642	4.19414	-55.5914	-2.89935	121.361	-4.90101	1727.62	-97.6442	-86.674	4977.26	-0.000298575	302.893
37.0380	0.832529	26.6845	0.630503	-19.6801	4.19414	-55.8812	0.465967	114.959	-4.90101	1727.14	-97.6442	-86.674	4977.11	6.59448e-006	302.126
37.0387	0.522371	30.3889	0.330264	-22.7495	2.96211	-60.7816	-0.155322	156.489	-4.90101	1725.63	-98.7629	-88.3499	4974.82	-0.000298575	301.359
37.0393	0.228537	31.5819	0.330264	-23.6523	1.74319	-64.1277	-1.06137	303.865	-4.90101	1723.79	-100.281	-90.3349	4972.53	-0.000756307	299.824
37.0400	0.228537	26.9984	1.24599	-21.5308	1.14028	-61.6774	1.37201	291.983	-4.90101	1722.55	-101.639	-91.0997	4972.08	-0.000145967	298.452
37.0407	-0.0816205	17.5176	0.630503	-15.392	1.14028	-50.0849	11.1314	194.905	-4.90693	1722.28	-102.359	-92.0108	4971.47	6.59448e-006	297.848
37.0413	-0.0816205	8.7274	-0.285228	-7.76372	1.44174	-28.1118	26.7154	76.197	-4.90693	1722.87	-101.16	-91.2461	4972.08	-0.000451137	296.639
37.0420	0.832529	5.65084	-0.585468	-5.05545	1.14028	-9.80094	39.2189	-89.1753	-4.90101	1723.79	-99.482	-89.8794	4973.45	0.000159203	295.104
37.0427	1.43652	7.15773	-0.585468	-7.4929	0.825722	-4.00469	38.9082	-120.323	-4.90693	1724.22	-99.482	-89.8794	4973.14	0.000159203	294.034
37.0433	2.05684	6.27871	-0.585468	-6.86097	0.825722	-1.26464	30.0549	97.2507	-4.90693	1724.55	-99.3222	-90.1722	4973.3	-0.000298575	292.825
37.0440	2.36699	0.753445	-0.585468	-0.767345	0.524268	3.60949	25.7835	318.805	-4.90693	1724.39	-98.7629	-89.7167	4974.06	-0.000145967	291.756
37.0447	2.05684	-3.83001	-0.893213	3.20479	-0.393201	12.4619	16.3347	408.557	-4.90693	1724.12	-98.6031	-89.5702	4973.75	-0.000298575	290.686
37.0453	2.05684	-8.97855	-1.20096	5.05545	-1.31067	29.2447	-6.23878	390.214	-4.90101	1723.95	-99.0026	-90.0258	4973.45	-0.000298575	289.454
37.0460	2.05684	-16.3246	-0.893213	9.29841	-2.52959	45.1318	-18.7681	250.741	-4.90693	1722.71	-99.8017	-91.2461	4972.23	-0.000298575	288.547
37.0467	1.74668	-21.536	-0.585468	13.2706	-3.74852	51.8501	-16.0241	98.1736	-4.91284	1721.47	-100.84	-92.32	4970.86	6.59448e-006	287.617
37.0473	1.43652	-24.5497	0.022518	15.1212	-3.44706	56.7243	-11.7527	0.519132	-4.90693	1721.2	-101.639	-92.6128	4970.55	0.000311811	286.106
37.0480	1.14269	-28.5053	0.022518	17.2427	-2.83105	67.1048	-6.86007	-53.8167	-4.90693	1721.96	-100.121	-91.7017	4971.77	0.000464373	284.873
37.0487	0.228537	-29.7611	0.330264	19.3642	-2.83105	75.325	-1.06137	-8.0177	-4.90693	1724.12	-97.6442	-89.5702	4973.91	0.000159203	283.967
37.0493	0.228537	-26.9984	0.938249	17.5587	-1.31067	76.2471	2.30395	129.321	-4.90101	1725.79	-96.7653	-88.2035	4975.28	6.59448e-006	282.13
37.0500	0.522371	-21.536	0.630503	13.2706	0.222814	71.979	-0.465967	142.415	-4.90101	1726.22	-95.9662	-87.8943	4975.74	-0.000145967	280.618
37.0507	0.832529	-15.3828	-0.285228	10.2012	-0.996109	61.5984	-6.86007	-116.978	-4.90101	1726.54	-95.6466	-87.8943	4975.59	-0.000145967	279.991
37.0513	1.43652	-11.1133	-0.285228	9.61438	-3.1325	45.7377	-9.29345	-404.115	-4.90693	1726.54	-96.7653	-88.4964	4974.67	0.000311811	279.247
37.0520	1.43652	-10.2343	0.022518	11.465	-3.44706	32.0111	-9.29345	-402.327	-4.90693	1725.79	-97.3246	-88.9519	4974.37	0.000311811	278.177
37.0527	1.14269	-10.8622	0.330264	13.2706	-3.44706	20.1025	-9.29345	-192.944	-4.90693	1725.14	-97.1648	-88.9519	4974.82	0.000311811	276.48
37.0533	0.522371	-9.92036	0.938249	14.4893	-4.04997	7.90399	-5.95402	51.7978	-4.90693	1725.3	-97.3246	-88.9519	4974.37	0.000464373	275.271
37.0540	0.228537	-10.5482	1.54623	16.3399	-2.83105	-1.87061	-1.37201	342.915	-4.90693	1725.14	-97.4844	-89.1146	4973.6	-0.000298575	274.038
37.0547	-0.0816205	-9.92036	1.54623	14.4893	-1.91358	-9.80094	1.06137	598.674	-4.90101	1724.39	-97.9638	-89.2611	4973.91	6.59448e-006	272.667
37.0553	-0.685612	-1.06738	0.938249	3.83672	-3.1325	-20.1815	2.89935	531.533	-4.90101	1725.14	-97.9638	-89.2611	4974.21	0.000769543	272.364
37.0560	-0.99577	14.8177	1.24599	-11.7359	-3.74852	-33.0123	5.33273	61.546	-4.91284	1726.71	-96.4456	-87.7316	4975.13	-0.000298575	270.853
37.0567	-0.685612	30.3889	1.24599	-25.7738	-2.52959	-44.6048	7.48136	-343.088	-4.91284	1726.98	-95.4868	-86.2185	4976.5	-0.000603745	268.249
37.0573	0.832529	37.3583	0.330264	-30.6487	-0.996109	-52.219	8.69805	-358.086	-4.90693	1727.46	-95.6466	-86.2185	4977.26	6.59448e-006	267.644
37.0580	2.36699	35.8514	0.022518	-26.9925	0.825722	-50.6909	7.48136	-282.696	-4.90693	1726.98	-96.2858	-86.9832	4976.5	-0.000298575	267.342
37.0587	1.43652	31.5819	0.022518	-22.1176	1.74319	-44.6048	6.26466	-230.495	-4.91284	1725.14	-98.1237	-88.6591	4974.52	-0.000451137	266.272
37.0593	0.522371	25.1776	0.022518	-17.5587	1.14028	-43.9988	4.42668	44.7607	-4.91284	1724.22	-99.6419	-90.0258	4972.99	6.59448e-006	265.645
37.0600	-0.0816205	17.2664	0.330264	-12.0518	0.222814	-45.8168	2.89935	256.855	-4.91284	1723.63	-100.441	-90.4814	4972.38	0.000159203	264.901
37.0607	-0.99577	8.41347	0.938249	-5.32628	-0.694655	-41.5486	-0.465967	51.1633	-4.91284	1722.71	-100.84	-90.937	4972.23	6.59448e-006	263.366
37.0613	-1.59976	-1.06738	0.938249	0.451379	-0.0786402	-29.9561	-5.33273	-194.79	-4.91284	1723.31	-100.281	-90.6441	4972.99	-0.000451137	261.994
37.0620	-1.30593	-8.7274	1.54623	4.73948	1.14028	-13.4631	-7.76611	-171.313	-4.91284	1724.22	-99.1624	-89.8794	4973.75	-0.000451137	260.925
37.0627	-0.685612	-15.6968	0.938249	10.8331	-0.393201	7.27167	-7.76611	-33.0514	-4.91284	1724.39	-99.0026	-89.5702	4973.91	-0.000298575	259.716
37.0633	-0.391778	-22.101	-0.285228	16.3399	-2.52959	28.0328	-7.48136	51.5094	-4.91284	1724.55	-99.3222	-89.7167	4974.21	0.000159203	258.483
37.0640	0.228537	-21.8499	-0.893213	14.8052	-2.52959	35.6733	-7.76611	-23.5917	-4.90693	1724.71	-99.3222	-90.0258	4973.75	0.000159203	257.577
37.0647	0.832529	-16.6386	-0.893213	10.8331	-1.61212	30.483	-8.69805	-220.112	-4.91284	1724.39	-99.0026	-89.7167	4973.45	-0.000451137	256.507
37.0653	1.43652	-13.562	-0.893213	10.2012	-0.996109	24.6868	-11.1314	-317.478	-4.91975	1723.63	-99.482	-90.0258	4973.45	0.000159203	254.972
37.0660	1.74668	-11.4272	-0.585468	10.5171	-0.0786402	22.8425	-13.8755	-223.803	-4.91975	1722.28	-100.681	-91.5552	4972.23	0.000616981	254.205
37.0667	1.74668	-8.97855	-0.585468	8.71162	1.14028	21.3144	-14.1861	-159.085	-4.91975	1721.47	-101.48	-92.1573	4971.16	6.59448e-006	254.066
37.0673	1.14269	-5.65084	-0.585468	5.05545	2.05775	17.9684	-12.0375	-160.931	-4.91975	1721.79	-101	-92.0108	4971.16	-0.000145967	253.438
37.0680	0.832529	1.69525	-0.585468	-0.767345	2.05775	10.9338	-9.00869	-51.048	-4.91975	1722.71	-100.121	-91.5552	4971.92	0.000159203	251.764
37.0687	1.14269	3.83001	-0.585468	0.135414	1.74319	4.53162	-5.02209	-37.3198	-4.91975	1723.95	-98.6031	-90.0258	4973.91	0.000311811	249.95
37.0693	1.14269	-5.3369	-0.285228	11.465	1.44174	2.7137	0.776611	-42.7995	-4.91975	1724.98	-97.0849	-88.3499	4975.59	6.59448e-006	248.253
37.0700	1.14269	-12.9969	-0.285228	19.0933	-0.0786402	2.08138	8.10264	140.915	-4.91975	1725.63	-96.2858	-87.8943	4975.43	6.59448e-006	247.183
37.0707	0.832529	-8.09953	0.022518	13.9025	-1.31067	-6.74473	12.374	105.211	-4.92566	1726.06	-95.9662	-88.2035	4975.13	-0.000145967	246.114
37.0713	0.832529	8.41347	0.330264	-1.98607	-0.0786402	-22.9216	12.6588	-152.682	-4.91975	1725.79	-96.6055	-88.3499	4975.28	6.59448e-006	244.905
37.0720	0.832529	24.8637	0.022518	-17.5587	1.44174	-37.2805	11.4421	-279.351	-4.91284	1725.3	-97.6442	-88.4964	4974.82	0.000159203	244.137
37.0727	0.832529	34.0306	0.022518	-27.3084	1.74319	-48.873	10.536	-295.501	-4.91284	1724.87	-97.6442	-88.8055	4974.37	-0.000145967	243.068
37.0733	1.14269	36.4793	0.022518	-30.9646	1.44174	-53.1411	9.31934	-165.488	-4.91284	1724.71	-97.6442	-88.6591	4974.52	0.000159203	242.161
37.0740	2.05684	33.0888	-0.285228	-29.1591	2.66066	-41.5486	8.10264	-13.4974	-4.92566	1724.98	-98.1237	-88.9519	4974.37	0.000311811	241.231
37.0747	1.74668	30.075	-0.585468	-27.6244	4.19414	-23.5539	8.3874	-47.9908	-4.91975	1724.71	-98.2835	-89.2611	4974.06	6.59448e-006	239.72
37.0753	0.832529	24.2358	-0.585468	-23.3363	3.87958	-10.4069	6.26466	77.7544	-4.91975	1724.98	-97.3246	-88.3499	4974.67	0.000159203	239.115
37.0760	0.522371	11.4272	0.022518	-12.9546	2.66066	3.60949	3.20999	506.788	-4.91975	1726.71	-96.126	-87.1296	4976.65	0.000159203	238.65
37.0767	-0.0816205	-0.753445	0.022518	-2.88883	1.44174	21.0246	4.42668	772.641	-4.92566	1727.73	-95.2471	-85.9093	4978.18	-0.000451137	236.511
37.0773	-0.99577	-8.97855	0.022518	4.73948	0.222814	34.7512	4.11604	613.614	-4.92566	1727.73	-95.0873	-85.291	4977.72	-0.000603745	234.976
37.0780	-1.59976	-13.562	0.022518	8.98245	-0.694655	40.5474	-2.89935	281.254	-4.92566	1727.14	-96.7653	-86.9832	4976.04	-0.000451137	234.232
37.0787	-0.685612	-15.6968	0.330264	11.1491	-1.61212	43.2875	-8.3874	100.308	-4.91975	1724.87	-99.3222	-89.2611	4973.91	-0.000451137	233.605
37.0793	0.228537	-18.1455	0.938249	12.9546	-1.61212	43.8935	-8.07676	8.13306	-4.91975	1723.04	-100.281	-90.6441	4972.38	-0.000145967	233.163
37.0800	-0.99577	-19.0873	0.938249	12.6838	-1.91358	39.6253	-5.33273	-116.689	-4.91975	1722.55	-100.681	-91.0997	4971.92	-0.000451137	231.93
37.0807	-0.99577	-18.7733	0.330264	11.465	-1.91358	39.9415	-4.73733	-132.206	-4.91975	1722.12	-101.48	-91.3925	4971.77	-0.000298575	230.559
37.0813	-0.0816205	-19.9663	0.022518	12.3678	-1.91358	48.188	-4.11604	-52.8938	-4.92566	1722.87	-100.681	-91.3925	4971.92	-0.000451137	230.094
37.0820	-0.99577	-20.5942	0.330264	13.2706	-1.91358	51.8501	-3.20999	-18.4003	-4.92566	1723.63	-99.482	-90.4814	4972.99	-0.000451137	228.722
37.0827	-2.53023	-18.4594	0.938249	12.0518	-1.61212	46.9497	-3.49475	-28.783	-4.93158	1723.31	-99.482	-89.8794	4973.6	6.59448e-006	227.048
37.0833	-3.44438	-16.0107	1.54623	10.8331	-0.996109	41.4696	-4.11604	-54.3935	-4.93158	1723.31	-99.0026	-89.4238	4973.6	0.000159203	226.443
37.0840	-2.82407	-14.5038	0.938249	10.2012	0.524268	35.9631	-4.11604	-64.1993	-4.93158	1724.12	-98.4433	-89.4238	4973.75	6.59448e-006	226.141
37.0847	-0.99577	-13.562	0.630503	10.2012	1.44174	28.349	-3.8054	-67.8332	-4.93158	1724.39	-98.7629	-89.7167	4973.75	6.59448e-006	224.909
37.0853	-0.0816205	-12.0551	0.630503	9.61438	1.74319	20.1025	-2.89935	-97.4237	-4.93158	1723.63	-99.1624	-90.0258	4973.3	0.000464373	224.002
37.0860	-0.685612	-10.5482	0.330264	7.4929	2.35921	13.9901	-1.68266	-70.6019	-4.93158	1722.87	-99.0026	-91.0997	4972.08	0.000159203	224.467
37.0867	-0.391778	-7.47166	0.022518	5.32628	2.96211	11.25	-1.96742	5.42204	-4.9375	1722.39	-99.6419	-91.7017	4971.31	-0.000145967	224.002
37.0873	-0.0816205	-3.83001	0.022518	4.42352	3.27667	8.79977	-2.27806	-9.8635	-4.9375	1721.63	-100.681	-91.5552	4971.47	-0.000145967	221.863
37.0880	-0.685612	-2.26033	0.022518	4.10755	2.66066	3.31967	-2.89935	-43.7224	-4.9375	1721.96	-100.441	-91.3925	4972.08	-0.000145967	220.328
37.0887	-0.685612	-2.88821	0.022518	5.05545	2.05775	-1.26464	-1.96742	8.47915	-4.9375	1723.63	-98.4433	-90.1722	4973.3	6.59448e-006	219.584
37.0893	-0.0816205	-6.27871	-0.285228	10.5171	2.35921	-2.18677	-0.465967	48.1062	-4.9375	1724.98	-96.9251	-88.4964	4974.98	6.59448e-006	217.887
37.0900	0.228537	-12.3691	-0.585468	17.8746	2.96211	-0.948478	-1.37201	31.9554	-4.93158	1725.79	-96.2858	-87.8943	4975.89	6.59448e-006	216.678
37.0907	0.522371	-17.8315	-0.585468	23.0203	2.35921	-0.342506	-4.11604	-8.0177	-4.92566	1725.9	-96.126	-88.3499	4975.43	0.000159203	215.91
37.0913	1.14269	-21.536	-1.5012	26.7217	1.44174	-4.00469	-6.54942	-109.018	-4.93158	1725.14	-96.4456	-88.4964	4974.67	6.59448e-006	215.306
37.0920	0.832529	-21.8499	-1.80894	30.0619	1.14028	-13.1733	-7.48136	-202.115	-4.92566	1724.55	-96.6055	-88.8055	4974.52	6.59448e-006	214.376
37.0927	0.522371	-17.2664	-1.20096	29.7459	-0.393201	-26.2939	-6.23878	-70.2558	-4.92566	1725.14	-96.4456	-88.9519	4974.82	0.000159203	214.074
37.0933	0.522371	-9.92036	-0.285228	23.3363	-1.91358	-39.0984	-3.20999	199.174	-4.93158	1725.47	-95.9662	-88.3499	4974.82	6.59448e-006	213.469
37.0940	-0.0816205	0.753445	-0.285228	10.5171	-1.91358	-48.873	-1.06137	246.184	-4.93158	1725.14	-95.8064	-88.0408	4975.13	-0.000298575	212.26
37.0947	-0.99577	18.4594	0.330264	-10.5171	-2.52959	-58.6476	-1.37201	140.915	-4.92566	1724.98	-96.126	-88.8055	4975.13	-0.000145967	210.865
37.0953	-1.30593	45.0183	0.330264	-39.5408	-2.52959	-75.4304	-2.27806	17.016	-4.93158	1725.14	-95.8064	-88.9519	4974.98	6.59448e-006	209.819
37.0960	-0.99577	71.5773	0.022518	-65.134	-1.31067	-93.7413	-1.68266	-306.807	-4.93158	1726.54	-93.8088	-87.5852	4976.04	6.59448e-006	209.191
37.0967	-0.99577	80.4302	0.630503	-72.1756	-1.31067	-101.961	-0.465967	-672.679	-4.93158	1727.46	-92.6102	-86.2185	4977.11	6.59448e-006	207.982
37.0973	-0.99577	70.3215	0.022518	-62.6966	-2.52959	-100.433	0.465967	-711.153	-4.92566	1727.3	-93.0896	-86.3649	4976.65	-0.000145967	206.61
37.0980	-0.99577	55.0643	-1.20096	-48.3879	-2.83105	-93.1089	0.465967	-347.991	-4.93158	1726.81	-94.2882	-87.4388	4975.89	-0.000298575	206.145
37.0987	-1.30593	39.807	-0.893213	-34.35	-1.61212	-80.3045	-0.465967	105.788	-4.93158	1725.14	-95.4069	-88.8055	4974.37	-0.000298575	206.145
37.0993	-0.99577	22.7289	0.022518	-18.4614	-0.694655	-59.2535	-1.06137	357.278	-4.93158	1723.31	-96.4456	-90.0258	4972.69	-0.000603745	205.238
37.1000	-0.391778	6.52986	0.022518	-3.83672	-0.694655	-29.9561	-1.68266	501.308	-4.93158	1722.71	-97.1648	-90.937	4971.92	-0.000908915	204.308
37.1007	-0.0816205	-6.27871	-0.285228	4.10755	-0.996109	-4.61066	-2.5887	602.654	-4.92566	1723.04	-97.0849	-90.937	4972.38	-0.000603745	203.866
37.1013	0.228537	-12.683	0.022518	7.4929	-0.694655	12.1721	-2.27806	564.815	-4.92566	1723.47	-96.2858	-90.1722	4973.3	-0.000145967	203.099
37.1020	0.228537	-13.8759	-0.285228	6.86097	-0.694655	28.0328	-1.68266	365.18	-4.93158	1723.79	-96.126	-90.0258	4973.6	-0.000145967	201.867
37.1027	-0.0816205	-14.1899	-0.585468	4.10755	-0.0786402	43.6036	-1.06137	74.3512	-4.9375	1724.22	-95.8064	-90.0258	4973.75	6.59448e-006	200.96
37.1033	-0.391778	-16.6386	-0.893213	4.42352	0.825722	57.6464	1.06137	-152.682	-4.91975	1724.55	-95.0873	-89.7167	4973.91	0.000311811	200.355
37.1040	-0.685612	-21.536	-0.585468	9.93034	1.44174	74.4292	5.33273	-198.77	-4.91975	1724.87	-94.448	-89.4238	4974.21	0.000616981	199.89
37.1047	-1.59976	-25.1776	0.022518	15.392	2.05775	87.2337	8.10264	-102.038	-4.93158	1724.22	-94.7676	-89.7167	4974.06	0.000159203	198.216
37.1053	-1.59976	-24.8637	0.330264	14.1733	2.66066	88.4456	8.10264	-17.189	-4.92566	1722.71	-95.6466	-90.1722	4972.99	-0.000145967	196.379
37.1060	-0.391778	-21.8499	0.630503	11.465	3.57813	79.6195	6.86007	-22.0343	-4.91284	1721.47	-97.1648	-91.7017	4971.62	6.59448e-006	196.077
37.1067	-0.0816205	-19.4012	0.330264	10.8331	3.57813	65.5767	5.95402	-46.7795	-4.91284	1721.2	-98.1237	-92.7755	4970.55	0.000311811	196.542
37.1073	-0.99577	-17.8315	-0.285228	10.2012	2.66066	53.6681	5.04797	-46.4911	-4.91284	1721.79	-97.4844	-92.1573	4971.16	0.000464373	196.379
37.1080	-0.99577	-16.3246	0.330264	9.29841	1.74319	44.8156	4.73733	-46.4911	-4.90693	1722.55	-96.126	-91.0997	4972.38	6.59448e-006	195.008
37.1087	0.228537	-14.8177	0.630503	8.39565	1.44174	38.4134	5.95402	-54.3935	-4.90693	1723.79	-94.448	-90.0258	4974.06	6.59448e-006	193.636
37.1093	0.832529	-12.683	0.330264	8.07969	1.44174	33.2231	7.48136	-57.4506	-4.91284	1725.47	-92.77	-88.3499	4975.89	0.000616981	192.869
37.1100	0.228537	-9.60642	0.022518	7.4929	1.44174	25.8987	7.792	-51.048	-4.91284	1726.81	-91.891	-87.1296	4976.2	0.000159203	192.264
37.1107	0.522371	-6.59264	-0.893213	7.17693	1.14028	18.2582	8.69805	-41.0114	-4.90693	1726.81	-91.5714	-87.1296	4976.35	6.59448e-006	191.497
37.1113	1.14269	-4.14395	-1.20096	6.86097	1.14028	12.4619	8.3874	-32.1285	-4.90101	1725.9	-92.2906	-88.0408	4975.74	0.000464373	190.288
37.1120	0.522371	-3.20214	-0.285228	5.64224	0.825722	9.11593	4.73733	-25.4375	-4.90693	1725.3	-93.5691	-88.8055	4974.67	0.000159203	189.358
37.1127	-0.99577	-3.83001	0.330264	3.20479	0.222814	9.11593	0.465967	-20.5345	-4.90693	1724.87	-93.5691	-88.8055	4974.52	-0.000145967	189.055
37.1133	-0.99577	-4.39509	0.022518	1.98607	-0.694655	9.7219	-2.27806	-16.2661	-4.90101	1725.14	-93.4092	-88.6591	4974.52	6.59448e-006	188.451
37.1140	-0.391778	-4.70903	0.022518	2.88883	-0.694655	10.644	-6.23878	-11.0748	-4.90101	1725.3	-93.5691	-89.1146	4974.37	0.000159203	187.521
37.1147	-0.685612	-4.39509	-0.285228	2.88883	-0.694655	11.25	-11.4421	-7.0948	-4.90101	1724.71	-93.9686	-89.4238	4974.52	-0.000298575	186.614
37.1153	-0.99577	-2.88821	-0.585468	1.98607	-0.393201	9.40574	-7.17071	-4.96059	-4.89509	1725.3	-93.2494	-88.0408	4975.13	-0.000451137	186.009
37.1160	-0.391778	-1.06738	0.022518	2.30203	-0.0786402	4.84778	4.11604	-3.46088	-4.90101	1726.71	-91.4116	-86.674	4976.5	0.000159203	185.544
37.1167	-0.391778	-0.125574	0.022518	2.30203	0.524268	-0.0526932	10.8467	-0.403769	-4.89509	1727.73	-90.2929	-86.0557	4977.57	-0.000145967	184.173
37.1173	-0.391778	-0.125574	0.022518	2.88883	1.44174	-3.71487	16.0241	4.49914	-4.89509	1727.89	-90.7724	-85.9093	4977.26	-0.000603745	183.405
37.1180	-0.391778	-0.43951	0.022518	4.42352	2.35921	-5.53279	22.4441	9.34437	-4.89509	1726.81	-92.2906	-87.1296	4976.04	6.59448e-006	183.266
37.1187	0.228537	-0.43951	-0.285228	5.05545	2.96211	-7.37705	29.4595	13.3244	-4.89509	1724.71	-93.8088	-88.9519	4974.21	6.59448e-006	182.638
37.1193	0.832529	0.43951	-0.585468	4.10755	3.27667	-8.90516	35.2582	18.5157	-4.89509	1723.63	-95.0873	-90.3349	4973.14	-0.000298575	182.336
37.1200	0.832529	1.06738	-0.585468	4.42352	2.35921	-10.4069	41.9629	26.7641	-4.89509	1723.47	-95.8064	-90.7905	4972.84	6.59448e-006	182.033
37.1207	-0.391778	2.57427	0.330264	5.05545	1.44174	-11.935	40.4356	36.8584	-4.89509	1723.31	-96.2858	-90.6441	4972.69	6.59448e-006	180.964
37.1213	-0.685612	5.02297	0.330264	5.95821	1.74319	-12.8571	4.11604	44.4723	-4.88918	1723.2	-96.6055	-90.6441	4972.53	-0.000145967	179.755
37.1220	0.522371	5.02297	-0.285228	5.95821	2.66066	-14.3853	-35.2323	46.6065	-4.88918	1723.63	-95.9662	-90.3349	4972.99	-0.000145967	179.453
37.1227	0.522371	2.26033	-0.285228	3.20479	2.66066	-17.1253	-38.5976	44.7607	-4.89509	1724.12	-94.7676	-89.7167	4973.75	6.59448e-006	178.685
37.1233	0.832529	2.26033	-0.285228	-1.08331	3.57813	-20.1815	-39.8143	42.6265	-4.88918	1724.12	-95.2471	-89.7167	4973.75	0.000159203	177.453
37.1240	1.14269	5.3369	-0.585468	-5.64224	4.4956	-23.5539	-49.2889	39.9155	-4.88918	1724.39	-95.6466	-89.4238	4973.75	0.000159203	176.848
37.1247	0.522371	6.84379	-0.285228	-8.71162	3.27667	-23.8437	-43.1796	38.0697	-4.88918	1724.55	-95.0873	-89.2611	4973.91	6.59448e-006	176.383
37.1253	0.228537	6.27871	-0.285228	-9.61438	2.05775	-22.3156	-33.7049	30.1096	-4.88918	1723.63	-95.8064	-90.3349	4972.69	6.59448e-006	175.639
37.1260	-0.0816205	4.70903	-0.285228	-6.86097	0.524268	-21.3935	-31.8928	41.7036	-4.89509	1722.55	-97.1648	-91.5552	4971.16	6.59448e-006	175.639
37.1267	-0.0816205	2.26033	0.330264	-1.98607	-1.31067	-17.1253	-23.3501	105.499	-4.90101	1721.79	-97.1648	-92.0108	4971.01	0.000159203	175.477
37.1273	-0.391778	1.69525	0.022518	0.135414	-2.83105	-11.6452	-10.8208	154.355	-4.89509	1721.63	-97.0849	-92.0108	4971.31	0.000311811	174.57
37.1280	-0.391778	3.20214	-0.285228	-0.451379	-3.44706	-10.7231	-12.0375	168.372	-4.88227	1722.55	-96.126	-90.7905	4972.99	0.000464373	173.64
37.1287	0.228537	5.02297	-0.285228	-1.98607	-3.74852	-10.7231	-18.4575	184.523	-4.88918	1724.12	-94.2882	-89.2611	4975.13	0.000464373	172.57
37.1293	0.522371	5.02297	-1.20096	-4.10755	-3.74852	-9.19497	-12.0375	48.4523	-4.89509	1725.47	-92.77	-88.3499	4975.59	-0.000145967	171.198
37.1300	0.228537	5.65084	-1.20096	-6.27417	-3.74852	-10.4069	2.89935	-214.632	-4.89509	1726.06	-91.5714	-87.5852	4975.74	-0.000298575	170.431
37.1307	-0.391778	5.3369	-0.285228	-5.95821	-2.83105	-11.935	13.2801	-255.528	-4.88918	1725.47	-91.891	-88.0408	4975.13	-0.000298575	169.827
37.1313	-0.0816205	3.83001	0.022518	-3.20479	-1.91358	-12.5673	12.0634	-101.692	-4.88918	1725.14	-92.2906	-88.8055	4974.52	6.59448e-006	169.989
37.1320	0.522371	3.83001	0.022518	-1.98607	-1.91358	-14.7014	8.10264	-28.1485	-4.89509	1725.47	-91.891	-88.4964	4974.82	0.000616981	169.827
37.1327	0.522371	4.70903	-0.285228	-3.52076	-1.91358	-15.9134	9.31934	-29.7059	-4.89509	1725.47	-91.5714	-88.4964	4974.52	0.000159203	169.222
37.1333	-0.0816205	4.14395	-0.285228	-5.05545	-1.61212	-15.3074	9.62998	-25.7259	-4.89509	1725.14	-91.092	-88.9519	4974.21	6.59448e-006	168.618
37.1340	-0.0816205	1.38132	0.630503	-4.42352	-0.996109	-15.5972	9.00869	-12.5745	-4.88918	1724.55	-90.9322	-88.9519	4974.21	6.59448e-006	167.083
37.1347	-0.0816205	-1.06738	1.24599	-2.30203	-0.393201	-16.2295	8.10264	-13.8435	-4.88918	1724.12	-90.9322	-89.1146	4974.06	0.000311811	166.781
37.1353	-0.0816205	-1.38132	1.24599	-0.135414	1.14028	-14.7014	1.06137	-28.783	-4.88918	1725.14	-90.2929	-89.1146	4974.37	0.000311811	166.618
37.1360	-0.99577	-1.06738	1.24599	-0.135414	1.44174	-10.1171	-8.07676	-32.4169	-4.88227	1726.98	-88.7747	-87.5852	4976.04	-0.000298575	165.548
37.1367	-1.90992	-0.753445	1.24599	-1.98607	1.14028	-4.00469	-13.8755	-28.1485	-4.88918	1727.89	-86.857	-85.9093	4977.57	-0.000145967	164.944
37.1373	-1.90992	-0.753445	1.24599	-1.6701	1.44174	1.47541	-16.0241	-24.2261	-4.88918	1727.46	-86.2178	-86.2185	4977.11	-0.000145967	164.177
37.1380	-1.90992	-0.43951	1.54623	-0.135414	0.524268	6.37588	-16.6195	-19.3232	-4.88918	1725.47	-87.736	-88.0408	4975.74	6.59448e-006	163.107
37.1387	-1.90992	0.43951	1.54623	0.451379	-0.393201	8.79977	-18.4575	-15.9777	-4.88918	1724.12	-89.0944	-89.7167	4973.91	0.000159203	163.572
37.1393	-1.90992	-1.06738	1.24599	0.767345	-1.31067	8.79977	-20.6061	-13.209	-4.88227	1723.63	-89.2542	-90.6441	4972.69	-0.000145967	163.874
37.1400	-1.30593	-3.83001	1.85398	1.35414	-2.52959	10.3279	-9.00869	-10.1519	-4.88227	1722.55	-89.8934	-91.2461	4972.23	0.000159203	163.107
37.1407	-0.685612	-5.02297	1.85398	1.6701	-1.31067	11.856	13.5907	-8.0177	-4.88918	1722.71	-90.2929	-91.2461	4972.08	6.59448e-006	162.2
37.1413	-0.391778	-5.02297	1.85398	1.35414	0.524268	10.644	25.1881	-10.1519	-4.88227	1723.47	-89.414	-90.7905	4972.69	-0.000298575	161.596
37.1420	-0.685612	-4.70903	2.46197	0.451379	0.825722	7.90399	27.6215	-12.5745	-4.88227	1723.47	-88.6149	-90.6441	4973.14	-0.000298575	160.666
37.1427	-0.685612	-3.51608	2.46197	1.08331	1.14028	5.45375	35.8536	-10.7864	-4.88227	1723.79	-88.3752	-90.0258	4973.6	-0.000145967	160.224
37.1433	-0.685612	-2.88821	2.16173	1.98607	1.74319	3.00351	46.2343	-6.80639	-4.88227	1724.71	-87.5762	-88.8055	4974.21	6.59448e-006	160.363
37.1440	-0.0816205	-2.88821	1.54623	1.98607	3.27667	2.7137	52.6542	-2.53798	-4.88227	1724.55	-87.736	-89.2611	4973.75	-0.000145967	159.596
37.1447	0.832529	-3.20214	0.938249	1.35414	4.19414	5.74356	55.7089	2.65334	-4.87636	1723.79	-88.0556	-89.8794	4973.14	-0.000603745	158.387
37.1453	1.43652	-3.20214	0.630503	0.451379	4.4956	9.11593	59.0483	6.92176	-4.87636	1723.2	-88.2154	-90.3349	4972.84	-0.000451137	158.224
37.1460	2.05684	-3.51608	0.630503	0.451379	4.4956	10.0381	55.7089	9.34437	-4.87636	1722.39	-89.5738	-91.7017	4971.62	6.59448e-006	158.387
37.1467	2.66083	-3.51608	0.330264	1.6701	4.19414	10.3279	31.5822	9.69046	-4.87636	1721.96	-90.213	-92.6128	4970.55	6.59448e-006	158.224
37.1473	2.97098	-2.26033	-0.285228	2.57286	3.87958	10.0381	7.48136	9.97887	-4.87636	1721.96	-89.414	-92.1573	4971.16	-0.000145967	158.224
37.1480	3.28114	-0.753445	-0.285228	3.52076	5.41307	8.79977	2.5887	12.4015	-4.87044	1722.71	-88.3752	-91.0997	4972.84	-0.000145967	157.317
37.1487	3.28114	0.43951	-0.585468	4.42352	6.63199	5.74356	-9.00869	15.8047	-4.86452	1724.39	-86.5374	-89.4238	4974.67	6.59448e-006	156.108
37.1493	2.36699	1.38132	0.022518	5.32628	6.63199	3.31967	-30.0549	17.9389	-4.87044	1726.22	-84.5398	-87.7316	4976.04	0.000311811	155.481
37.1500	2.05684	2.00919	0.330264	5.64224	6.63199	0.263466	-27.9062	17.016	-4.87044	1726.98	-83.7407	-87.1296	4976.2	0.000159203	155.643
37.1507	2.05684	1.69525	-0.585468	3.52076	6.31743	-5.84895	0.155322	9.34437	-4.86452	1726.38	-83.7407	-87.1296	4976.04	0.000159203	155.178
37.1513	1.14269	1.38132	-1.20096	1.6701	4.4956	-11.329	22.7288	0.519132	-4.86452	1725.79	-84.0603	-87.5852	4975.89	0.000311811	153.969
37.1520	-0.391778	0.43951	0.022518	2.57286	2.05775	-13.4631	28.2428	-5.249	-4.85861	1725.47	-84.6996	-88.9519	4974.52	0.000159203	153.667
37.1527	-0.391778	0.125574	1.24599	3.83672	0.524268	-16.5193	20.6061	-10.7864	-4.85861	1725.3	-84.5398	-89.5702	4973.6	0.000159203	153.504
37.1533	-0.391778	0.43951	1.85398	5.05545	0.825722	-19.5755	8.10264	-13.209	-4.85861	1725.14	-84.2201	-88.9519	4974.37	-0.000145967	152.9
37.1540	-0.99577	1.38132	2.16173	5.95821	-0.0786402	-18.0474	1.68266	-9.5751	-4.8517	1724.98	-84.2201	-89.1146	4974.52	-0.000451137	152.9
37.1547	-1.59976	1.69525	1.54623	4.73948	-0.996109	-14.3853	-5.02209	-6.1719	-4.8517	1724.98	-84.0603	-89.2611	4974.37	-0.000298575	152.597
37.1553	-1.90992	0.753445	1.54623	2.88883	-0.0786402	-11.0392	-12.9694	-5.88349	-4.8517	1726.06	-82.8617	-88.0408	4975.74	6.59448e-006	151.528
37.1560	-1.30593	-2.88821	1.85398	2.88883	-0.393201	-7.06089	-10.536	-2.82638	-4.8517	1727.3	-81.5034	-86.8205	4976.96	-0.000145967	151.063
37.1567	-0.0816205	-6.84379	1.24599	4.73948	-2.83105	-0.948478	-2.89935	5.99886	-4.8517	1727.73	-80.7043	-86.2185	4977.42	-0.000145967	150.761
37.1573	1.43652	-8.97855	0.022518	3.83672	-4.04997	5.45375	-12.0375	12.4015	-4.84579	1727.62	-80.7043	-86.3649	4977.42	6.59448e-006	149.831
37.1580	2.97098	-8.7274	-0.893213	0.451379	-3.44706	7.58783	-45.0176	12.4015	-4.83987	1726.06	-82.0627	-88.3499	4975.13	6.59448e-006	149.691
37.1587	4.48913	-8.09953	-1.5012	-1.35414	-2.83105	4.53162	-84.6765	12.1131	-4.83395	1724.12	-83.9005	-90.6441	4972.38	-0.000298575	149.831
37.1593	5.10944	-7.15773	-2.11669	-1.35414	-2.52959	0.579626	-109.709	14.2473	-4.83987	1722.71	-84.8594	-91.3925	4971.77	-0.000451137	149.087
37.1600	4.79928	-3.83001	-0.893213	-1.98607	-1.31067	-2.79274	-108.182	13.9589	-4.83395	1722.39	-84.8594	-91.2461	4972.08	-0.000298575	148.622
37.1607	3.88513	0.43951	-0.585468	-3.52076	0.222814	-7.66687	-84.6765	8.76756	-4.82804	1722.87	-84.5398	-90.937	4972.38	-0.000298575	148.784
37.1613	4.19529	4.14395	-1.5012	-3.83672	0.524268	-11.0392	-48.9783	1.73044	-4.82804	1723.47	-84.38	-90.4814	4972.69	-0.000298575	148.459
37.1620	5.10944	5.65084	-1.80894	-1.6701	-0.393201	-12.2512	-3.20999	-0.692176	-4.82212	1723.31	-83.9005	-90.0258	4973.3	-0.000298575	147.087
37.1627	4.48913	4.39509	-1.80894	4.73948	-1.61212	-14.0691	42.8689	3.57624	-4.80338	1722.87	-83.7407	-90.0258	4973.91	-0.000145967	146.343
37.1633	4.19529	0.753445	-2.11669	14.1733	-2.21503	-14.9912	71.267	6.63335	-4.80338	1723.63	-83.3412	-89.5702	4974.37	0.000616981	147.25
37.1640	3.88513	-2.00919	-1.5012	17.5587	-2.52959	-12.5673	78.9037	2.01885	-4.79747	1724.87	-81.823	-88.4964	4974.67	0.000311811	147.552
37.1647	2.66083	-4.70903	0.022518	12.6838	-3.1325	-9.19497	68.8336	-7.0948	-4.78465	1724.98	-81.3436	-88.9519	4973.91	-0.000298575	147.087
37.1653	1.14269	-7.7856	0.330264	6.27417	-2.52959	-5.84895	45.0176	-13.4974	-4.78465	1723.63	-83.1814	-90.6441	4972.53	6.59448e-006	146.947
37.1660	0.228537	-9.92036	0.022518	6.27417	-0.996109	-2.79274	21.5121	-8.6522	-4.77873	1722.39	-84.5398	-91.8644	4971.01	6.59448e-006	146.785
37.1667	-0.391778	-10.2343	0.630503	11.465	-1.31067	-3.71487	5.04797	7.21016	-4.77282	1721.79	-84.6996	-92.4664	4970.4	6.59448e-006	146.645
37.1673	-0.685612	-8.41347	1.85398	17.2427	-2.21503	-10.7231	-8.3874	23.9954	-4.76098	1721.63	-84.38	-92.32	4971.62	0.000159203	146.343
37.1680	-0.99577	-4.70903	2.76971	21.5308	-4.04997	-22.0258	-17.8362	34.7241	-4.74816	1723.04	-83.1814	-90.937	4972.84	6.59448e-006	145.576
37.1687	-0.99577	-1.06738	3.3777	22.4336	-5.88491	-34.5404	-21.5121	36.8584	-4.74225	1724.98	-81.1837	-89.2611	4974.52	0.000311811	144.948
37.1693	-0.99577	1.69525	3.3777	21.8016	-5.88491	-49.1891	-22.4182	31.667	-4.72351	1726.06	-79.6655	-87.7316	4976.65	0.000616981	144.204
37.1700	-0.99577	2.26033	2.46197	20.5829	-4.96744	-63.8115	-21.8228	20.6499	-4.71168	1726.22	-78.7067	-87.4388	4961.55	0.000311811	143.739
37.1707	-0.685612	3.51608	1.85398	17.5587	-3.74852	-71.1359	-21.5121	7.21016	-4.70576	1726.06	-77.9875	-87.8943	4999.85	0.000159203	143.739
37.1713	0.228537	7.7856	1.24599	16.024	-3.44706	-67.1839	-23.0395	-11.0748	-4.68702	1725.79	-77.3483	-88.2035	4981.38	-0.000145967	144.041
37.1720	1.14269	10.2343	0.022518	19.3642	-3.1325	-51.9292	-20.2954	-26.3604	-4.67519	1725.63	-76.1497	-88.4964	4835.66	-0.000298575	144.041
37.1727	2.66083	9.92036	-0.585468	23.6523	-2.83105	-32.0902	-14.4967	-29.3598	-4.66927	1725.3	-71.8348	-88.8055	4999.85	0.000464373	143.134
37.1733	3.88513	8.09953	-0.893213	18.7774	-3.74852	-18.6534	-15.4028	-30.2827	-4.65054	1724.22	-60.5682	-88.9519	4395.75	0.000159203	142.065
37.1740	4.19529	1.69525	-1.80894	7.4929	-4.35142	-4.00469	-23.6349	-27.5717	-4.62588	1724.22	-40.4321	-87.7316	1013.03	-0.000451137	142.065
37.1747	4.19529	-5.65084	-2.11669	-6.545	-4.35142	18.5744	-28.8382	-14.4203	-4.61405	1725.3	-12.625	-83.9243	-470.123	6.59448e-006	142.367
37.1753	4.79928	-7.15773	-2.11669	-21.5308	-3.74852	41.7594	-23.3501	-1.61508	-4.59531	1726.22	17.9787	-79.4987	13.5803	0.000159203	142.367
37.1760	5.71343	-5.3369	-2.11669	-26.9925	-3.44706	55.8021	-20.8908	5.42204	-4.57756	1727.14	47.4637	-75.6913	-53.1006	6.59448e-006	141.902
37.1767	6.93774	-3.51608	-2.11669	-16.3399	-4.04997	51.534	-25.4729	13.9589	-4.55291	1728.22	72.6339	-72.3233	-123.596	-0.000145967	141.297
37.1773	6.62758	0.125574	-0.585468	13.5865	-6.48781	34.1452	-22.4182	25.2644	-4.52826	1728.22	91.7312	-70.6474	-69.1223	-0.000298575	141.297
37.1780	5.10944	4.39509	0.630503	50.8253	-10.7606	21.6306	-10.2254	30.1096	-4.51051	1726.71	104.037	-70.6474	-84.3811	-0.000298575	141.6
37.1787	3.88513	6.52986	0.630503	68.2034	-13.8145	21.6306	-1.68266	28.6099	-4.49177	1724.87	112.027	-70.6474	-87.1277	-0.000298575	141.6
37.1793	3.57498	5.96477	0.938249	75.2449	-13.513	25.8987	-1.06137	24.6299	-4.47402	1723.47	118.1	-69.8827	-87.738	-0.000298575	141.46
37.1800	4.79928	3.83001	1.54623	94.1577	-10.7606	31.695	3.20999	15.1702	-4.44937	1722.55	123.613	-68.2068	-88.6536	-0.000145967	140.693
37.1807	6.02359	3.83001	1.85398	113.386	-8.0213	44.2096	18.1727	5.99886	-4.43063	1722.55	128.807	-65.9126	-89.2639	6.59448e-006	140.065
37.1813	6.33375	8.09953	2.16173	128.327	-5.58345	54.274	37.6915	7.55625	-4.4188	1723.47	135.04	-62.5609	-88.1958	-0.000145967	140.391
37.1820	6.93774	7.7856	2.16173	135.053	-3.74852	55.1962	52.6542	16.3815	-4.40006	1724.22	141.592	-58.8999	-87.4329	-0.000298575	140.391
37.1827	7.2479	-1.38132	2.46197	119.796	-3.74852	52.14	57.8317	21.8612	-4.38823	1724.12	146.466	-56.0038	-87.4329	6.59448e-006	139.763
37.1833	6.02359	-9.60642	2.76971	96.9111	-4.35142	50.322	55.0876	20.6499	-4.3764	1723.31	149.822	-53.1076	-87.738	6.59448e-006	139.461
37.1840	5.10944	-12.683	2.46197	62.6966	-3.74852	50.928	48.0722	14.8818	-4.36949	1723.47	152.299	-49.7395	-87.5854	-0.000145967	139.019
37.1847	5.10944	-14.5038	2.16173	7.4929	-2.83105	49.0837	38.0022	5.71045	-4.35766	1723.79	153.019	-46.9898	-87.738	0.000159203	139.158
37.1853	5.10944	-14.1899	2.16173	-26.4057	-2.21503	43.8935	30.0549	-3.74928	-4.34583	1722.39	150.781	-45.021	-88.6536	0.000159203	139.019
37.1860	4.48913	-19.0873	2.46197	-36.4714	-1.91358	38.7032	24.5668	-8.0177	-4.34583	1721.47	146.147	-42.5642	-89.4165	6.59448e-006	139.019
37.1867	3.88513	-35.8514	2.76971	-80.1198	-0.996109	32.9069	19.7	-4.67219	-4.33301	1721.04	138.236	-40.8883	-90.332	0.000159203	139.158
37.1873	3.88513	-53.5574	3.07746	-110.633	-0.393201	28.9549	15.4287	1.44203	-4.32709	1720.72	128.328	-38.7568	-90.9424	-0.000298575	138.391
37.1880	3.57498	-59.0826	2.76971	-51.7281	-1.91358	28.0328	14.8074	9.97887	-4.32709	1722.28	119.618	-34.4776	-89.4165	-0.000298575	138.089
37.1887	2.36699	-55.0643	2.16173	36.7874	-3.1325	15.2283	20.2954	18.8041	-4.32709	1723.79	110.749	-29.9056	-87.2803	0.000159203	137.949
37.1893	2.97098	-61.2174	1.54623	92.3071	-3.1325	-15.3074	25.1881	21.2844	-4.32117	1724.87	103.317	-25.4799	-85.907	6.59448e-006	137.321
37.1900	3.88513	-87.7135	1.54623	129.546	-3.1325	-42.7606	25.1881	26.7641	-4.31526	1725.9	99.1624	-20.7451	-85.144	6.59448e-006	137.182
37.1907	2.97098	-126.83	1.24599	160.962	-2.83105	-51.9292	23.6608	40.7807	-4.31526	1725.47	97.1648	-16.9378	-85.6018	6.59448e-006	137.321
37.1913	2.97098	-206.758	1.54623	185.111	-1.31067	-55.8812	21.5121	54.5088	-4.30934	1724.22	99.1624	-13.2769	-86.3647	6.59448e-006	137.321
37.1920	3.28114	-295.288	1.85398	224.742	0.524268	-53.1411	19.7	66.4489	-4.30244	1723.79	104.836	-8.85126	-86.8225	0.000159203	137.019
37.1927	1.74668	-315.066	1.54623	269.338	0.524268	-31.168	18.7681	73.7744	-4.29652	1723.31	111.228	-4.42563	-87.2803	0.000311811	136.88
37.1933	0.832529	-330.072	1.24599	246.724	-0.694655	-14.7014	20.9167	66.7373	-4.2906	1723.2	117.94	-0.45558	-87.2803	0.000159203	137.182
37.1940	0.832529	-349.598	1.54623	164.031	-0.0786402	-13.7793	14.8074	48.7407	-4.28469	1723.47	123.613	3.35176	-87.4329	-0.000145967	137.321
37.1947	-0.0816205	-287.628	1.24599	104.81	1.44174	-3.39871	-9.00869	29.5328	-4.27187	1723.31	126.969	7.48452	-87.1277	-0.000298575	136.717
37.1953	-0.0816205	-205.816	1.24599	76.1477	4.19414	14.596	-33.1095	5.71045	-4.26595	1723.79	129.526	12.203	-86.2122	-0.000451137	135.81
37.1960	-0.391778	-186.289	0.938249	38.0061	7.2349	24.9766	-43.1796	-4.67219	-4.25412	1724.98	132.563	17.0842	-85.144	-0.000451137	135.345
37.1967	-1.59976	-199.098	0.938249	36.1555	7.85091	39.3355	-37.6915	16.0931	-4.2482	1725.47	135.519	21.819	-84.2285	-0.000298575	135.345
37.1973	-2.53023	-225.092	1.54623	112.439	6.63199	45.7377	-27.3108	35.9355	-4.24228	1724.87	138.076	25.0243	-84.8389	-0.000756307	135.345
37.1980	-3.13423	-242.484	1.85398	200.638	5.09851	36.8853	-25.4729	32.8783	-4.22355	1723.31	141.912	27.7741	-86.9751	-0.000756307	135.345
37.1987	-3.44438	-205.816	2.16173	241.533	3.87958	28.349	-27.6215	20.0731	-4.21171	1721.2	147.585	31.1259	-88.0432	-0.000298575	135.508
37.1993	-1.90992	-165.883	2.16173	258.008	3.27667	8.79977	-24.8774	9.05597	-4.19889	1719.53	154.856	34.3312	-88.9587	-0.000298575	135.647
37.2000	-0.685612	-236.079	0.938249	275.116	3.27667	-27.822	-17.2408	4.78755	-4.18706	1719.37	164.045	38.7568	-89.2639	-0.000451137	135.508
37.2007	-0.0816205	-302.885	0.330264	291.907	3.27667	-72.664	-2.89935	2.65334	-4.16832	1719.96	174.593	44.4027	-88.501	6.59448e-006	135.95
37.2013	1.43652	-131.099	0.630503	280.623	3.87958	-95.5592	18.4575	-3.74928	-4.15057	1720.28	184.022	49.1375	-88.1958	0.000311811	136.415
37.2020	2.66083	164.314	0.330264	174.729	4.4956	-85.4948	30.9868	-10.7864	-4.13775	1720.61	191.932	54.1652	-88.3484	-0.000145967	136.112
37.2027	3.88513	331.579	-0.585468	14.8052	4.4956	-69.6341	14.8074	-9.8635	-4.12	1720.45	198.804	59.8111	-87.8906	-0.000145967	135.647
37.2033	4.79928	293.09	-1.5012	-98.7167	5.09851	-54.3531	-12.9694	0.807538	-4.10718	1719.8	203.439	64.6923	-87.2803	0.000311811	135.81
37.2040	4.79928	135.369	-1.5012	-186.329	5.09851	-54.0633	-27.0002	13.3244	-4.08943	1719.96	207.194	69.8827	-87.1277	0.000311811	136.577
37.2047	3.57498	60.9035	-0.585468	-287.619	3.87958	-73.5861	-37.3809	19.1502	-4.07662	1720.12	209.991	74.7639	-87.8906	6.59448e-006	137.321
37.2053	1.74668	71.5773	-0.285228	-367.287	3.27667	-79.6985	-35.8536	22.7841	-4.06478	1718.88	210.55	78.5875	-89.2639	-0.000298575	137.484
37.2060	1.74668	48.66	-0.585468	-375.502	2.96211	-62.9157	-12.3481	18.2273	-4.04605	1717.04	211.829	82.8504	-90.1794	-0.000451137	137.484
37.2067	2.97098	65.173	-0.285228	-301.657	2.96211	-75.7202	10.8467	0.230725	-4.03421	1715.7	214.386	87.7316	-90.9424	-0.000145967	137.321
37.2073	3.28114	189.68	0.630503	-196.395	3.57813	-129.731	26.4048	-15.0548	-4.02238	1715.37	217.902	93.0847	-90.7898	0.000159203	137.182
37.2080	3.28114	298.301	1.85398	-139.928	4.4956	-168.803	38.9082	-26.6488	-4.00956	1716.94	223.255	99.9509	-89.1113	0.000311811	137.182
37.2087	1.43652	274.819	2.46197	-145.705	3.57813	-146.83	46.8555	-43.434	-3.99773	1718.88	230.447	107.728	-87.2803	6.59448e-006	137.321
37.2093	0.228537	269.294	3.07746	-141.146	2.05775	-64.1277	53.5603	-53.1822	-3.98589	1719.53	236.999	114.139	-86.0596	-0.000145967	137.019
37.2100	0.522371	419.794	3.07746	-119.796	3.87958	-8.90516	64.5623	-45.2798	-3.96716	1719.69	242.592	119.167	-85.4492	0.000464373	137.321
37.2107	-0.0816205	511.338	2.76971	-116.14	6.63199	-16.5193	71.267	-29.3598	-3.95532	1719.69	247.946	123.755	-85.7544	0.000464373	137.949
37.2113	-0.685612	451.502	2.76971	-127.108	6.93344	4.53162	38.3128	-19.3232	-3.9425	1718.77	252.261	127.253	-86.5173	6.59448e-006	138.089
37.2120	-0.0816205	434.738	2.76971	-154.868	7.54946	82.3595	-18.4575	-12.9206	-3.93067	1717.85	255.777	130.768	-86.8225	6.59448e-006	138.089
37.2127	-1.59976	495.767	2.46197	-208.266	8.15237	153.759	-41.9629	0.519132	-3.91785	1717.37	258.813	134.575	-87.1277	0.000159203	138.693
37.2133	-7.41114	534.192	3.99319	-300.754	6.93344	216.332	-47.451	15.8047	-3.90602	1717.21	261.53	137.78	-86.9751	-0.000298575	139.158
37.2140	-14.4305	500.664	4.90892	-372.478	5.09851	275.533	-57.2104	24.3415	-3.89418	1716.77	264.566	140.693	-86.9751	-0.000145967	139.158
37.2147	-17.1729	417.346	3.68544	-378.888	3.57813	265.758	-58.1423	30.4557	-3.88136	1716.61	269.201	142.971	-86.9751	6.59448e-006	139.321
37.2153	-11.6717	308.661	3.07746	-344.718	2.35921	191.303	-52.3436	36.8584	-3.86953	1716.94	275.913	144.5	-85.907	-0.000451137	138.554
37.2160	-4.65237	183.841	4.29343	-263.515	2.66066	99.4321	-42.2735	31.3209	-3.8577	1717.53	285.342	145.118	-84.9915	-0.000298575	138.391
37.2167	-1.59976	48.9739	3.99319	-149.677	5.09851	4.84778	-30.9609	19.4386	-3.84488	1718.61	297.887	144.5	-84.3811	6.59448e-006	139.019
37.2173	-2.82407	-150.312	3.07746	-42.2491	7.2349	-51.9292	-25.7835	20.0731	-3.82713	1718.45	311.471	142.206	-84.3811	-0.000298575	139.461
37.2180	-4.35853	-341.311	3.3777	43.7838	8.45382	-50.4011	-23.0395	28.2638	-3.81431	1716.02	325.294	138.399	-85.907	-0.000298575	139.926
37.2187	-4.65237	-359.958	3.3777	115.192	8.76838	-46.1329	-25.7835	24.6299	-3.80247	1713.7	340.556	135.047	-87.738	-0.000298575	140.53
37.2193	-4.65237	-279.716	2.46197	180.823	6.93344	-89.157	-42.5583	9.69046	-3.78965	1712.67	356.617	132.444	-88.8062	-0.000451137	141.135
37.2200	-4.96252	-282.416	1.54623	230.881	5.09851	-213.355	-58.4271	-3.11479	-3.7719	1712.02	372.598	130.458	-88.8062	-0.000451137	141.6
37.2207	-6.18683	-354.433	0.630503	240.63	4.19414	-464.517	-52.939	-11.7093	-3.76007	1712.19	388.34	129.547	-88.3484	-0.000145967	141.46
37.2213	-7.70497	-324.86	-0.285228	187.232	3.27667	-714.468	-30.3655	-15.0548	-3.74725	1711.86	402.083	129.092	-88.6536	-0.000145967	141.135
37.2220	-7.10098	-211.027	-0.893213	98.1299	1.44174	-674.184	-3.49475	-17.7658	-3.7295	1711.86	414.309	128.473	-88.3484	-0.000145967	141.46
37.2227	-6.79082	-93.2388	-0.893213	9.93034	-0.0786402	-310.416	20.2954	-26.6488	-3.71077	1712.19	426.055	128.327	-87.5854	0.000159203	141.6
37.2233	-7.10098	73.0842	-1.5012	-51.0961	-0.694655	120.509	26.4048	-29.0714	-3.69893	1711.76	436.522	128.473	-87.738	0.000159203	141.6
37.2240	-7.10098	155.461	-2.11669	-70.3249	-0.694655	402.497	24.5668	-16.9006	-3.6802	1711.76	446.511	128.327	-87.8906	-0.000145967	141.902
37.2247	-6.18683	126.83	-1.80894	-78.2692	-0.0786402	443.387	35.8536	-7.7293	-3.66245	1711.43	456.419	128.018	-87.738	-0.000145967	142.506
37.2253	-7.10098	115.842	-0.585468	-83.46	1.14028	297.796	44.3963	-12.9206	-3.64371	1709.76	465.688	126.651	-89.1113	-0.000298575	142.971
37.2260	-8.92928	68.1868	0.330264	-56.0162	0.524268	128.44	53.5603	-10.4403	-3.62497	1707.92	475.276	125.431	-90.6372	-0.000145967	143.274
37.2267	-9.54959	-8.7274	0.938249	13.9025	-3.44706	-18.9696	73.3898	5.71045	-3.60722	1707.44	486.463	125.577	-90.6372	0.000311811	143.902
37.2273	-9.23944	-58.7687	0.938249	103.592	-6.80238	-122.406	72.7944	11.1902	-3.58257	1707.76	497.73	126.342	-89.7217	0.000159203	144.204
37.2280	-8.92928	-107.868	0.022518	174.413	-7.10383	-131.259	38.0022	5.07595	-3.56383	1709.76	509.156	128.018	-88.1958	-0.000145967	144.506
37.2287	-8.32529	-131.664	-0.893213	189.67	-6.48781	-92.8191	-7.17071	-11.0748	-3.552	1710.95	518.825	129.694	-86.8225	-0.000145967	143.902
37.2293	-7.41114	-159.479	-0.285228	160.375	-6.80238	-63.8115	-32.4882	-36.1085	-3.54017	1710.68	525.857	130.768	-86.2122	-0.000603745	143.274
37.2300	-7.41114	-201.546	0.330264	155.771	-7.10383	-109.286	-25.4729	-50.1251	-3.52143	1710.95	530.891	131.223	-85.7544	-0.000298575	144.041
37.2307	-8.92928	-167.704	0.630503	173.781	-6.48781	-181.923	-7.76611	-50.1251	-3.5096	1710.51	532.648	130.914	-86.0596	0.000159203	144.506
37.2313	-10.1536	-164.628	1.24599	134.105	-4.35142	-150.808	10.8467	-51.048	-3.49086	1709.27	532.968	130.312	-86.6699	-0.000145967	144.808
37.2320	-9.54959	-308.41	1.54623	40.7596	-2.21503	-8.90516	32.5141	-54.3935	-3.47311	1709	533.607	130.003	-86.9751	-0.000298575	145.273
37.2327	-6.49699	-383.127	1.54623	-42.881	-0.694655	197.415	48.0722	-56.5277	-3.46029	1708.52	534.326	130.003	-86.8225	-0.000298575	145.576
37.2333	-1.90992	-273.877	0.938249	-65.45	1.14028	351.517	41.9629	-55.9509	-3.43662	1707.76	535.765	130.312	-86.8225	-0.000145967	145.576
37.2340	2.97098	-100.836	0.330264	13.2706	2.35921	370.75	7.792	-55.3164	-3.41197	1707.44	538.322	130.312	-87.2803	6.59448e-006	145.878
37.2347	3.88513	114.272	0.022518	152.431	0.524268	323.747	-26.6895	-50.4711	-3.40605	1707.6	543.196	130.914	-87.1277	6.59448e-006	146.18
37.2353	1.43652	246.753	-0.285228	200.954	-3.1325	240.123	-32.4882	-38.2427	-3.38732	1708.68	550.547	132.753	-86.0596	-0.000145967	146.645
37.2360	-3.44438	203.367	-0.285228	123.768	-7.10383	138.504	-25.7835	-34.5511	-3.36858	1709.92	558.458	134.119	-84.9915	-0.000451137	146.785
37.2367	-8.92928	132.606	-0.585468	105.126	-9.24022	93.3461	-24.8774	-42.5111	-3.35083	1710.03	566.368	134.575	-83.9233	-0.000451137	146.785
37.2373	-12.896	121.619	-0.285228	178.701	-10.1577	106.467	-22.1334	-45.8566	-3.33801	1708.52	572.521	133.664	-84.3811	-0.000145967	147.087
37.2380	-15.0345	175.929	0.630503	237.877	-10.1577	132.708	-14.1861	-34.8972	-3.32026	1706.25	576.756	131.223	-87.1277	0.000311811	147.854
37.2387	-14.7243	218.687	0.938249	321.517	-7.40528	154.681	-13.8755	-15.6316	-3.29561	1704.74	580.911	129.092	-89.2639	6.59448e-006	148.784
37.2393	-12.292	195.77	0.630503	412.425	-2.52959	173.598	-24.5668	-0.692176	-3.27786	1703.82	585.466	128.327	-89.7217	-0.000298575	149.528
37.2400	-9.23944	224.778	0.022518	395.363	2.35921	187.324	-29.1488	9.34437	-3.25912	1703.5	591.139	128.181	-90.1794	-0.000603745	149.528
37.2407	-7.70497	234.51	-0.285228	313.573	6.31743	166.59	-11.4421	12.7476	-3.24039	1703.82	597.851	128.929	-89.7217	-0.000603745	149.993
37.2413	-7.41114	52.0505	0.330264	240.63	7.54946	111.657	11.4421	8.13306	-3.21672	1703.93	604.723	130.003	-88.3484	6.59448e-006	150.458
37.2420	-8.01513	-144.787	0.938249	197.614	6.31743	73.7969	20.2954	5.71045	-3.19207	1703.66	611.914	130.458	-87.738	6.59448e-006	150.296
37.2427	-8.01513	-155.21	0.330264	189.038	3.87958	52.4561	23.9714	-0.115363	-3.16741	1703.66	619.825	131.077	-87.8906	-0.000145967	151.063
37.2433	-6.49699	-66.3659	-0.893213	170.441	-2.21503	20.1025	27.6215	-8.0177	-3.13093	1704.74	628.854	132.444	-87.5854	6.59448e-006	152.597
37.2440	-4.65237	124.632	-1.5012	127.108	-8.0213	2.39754	27.3108	-0.980582	-3.10627	1704.41	637.644	133.062	-87.4329	-0.000298575	152.435
37.2447	-4.65237	339.49	-1.80894	58.4536	-8.0213	-10.1171	22.4441	10.2673	-3.0757	1701.99	645.634	131.842	-88.8062	-0.000298575	151.97
37.2453	-5.87667	360.586	-2.11669	13.9025	-4.96744	-35.7524	5.95402	15.1702	-3.04513	1700.74	654.264	131.077	-90.1794	6.59448e-006	152.9
37.2460	-5.58284	312.052	-1.5012	80.4358	-0.996109	-56.8033	-17.5514	18.8041	-3.02147	1699.66	662.255	130.458	-90.6372	-0.000145967	153.202
37.2467	-4.96252	292.525	-1.20096	135.324	1.14028	-78.7764	-36.1642	18.8041	-2.9909	1698.58	669.286	129.694	-90.9424	-0.000145967	153.807
37.2473	-4.96252	218.939	-1.5012	48.6587	0.524268	-89.7629	-51.101	8.47915	-2.96033	1698.91	677.756	130.149	-90.332	0.000159203	154.411
37.2480	-4.35853	108.182	-0.893213	-42.881	-0.0786402	-79.0925	-55.683	-11.7093	-2.92384	1700.42	686.306	131.386	-88.6536	0.000464373	154.411
37.2487	-4.04838	38.614	0.330264	-96.9111	0.524268	-71.452	-47.7616	-31.8401	-2.89327	1701.99	694.856	131.988	-87.2803	0.000159203	154.574
37.2493	-4.35853	63.0382	0.630503	-156.087	0.222814	-102.594	-42.2735	-44.0108	-2.85679	1702.26	703.246	132.444	-86.2122	0.000159203	154.411
37.2500	-5.58284	53.2434	0.630503	-161.278	-0.996109	-193.832	-29.4336	-39.7424	-2.81931	1701.99	710.118	131.842	-85.907	0.000769543	155.178
37.2507	-7.41114	-39.4931	-0.285228	-125.89	-0.393201	-256.695	-5.02209	-28.4946	-2.78874	1702.26	717.629	131.386	-86.3647	0.000769543	156.713
37.2513	-7.41114	2.88821	-0.585468	-111.536	1.14028	-202.685	13.9013	-26.9372	-2.75226	1701.5	725.7	131.532	-86.6699	0.000311811	157.015
37.2520	-5.87667	129.53	-0.285228	-176.534	0.222814	-124.251	-2.27806	-31.8401	-2.71577	1700.15	733.211	131.223	-87.1277	0.000159203	157.015
37.2527	-6.18683	184.154	-0.585468	-292.494	-2.52959	-65.0498	-63.0091	-38.8195	-2.6852	1699.66	741.121	131.077	-87.5854	0.000159203	157.62
37.2533	-6.49699	205.251	-1.20096	-381.325	-4.96744	37.8074	-109.399	-54.7396	-2.65463	1699.5	749.671	131.988	-87.1277	0.000159203	158.085
37.2540	-4.96252	47.781	-0.893213	-483.563	-6.18636	169.014	-91.4072	-67.2564	-2.62406	1699.39	757.102	132.899	-86.9751	-0.000145967	158.689
37.2547	-4.65237	-284.551	-0.585468	-535.742	-5.58345	268.525	-39.5036	-61.719	-2.59349	1699.39	764.773	133.827	-86.8225	-0.000298575	159.154
37.2553	-6.49699	-439.635	0.022518	-474.716	-4.04997	261.49	8.69805	-53.4706	-2.55701	1700.31	772.844	135.047	-85.7544	-0.000298575	159.457
37.2560	-8.01513	-466.445	0.330264	-411.838	-3.1325	152.863	60.265	-53.1822	-2.52644	1701.34	780.035	136.104	-84.6863	-0.000145967	159.759
37.2567	-8.01513	-579.085	0.330264	-354.468	-1.61212	41.4696	103.6	-55.6048	-2.49587	1701.5	786.428	137.032	-83.9233	6.59448e-006	160.061
37.2573	-7.41114	-569.918	0.330264	-236.974	0.524268	-38.2026	121.307	-58.3735	-2.45938	1699.83	791.781	136.104	-84.5337	6.59448e-006	160.666
37.2580	-6.18683	-446.604	0.630503	-110.949	1.44174	-85.4948	134.742	-48.2793	-2.42881	1697.99	796.336	133.827	-86.5173	-0.000145967	161.735
37.2587	-5.87667	-381.306	0.022518	-9.93034	3.27667	-103.2	153.665	-20.2461	-2.39824	1696.48	801.37	132.444	-88.3484	-0.000298575	162.665
37.2593	-5.87667	-323.667	0.630503	123.136	6.63199	-116.004	161.587	7.84466	-2.36767	1695.08	807.762	131.988	-89.2639	-0.000451137	163.433
37.2600	-6.18683	-276.326	1.54623	279.404	9.37129	-141.033	150.611	23.4186	-2.3371	1694.64	816.072	131.842	-89.2639	-0.000145967	164.037
37.2607	-5.27268	-202.488	1.24599	417.932	9.37129	-141.033	131.377	24.9183	-2.30062	1694.81	824.862	131.988	-88.8062	-0.000298575	164.177
37.2613	-3.44438	-36.4793	0.938249	561.967	7.85091	-79.6985	110.926	18.5157	-2.27005	1694.97	833.891	132.753	-88.1958	6.59448e-006	164.479
37.2620	-4.04838	157.344	0.330264	709.974	6.93344	9.7219	76.7551	9.34437	-2.23948	1694.81	843.08	132.899	-87.738	0.000464373	165.107
37.2627	-7.70497	324.546	0.022518	796.053	7.54946	84.7834	19.0788	1.44203	-2.20891	1694.32	852.03	132.134	-87.8906	0.000159203	165.246
37.2633	-10.1536	372.767	-0.285228	752.404	7.85091	115.609	-45.613	1.15363	-2.17834	1693.89	860.58	131.679	-88.0432	-0.000451137	165.548
37.2640	-12.5859	321.784	-0.893213	600.425	6.63199	94.8742	-81.6218	13.036	-2.14185	1693.73	869.929	132.134	-87.2803	0.000159203	166.176
37.2647	-16.8628	315.693	-0.893213	423.123	3.27667	57.9362	-82.8385	34.7241	-2.11128	1693.13	878.159	131.532	-88.0432	0.000464373	167.246
37.2653	-19.6052	111.824	0.022518	278.185	-0.0786402	33.5392	-74.0111	49.3752	-2.08761	1691.73	885.19	130.149	-89.7217	-0.000451137	167.99
37.2660	-21.4499	-268.415	0.938249	132.886	-2.21503	4.24181	-66.685	46.6065	-2.05113	1689.89	891.902	128.929	-90.6372	-0.000298575	168.315
37.2667	-22.6578	-223.522	1.85398	-137.806	-3.1325	-56.4871	-56.8997	32.5899	-2.01365	1689.14	899.493	128.181	-91.4001	0.000464373	169.059
37.2673	-24.1923	175.929	2.46197	-399.335	-3.1325	-100.433	-39.8143	16.0931	-1.98999	1690.22	909.242	130.149	-90.332	0.000159203	169.687
37.2680	-25.4166	302.885	3.07746	-414.908	-3.44706	-51.3232	-23.0395	-0.980582	-1.95252	1691.57	919.31	133.062	-88.3484	0.000159203	169.989
37.2687	-31.5218	126.516	3.3777	-289.786	-4.04997	39.9415	-15.0921	-19.6116	-1.92293	1692.81	928.659	134.738	-86.9751	0.000311811	170.594
37.2693	-33.3501	100.271	3.3777	-143.584	-4.96744	50.6119	-12.3481	-36.3969	-1.89236	1693.4	937.369	136.267	-85.907	0.000311811	170.757
37.2700	-10.1536	260.19	3.07746	23.9682	-6.18636	-43.3665	-11.7527	-51.048	-1.86179	1693.56	945.279	136.414	-85.6018	0.000464373	171.501
37.2707	15.4752	174.422	3.3777	142.681	-6.48781	-181.001	-11.4421	-60.5077	-1.83122	1692.81	952.79	135.649	-86.2122	0.000159203	172.268
37.2713	13.9571	-44.0765	3.68544	172.878	-5.26889	-195.65	-10.2254	-59.008	-1.80065	1691.73	959.902	135.193	-86.6699	-0.000145967	173.198
37.2720	3.88513	91.418	3.3777	175.316	-2.83105	43.2875	-10.8208	-54.1051	-1.76417	1692.05	966.454	134.884	-86.8225	-0.000145967	174.57
37.2727	0.522371	352.047	3.07746	109.73	-0.996109	366.165	-14.1861	-51.9709	-1.7336	1691.57	972.926	134.282	-87.2803	0.000159203	174.872
37.2733	-3.44438	406.358	2.46197	-132.299	-0.393201	556.915	-17.8362	-48.2793	-1.70894	1689.73	978.839	133.062	-87.4329	0.000616981	174.709
37.2740	-8.01513	343.194	1.24599	-374.284	-1.31067	604.523	-18.1468	-41.8766	-1.67246	1689.14	984.193	131.988	-87.738	0.000311811	175.314
37.2747	-9.84343	139.952	0.330264	-407.55	-1.61212	526.985	-15.4028	-39.1656	-1.63597	1689.89	990.585	132.444	-87.4329	-0.000298575	175.779
37.2753	-11.0677	3.51608	0.330264	-344.402	-1.61212	349.699	-16.3347	-37.9543	-1.61132	1690.81	998.496	133.973	-85.6018	-0.000298575	176.546
37.2760	-11.0677	146.043	0.330264	-310.504	-2.83105	133.92	-20.2954	-33.9743	-1.57483	1691.89	1005.85	134.738	-84.5337	-0.000145967	177.151
37.2767	-9.84343	327.937	0.022518	-350.812	-4.35142	-63.8115	-21.5121	-35.8201	-1.54426	1692.38	1012.08	135.193	-84.3811	6.59448e-006	177.918
37.2773	-10.7576	406.044	0.022518	-507.35	-5.26889	-157.21	-23.0395	-41.5882	-1.51369	1691.3	1017.75	135.047	-85.144	-0.000145967	179.127
37.2780	-8.01513	383.441	0.022518	-663.618	-3.74852	-167.881	-26.0941	-38.8195	-1.47721	1689.14	1022.63	133.827	-86.6699	-0.000298575	180.197
37.2787	-1.90992	237.9	-0.585468	-697.155	-0.393201	-183.768	-27.9062	-35.8201	-1.43382	1687.14	1026.94	132.444	-87.8906	-0.000145967	180.964
37.2793	-2.22008	90.4762	-0.893213	-618.435	1.74319	-169.409	-30.6761	-39.454	-1.40325	1685.95	1031.98	131.679	-88.8062	-0.000145967	182.033
37.2800	-6.18683	98.7013	0.022518	-496.653	0.825722	-142.245	-32.2035	-39.454	-1.36676	1685.79	1038.21	131.386	-89.2639	-0.000145967	182.336
37.2807	-6.18683	124.946	0.330264	-416.713	0.825722	-187.114	-30.9609	-34.8972	-1.33027	1685.95	1044.92	132.134	-88.501	6.59448e-006	182.964
37.2813	-4.65237	5.3369	0.630503	-384.349	2.66066	-253.955	-27.0002	-25.7259	-1.30562	1686.12	1052.11	133.208	-87.8906	-0.000298575	184.01
37.2820	-4.96252	-172.853	0.938249	-357.222	3.27667	-258.223	-17.8362	-6.51799	-1.26913	1685.63	1058.19	132.899	-88.0432	-0.000451137	183.87
37.2827	-7.10098	-311.11	0.938249	-329.146	3.57813	-195.65	-4.11604	16.0931	-1.23265	1685.04	1064.02	132.134	-88.1958	6.59448e-006	184.173
37.2833	-7.41114	-369.439	0.330264	-346.208	4.4956	-106.546	5.95402	39.281	-1.19616	1685.2	1070.73	132.444	-87.8906	0.000311811	185.707
37.2840	-6.49699	-358.765	-0.285228	-423.123	4.79705	-79.9883	16.9301	60.6231	-1.15968	1685.31	1077.12	132.606	-87.8906	0.000159203	186.312
37.2847	-6.79082	-367.304	-0.585468	-470.743	5.41307	-138.899	29.4595	68.8715	-1.12911	1684.28	1081.84	131.988	-88.6536	6.59448e-006	186.614
37.2853	-7.10098	-496.646	-0.285228	-401.457	6.93344	-182.24	32.5141	62.7573	-1.0867	1682.61	1086.31	130.458	-89.8743	6.59448e-006	187.684
37.2860	-7.10098	-648.967	0.022518	-294.66	7.85091	-133.393	27.3108	53.2975	-1.04923	1681.37	1091.35	128.636	-90.7898	-0.000145967	188.753
37.2867	-6.49699	-688.963	0.330264	-216.211	7.85091	-17.7313	25.7835	49.6636	-1.01866	1680.61	1097.1	127.871	-91.095	6.59448e-006	189.66
37.2873	-6.49699	-719.728	0.630503	-88.0641	7.54946	64.3384	24.8774	47.241	-0.976258	1681.2	1104.77	128.783	-90.0269	0.000311811	190.427
37.2880	-6.18683	-669.687	0.938249	84.3628	7.85091	31.695	21.2015	42.6265	-0.933855	1682.72	1114.04	130.768	-87.4329	0.000311811	190.892
37.2887	-5.27268	-386.831	0.630503	244.918	8.45382	-105.624	18.7681	35.0126	-0.903285	1683.8	1122.11	131.842	-86.2122	0.000159203	190.892
37.2893	-3.73822	-83.7579	0.330264	377.353	9.37129	-221.285	18.4575	19.1502	-0.866798	1684.71	1129.14	131.842	-86.8225	-0.000298575	191.497
37.2900	-2.82407	17.5176	0.022518	406.964	10.5902	-191.382	16.3347	2.94175	-0.823409	1684.55	1136.33	132.297	-86.6699	-0.000145967	192.729
37.2907	-1.90992	-94.4318	-0.285228	327.295	9.06983	-33.9081	10.536	-8.9406	-0.781006	1683.2	1142.57	131.988	-86.5173	0.000464373	192.869
37.2913	-0.0816205	-207.951	-0.285228	260.762	6.01597	140.954	2.89935	-22.0343	-0.74452	1682.45	1148.72	131.386	-87.4329	0.000311811	193.636
37.2920	1.14269	-141.773	0.022518	229.662	3.57813	223.656	-3.8054	-29.0714	-0.702117	1682.12	1154.95	131.842	-87.4329	-0.000145967	194.845
37.2927	1.74668	-97.1944	0.630503	124.987	2.05775	185.507	-11.4421	-24.5146	-0.66563	1681.69	1161.02	132.297	-87.1277	-0.000298575	196.077
37.2933	1.74668	-132.92	0.330264	8.07969	0.524268	61.9145	-17.5514	-28.1485	-0.628158	1681.69	1167.58	132.753	-86.8225	0.000159203	197.147
37.2940	-2.82407	-51.7365	-0.285228	23.3363	-0.996109	-78.7764	-16.9301	-43.434	-0.585755	1681.2	1173.41	133.208	-86.9751	0.000311811	197.914
37.2947	-8.01513	178.692	0.022518	43.7838	-1.91358	-169.409	-11.7527	-48.6253	-0.549268	1681.53	1179.64	134.119	-86.8225	-0.000145967	198.658
37.2953	-8.01513	500.664	-0.285228	-55.0683	-2.21503	-203.896	-7.76611	-35.8201	-0.512782	1682.45	1187.47	135.34	-85.6018	-0.000145967	199.123
37.2960	-6.18683	775.609	-1.20096	-156.403	-3.74852	-221.285	-6.54942	-21.169	-0.476295	1682.88	1194.18	135.958	-84.5337	6.59448e-006	199.728
37.2967	-4.04838	828.413	-1.20096	-139.296	-4.04997	-193.226	-7.48136	-15.0548	-0.432906	1683.2	1199.94	136.104	-84.3811	-0.000298575	200.658
37.2973	-1.30593	735.613	-1.5012	-36.7874	-1.31067	-62.5996	-8.3874	-11.7093	-0.39642	1681.69	1205.13	134.738	-85.4492	-0.000603745	201.425
37.2980	1.43652	644.384	-1.80894	53.8496	0.825722	85.4157	-8.3874	-10.7864	-0.359933	1679.21	1210.01	132.444	-87.5854	-0.000451137	202.495
37.2987	5.4196	543.673	-2.41693	102.689	0.524268	147.963	-7.48136	-19.0348	-0.31753	1677.86	1215.04	130.914	-88.6536	-0.000451137	203.541
37.2993	6.02359	456.713	-2.72468	109.098	-0.694655	143.378	-5.64338	-29.9943	-0.281044	1676.78	1220.39	130.003	-88.8062	6.59448e-006	204.471
37.3000	3.57498	431.661	-2.41693	42.5651	-4.35142	140.638	-2.5887	-31.494	-0.237655	1676.51	1226.47	129.694	-89.1113	0.000159203	205.54
37.3007	4.48913	413.955	-2.11669	-82.2413	-7.71984	132.708	-0.465967	-22.0343	-0.207085	1677.1	1233.18	130.458	-88.6536	-0.000298575	206.145
37.3013	6.62758	367.556	-1.80894	-139.296	-8.32275	80.5153	-1.06137	-7.0948	-0.158765	1677.26	1239.65	130.768	-88.0432	-0.000145967	206.749
37.3020	6.02359	262.576	-1.80894	-121.602	-7.40528	22.2365	-2.27806	6.92176	-0.115376	1676.94	1245.4	130.621	-88.1958	6.59448e-006	207.517
37.3027	5.71343	1.06738	-1.20096	-96.2792	-6.18636	14.3062	-0.750724	9.69046	-0.0857923	1676.78	1251.24	131.077	-88.0432	6.59448e-006	208.749
37.3033	5.10944	-254.664	-0.285228	-15.1212	-4.35142	52.7459	1.9933	1.15363	-0.0424031	1676.51	1257.15	131.532	-87.5854	6.59448e-006	209.958
37.3040	1.74668	-287.628	0.022518	102.689	-2.52959	68.9228	5.64338	-3.74928	0	1676.18	1262.82	131.842	-87.4329	0.000159203	210.423
37.3047	0.522371	-187.859	-0.285228	223.523	-1.31067	10.644	8.3874	-4.03769	0.0364864	1675.59	1267.54	131.532	-88.6536	6.59448e-006	211.33
37.3053	1.43652	-146.922	-1.20096	319.667	-0.393201	-86.1007	7.48136	-11.3632	0.0798756	1673.76	1271.85	130.149	-90.0269	-0.000145967	212.865
37.3060	2.05684	-231.182	-1.5012	359.975	0.222814	-134.921	5.04797	-23.5917	0.122279	1672.51	1276.57	129.547	-90.4846	6.59448e-006	214.074
37.3067	2.36699	-209.52	-2.11669	365.753	-0.0786402	-106.862	2.30395	-28.1485	0.158765	1672.68	1281.92	129.856	-90.332	-0.000145967	214.701
37.3073	3.57498	11.1133	-3.03242	346.208	0.222814	-22.3156	0.776611	-17.7658	0.195252	1673.11	1287.83	130.768	-89.7217	0.000159203	215.748
37.3080	5.4196	115.528	-3.03242	272.362	1.14028	57.3302	1.9933	-6.1719	0.238641	1674.03	1294.39	131.988	-88.6536	0.000159203	216.375
37.3087	6.33375	30.3889	-1.80894	77.3664	0.825722	55.5123	3.52064	-5.88349	0.275127	1675.1	1301.1	133.827	-87.2803	6.59448e-006	216.678
37.3093	6.33375	9.92036	-1.20096	-152.747	1.14028	-12.2512	2.89935	-11.9977	0.311614	1675.86	1307.25	135.047	-85.7544	0.000311811	217.282
37.3100	7.54173	17.2664	-2.11669	-243.384	2.66066	-87.945	1.9933	-15.9777	0.354017	1675.7	1312.28	134.738	-85.6018	0.000311811	218.212
37.3107	9.0762	-102.72	-2.11669	-213.457	3.87958	-127.307	2.5887	-15.3432	0.39642	1674.94	1316.84	134.119	-86.2122	6.59448e-006	219.421
37.3113	9.0762	-196.712	-0.893213	-103.592	3.27667	-148.674	3.52064	-5.59509	0.439809	1674.03	1321.23	133.062	-86.6699	0.000159203	220.793
37.3120	8.16205	-146.043	-0.285228	56.0162	2.96211	-161.478	0.776611	13.036	0.482212	1673.27	1325.71	131.988	-87.1277	6.59448e-006	221.7
37.3127	7.54173	-57.513	-0.893213	156.087	2.35921	-69.0018	-3.49475	29.1867	0.524615	1673	1330.58	131.386	-87.2803	6.59448e-006	222.165
37.3133	6.93774	10.8622	-0.893213	208.898	2.05775	90.606	-4.11604	37.4352	0.562088	1672.84	1336.1	130.621	-87.2803	0.000159203	223.397
37.3140	6.33375	132.92	-1.20096	261.71	2.05775	176.97	-3.8054	42.0497	0.604491	1672.08	1341.53	129.401	-87.5854	-0.000298575	224.304
37.3147	5.71343	184.782	-1.80894	269.338	1.74319	166.879	-5.64338	37.1468	0.652811	1672.08	1348.08	130.458	-86.5173	-0.000451137	224.909
37.3153	5.71343	-12.3691	-1.5012	276.334	2.35921	90.606	-7.76611	19.727	0.6962	1673.76	1355.43	132.753	-84.9915	0.000159203	226.141
37.3160	6.33375	-106.675	-0.893213	310.82	3.57813	6.66569	-8.3874	8.13306	0.738603	1674.94	1362.14	133.827	-84.5337	-0.000145967	226.745
37.3167	6.02359	52.9295	-0.585468	323.639	3.57813	-31.774	-8.3874	5.07595	0.781006	1674.51	1367.18	134.119	-84.5337	-0.000756307	227.513
37.3173	4.48913	29.7611	-0.585468	317.229	1.74319	-22.0258	-8.07676	-0.980582	0.818479	1672.68	1370.22	133.208	-85.4492	-0.000603745	228.885
37.3180	5.10944	-143.594	-0.285228	272.362	0.524268	-16.8355	-7.76611	-2.82638	0.866798	1670.68	1372.53	131.386	-87.2803	-0.000298575	230.094
37.3187	6.33375	-249.453	0.022518	150.309	0.825722	-56.4871	-9.00869	8.13306	0.909202	1669.01	1375.41	130.768	-88.6536	6.59448e-006	231.326
37.3193	6.02359	-381.934	0.330264	12.6838	0.222814	-24.4497	-10.536	24.3415	0.958507	1668.09	1379.08	130.914	-89.2639	-0.000145967	233
37.3200	6.02359	-497.588	-0.285228	-102.373	-0.996109	137.582	-11.4421	43.8378	0.994994	1667.66	1383.4	130.914	-89.1113	-0.000298575	233.465
37.3207	6.33375	-551.019	-0.585468	-279.088	-0.0786402	210.536	-12.0375	61.2575	1.03148	1667.33	1387.63	131.077	-88.8062	6.59448e-006	233.767
37.3213	6.33375	-481.388	-0.585468	-458.511	0.524268	129.046	-11.4421	67.9486	1.08079	1668.09	1392.67	132.134	-88.501	0.000311811	235.139
37.3220	6.02359	-251.902	0.330264	-529.919	0.524268	88.4456	-10.8208	63.9686	1.12319	1668.41	1398.18	133.062	-88.0432	6.59448e-006	236.209
37.3227	4.79928	-117.977	0.330264	-508.253	1.14028	99.1423	-9.29345	49.6636	1.15968	1667.76	1403.22	132.899	-87.738	6.59448e-006	237.278
37.3233	4.19529	-139.325	0.330264	-401.773	1.74319	89.0779	-3.8054	35.5894	1.20208	1667.66	1408.09	132.297	-87.8906	6.59448e-006	238.487
37.3240	2.66083	-50.4808	0.630503	-260.762	2.05775	6.66569	7.48136	24.3415	1.24547	1667.66	1412.96	131.988	-87.8906	0.000159203	239.255
37.3247	-0.99577	189.994	0.022518	-171.66	-0.393201	-187.72	16.0241	1.44203	1.28787	1666.85	1417.68	130.914	-88.501	0.000159203	240.487
37.3253	-0.391778	380.992	0.022518	-156.403	-4.96744	-269.816	17.8621	-23.3032	1.33027	1665.34	1422.39	129.401	-89.7217	6.59448e-006	242.766
37.3260	3.88513	323.353	0.022518	-176.85	-7.40528	-200.55	18.1727	-32.1285	1.37366	1664.58	1427.19	128.473	-90.332	0.000159203	244.602
37.3267	6.02359	70.0076	-0.585468	-168.59	-8.0213	-228.32	20.2954	-26.9372	1.41607	1663.5	1431.58	127.871	-90.4846	0.000159203	244.44
37.3273	5.4196	-111.573	-0.585468	-106.661	-8.62421	-223.419	22.4441	-19.9001	1.45255	1663.99	1438.29	128.473	-89.8743	0.000159203	244.742
37.3280	4.79928	-96.0014	-1.5012	-71.5436	-9.24022	-33.9081	28.8382	-22.0343	1.48904	1665.93	1446.36	130.621	-87.8906	6.59448e-006	245.672
37.3287	2.66083	9.92036	-2.11669	-119.48	-10.7606	81.4374	34.0415	-17.189	1.52651	1666.74	1453.56	132.297	-86.2122	0.000311811	246.579
37.3293	-2.22008	21.8499	-1.80894	-158.524	-11.0752	82.3595	18.1727	6.34494	1.57483	1667.01	1460.59	133.664	-85.6018	0.000311811	247.648
37.3300	-3.44438	-130.158	-3.03242	-67.6166	-7.40528	201.077	-6.23878	24.3415	1.61132	1666.74	1467.14	133.827	-86.0596	-0.000451137	248.113
37.3307	0.228537	-219.252	-3.03242	117.043	0.222814	292.922	-16.3347	27.0525	1.6478	1665.66	1473.21	133.827	-86.6699	-0.000451137	249.485
37.3313	5.10944	-30.3889	-2.11669	269.022	7.54946	188.853	-23.6349	26.7641	1.69119	1664.9	1479.61	134.282	-86.9751	0.000311811	251.159
37.3320	6.33375	166.197	-1.5012	399.335	8.45382	38.4134	-33.4202	19.727	1.72768	1664.58	1486.4	134.575	-87.4329	0.000159203	252.066
37.3327	3.57498	114.9	-1.80894	520.485	5.09851	-65.0498	-36.1642	2.94175	1.76417	1663.82	1492.79	134.738	-87.5854	0.000159203	252.833
37.3333	1.74668	-21.8499	-2.41693	524.458	3.27667	-122.406	-34.6369	-5.59509	1.80065	1663.34	1498.86	134.738	-87.4329	0.000769543	253.903
37.3340	-0.391778	-134.113	-2.72468	415.811	2.96211	-145.302	-32.7989	5.42204	1.84306	1663.66	1505.73	135.193	-86.9751	0.000616981	255.577
37.3347	-5.87667	-233.003	-2.72468	351.715	4.79705	-181.923	-27.9062	27.9754	1.87954	1664.15	1512.93	135.795	-86.6699	-0.000145967	256.647
37.3353	1.43652	-177.436	-3.33266	316.011	5.71452	-209.403	-21.5121	40.4923	1.92293	1664.15	1520.2	136.414	-85.7544	-0.000451137	256.507
37.3360	19.442	-51.1087	-3.64041	155.184	2.66066	-178.577	-16.3347	31.667	1.95942	1664.74	1528.35	136.869	-84.3811	-0.000145967	256.949
37.3367	11.5085	-87.7135	-3.33266	-12.6838	-0.694655	-97.4034	-9.91474	13.6705	2.00182	1664.9	1535.3	136.414	-84.5337	6.59448e-006	258.646
37.3373	-15.9486	-55.0643	-2.41693	-52.6308	-2.21503	13.7002	-4.11604	-2.82638	2.03831	1663.5	1541.29	134.738	-86.0596	-0.000298575	260.46
37.3380	-26.3308	203.681	-2.11669	-1.08331	-4.04997	133.024	-1.68266	-6.1719	2.07578	1661.66	1547.21	132.753	-87.4329	-0.000298575	262.157
37.3387	-25.7104	473.791	-2.41693	54.4815	-4.35142	216.938	-4.42668	8.47915	2.11818	1660.32	1553.84	131.077	-88.3484	-0.000298575	263.529
37.3393	-23.2782	588.252	-2.41693	-46.2212	-1.91358	212.064	-10.8208	23.1302	2.16059	1659.24	1561.11	130.003	-89.1113	-0.000298575	265.04
37.3400	-13.2062	446.918	-1.80894	-233.905	-0.393201	214.804	-14.1861	19.1502	2.19116	1659.07	1569.5	130.149	-89.1113	-0.000145967	265.97
37.3407	-5.58284	168.583	-1.20096	-344.718	0.524268	314.289	-12.3481	4.49914	2.23356	1659.72	1578.37	131.077	-88.1958	-0.000145967	267.04
37.3413	-5.87667	-15.1317	-0.893213	-401.773	2.05775	378.364	-8.07676	1.15363	2.27103	1659.99	1586.6	131.679	-87.4329	6.59448e-006	268.086
37.3420	-6.18683	-76.4747	-1.20096	-406.016	3.27667	337.184	-4.73733	9.34437	2.3016	1659.56	1593.79	131.679	-87.738	-0.000145967	269.156
37.3427	-6.18683	-35.2235	-1.5012	-299.535	3.87958	264.546	-3.8054	23.1302	2.33809	1659.24	1601.22	132.134	-88.0432	-0.000603745	270.086
37.3433	-8.01513	37.9862	-1.20096	-124.355	3.57813	179.394	-4.42668	37.1468	2.38049	1658.8	1608.41	132.606	-88.0432	-0.000451137	270.388
37.3440	-8.32529	-5.65084	-1.5012	34.9368	4.19414	71.373	-5.02209	45.6836	2.41698	1658.16	1615.13	132.134	-88.1958	0.000159203	271.597
37.3447	-7.10098	-197.277	-1.80894	158.524	5.41307	-37.2805	-3.49475	49.0291	2.45938	1657.89	1621.84	131.842	-88.8062	0.000159203	273.597
37.3453	-7.10098	-342.252	-2.11669	266.585	5.09851	-40.6265	0.465967	53.6436	2.50277	1656.48	1627.35	131.386	-89.7217	0.000159203	275.108
37.3460	-6.49699	-302.571	-2.11669	341.649	3.57813	72.2951	2.30395	56.0662	2.53334	1654.81	1632.86	130.458	-90.332	0.000311811	275.875
37.3467	-5.27268	-289.762	-2.11669	294.028	1.74319	100.96	1.68266	49.6636	2.56391	1654.22	1639.74	130.003	-90.7898	0.000311811	276.805
37.3473	-6.79082	-449.681	-2.11669	57.8217	-0.0786402	-0.0526932	-0.750724	36.8584	2.60631	1655.3	1647.65	130.621	-90.0269	0.000311811	278.014
37.3480	-8.61912	-533.627	-1.80894	-269.022	-0.694655	-122.723	-4.11604	21.5728	2.65562	1656.81	1656.84	132.606	-87.8906	0.000311811	279.084
37.3487	-9.23944	-416.09	-0.585468	-497.601	-0.0786402	-221.601	-8.07676	11.4786	2.6921	1657.72	1665.63	133.664	-86.0596	0.000311811	279.688
37.3493	-10.1536	-412.448	-0.585468	-542.468	0.222814	-249.687	-13.2801	0.807538	2.73451	1658.16	1673.46	132.899	-85.907	6.59448e-006	280.618
37.3500	-10.7576	-499.408	-2.11669	-389.856	1.44174	-207.875	-8.07676	-25.0914	2.77691	1657.89	1681.05	132.444	-85.907	6.59448e-006	281.99
37.3507	-8.32529	-389.845	-2.41693	-107.564	3.57813	-120.588	10.2254	-55.3164	2.8203	1656.97	1688.08	131.532	-86.6699	0.000311811	283.502
37.3513	-6.79082	-184.154	-2.11669	170.441	4.79705	-22.9216	22.4441	-70.6019	2.8627	1656.05	1695.11	130.621	-87.738	-0.000298575	284.734
37.3520	-8.32529	103.599	-1.5012	420.686	3.57813	7.27167	24.2562	-67.2564	2.89919	1655.57	1702.3	130.914	-86.9751	6.59448e-006	285.943
37.3527	-10.7576	446.29	-0.893213	632.473	3.87958	-24.4497	27.9321	-50.7596	2.93568	1655.3	1709.17	131.386	-86.5173	0.000464373	287.315
37.3533	-11.3779	666.987	-2.11669	793.615	5.09851	-44.6048	34.6369	-29.9943	2.97906	1654.81	1715.73	131.842	-87.1277	0.000159203	288.384
37.3540	-10.1536	815.29	-3.33266	884.252	5.09851	-40.0205	34.0415	-10.7864	3.01555	1654.05	1721.8	131.842	-87.5854	-0.000145967	288.687
37.3547	-10.1536	747.229	-3.03242	828.687	3.87958	-15.3074	18.7681	5.42204	3.05795	1654.65	1729.15	132.606	-86.8225	-0.000298575	289.617
37.3553	-11.6717	538.462	-1.80894	712.141	2.66066	42.6815	1.06137	15.8047	3.10036	1656.21	1737.22	134.429	-85.2966	0.000311811	291.454
37.3560	-11.6717	511.903	-2.41693	649.851	2.05775	60.6763	-10.8208	11.4786	3.14966	1656.97	1744.97	135.795	-83.9233	0.000464373	292.825
37.3567	-10.1536	390.473	-3.64041	555.287	2.66066	12.1721	-22.4182	-4.67219	3.19207	1656.65	1752.16	135.795	-83.9233	6.59448e-006	294.337
37.3573	-8.01513	57.199	-3.64041	338.58	2.66066	-46.7389	-37.3809	-11.7093	3.22855	1655.3	1758.4	134.575	-85.4492	-0.000298575	295.871
37.3580	-6.79082	-204.623	-3.33266	66.6687	1.74319	-161.795	-48.357	-11.3632	3.27194	1652.81	1763.27	132.753	-87.738	-0.000451137	297.08
37.3587	-5.58284	-380.992	-3.33266	-184.163	1.14028	-314.974	-35.8536	-16.2661	3.31435	1650.87	1768.22	130.914	-89.1113	-0.000603745	298.15
37.3593	-3.44438	-402.967	-3.64041	-429.533	0.524268	-360.448	-9.00869	-15.9777	3.34491	1650.22	1775.02	130.149	-89.2639	-0.000298575	299.684
37.3600	-1.30593	-145.415	-4.55614	-633.691	0.524268	-311.944	11.4421	-5.59509	3.39323	1650.55	1783.17	130.149	-89.2639	-0.000298575	301.359
37.3607	0.228537	112.452	-4.55614	-707.266	1.44174	-244.18	23.6608	9.05597	3.43662	1650.71	1791.08	130.768	-88.6536	-0.000298575	302.265
37.3613	-0.685612	61.7825	-3.64041	-691.062	1.74319	-102.594	27.6215	19.1502	3.47311	1650.71	1798.83	131.386	-87.4329	0.000311811	303.335
37.3620	-3.44438	-36.1654	-3.94815	-678.243	1.14028	60.3864	28.8382	9.97887	3.51551	1650.98	1805.86	130.914	-87.2803	0.000159203	304.869
37.3627	-4.65237	187.545	-4.24839	-657.795	0.524268	105.545	39.5295	-4.96059	3.5589	1650.71	1812.41	130.149	-87.8906	-0.000451137	305.776
37.3633	-6.79082	424.943	-3.03242	-612.025	-0.0786402	68.6329	48.0722	1.73044	3.60131	1650.22	1819.28	130.149	-87.8906	6.59448e-006	306.706
37.3640	-10.4637	412.762	-1.80894	-536.329	0.825722	49.0837	38.9082	22.4957	3.63188	1650.06	1826.47	130.458	-87.2803	6.59448e-006	308.078
37.3647	-11.9819	321.533	-0.285228	-427.411	2.96211	45.1318	22.7288	42.9149	3.66836	1648.87	1832.71	129.238	-88.3484	-0.000603745	309.148
37.3653	-11.3779	113.08	0.938249	-349.277	2.66066	45.4216	8.10264	68.8715	3.71767	1646.28	1837.34	127.253	-90.6372	0.000159203	310.054
37.3660	-11.0677	-59.0826	1.24599	-331.267	-0.0786402	64.9708	-8.07676	92.6939	3.76007	1645.2	1842.62	126.96	-91.095	0.000616981	311.589
37.3667	-11.0677	-33.0888	1.85398	-272.994	-1.91358	65.2606	-14.1861	103.653	3.79064	1645.96	1849.97	127.871	-90.4846	6.59448e-006	313.263
37.3673	-11.0677	-58.4548	1.85398	-175.316	-2.52959	15.8343	-8.69805	103.365	3.83304	1647.04	1857.88	129.547	-89.2639	0.000311811	314.333
37.3680	-11.3779	-173.795	0.938249	-164.934	-2.83105	-36.0422	-7.48136	92.0594	3.88235	1648.28	1865.07	131.679	-87.5854	0.000464373	315.1
37.3687	-11.3779	-254.036	0.938249	-211.336	-2.83105	-43.3665	-8.3874	67.9486	3.91292	1649.03	1872.1	133.355	-86.3647	0.000159203	316.007
37.3693	-10.4637	-418.225	1.24599	-177.166	-2.52959	-26.5837	-8.3874	39.9155	3.94349	1649.2	1878.65	134.282	-86.0596	0.000159203	317.239
37.3700	-9.84343	-697.188	0.938249	-51.7281	-3.1325	-40.9426	-19.3635	18.5157	3.98589	1648.55	1883.85	134.429	-86.6699	-0.000451137	318.146
37.3707	-9.23944	-894.904	0.630503	53.5787	-3.44706	-129.125	-32.7989	-3.74928	4.02238	1647.79	1888.88	134.282	-86.9751	-0.000145967	319.82
37.3713	-8.01513	-857.671	0.938249	105.758	-2.52959	-199.944	-33.1095	-28.783	4.05887	1647.36	1894.23	134.119	-86.6699	0.000311811	321.657
37.3720	-6.79082	-367.556	1.85398	135.324	-2.21503	-115.398	-27.9062	-43.1456	4.10127	1647.2	1899.91	134.282	-86.2122	-0.000451137	323.029
37.3727	-7.41114	271.742	2.16173	104.539	-2.52959	-26.2939	-22.1334	-39.454	4.13874	1647.47	1905.34	134.429	-86.5173	-0.000756307	324.563
37.3733	-7.41114	391.666	3.3777	8.98245	-3.1325	-82.1224	-13.8755	-26.3604	4.17523	1646.71	1909.66	133.208	-87.2803	-0.000298575	325.772
37.3740	-6.18683	244.618	3.99319	-27.3084	-3.1325	-117.848	-7.17071	-13.209	4.21171	1645.63	1914.37	132.297	-87.1277	-0.000145967	327.005
37.3747	-4.04838	290.39	3.3777	-11.7359	-2.52959	-87.945	-4.42668	-1.61508	4.25412	1646.44	1921.56	133.062	-85.907	6.59448e-006	328.074
37.3753	-2.53023	403.281	3.3777	-41.6623	-1.91358	-87.945	-4.73733	3.86465	4.2906	1647.95	1929.47	134.282	-84.8389	-0.000298575	329.144
37.3760	-0.99577	450.874	4.29343	-20.3121	-1.91358	-1.5808	-5.95402	9.97887	4.32709	1648.39	1935.55	135.193	-84.2285	-0.000298575	330.05
37.3767	2.36699	385.575	4.90892	103.005	-2.21503	162.927	-6.86007	20.6499	4.36456	1647.47	1940.58	135.047	-84.2285	6.59448e-006	330.957
37.3773	3.88513	256.799	3.99319	231.151	-1.61212	208.402	-7.48136	24.9183	4.40105	1645.53	1944.73	133.208	-85.6018	-0.000298575	332.19
37.3780	0.228537	228.419	2.16173	291.591	-0.0786402	157.131	-6.54942	21.2844	4.43753	1643.2	1947.45	130.768	-87.5854	-0.000451137	333.701
37.3787	-4.04838	167.39	-0.285228	284.595	-0.393201	128.44	-3.8054	4.49914	4.47402	1641.69	1950.81	128.929	-89.5691	-0.000145967	336.003
37.3793	-4.04838	-8.97855	-2.41693	253.765	-0.393201	142.772	-1.06137	-30.9172	4.51642	1641.37	1956	128.929	-90.0269	-0.000451137	337.677
37.3800	-0.391778	-76.1607	-3.03242	243.384	1.14028	148.569	1.68266	-51.6824	4.55291	1641.26	1961.99	129.547	-89.1113	-0.000451137	338.444
37.3807	2.66083	8.97855	-4.55614	221.402	1.14028	108.601	4.42668	-24.2261	4.59038	1641.86	1968.07	130.458	-88.3484	-0.000298575	339.514
37.3813	4.79928	140.517	-6.3876	206.145	1.14028	57.6464	7.17071	16.0931	4.62095	1642.29	1973.74	131.679	-88.0432	-0.000145967	340.723
37.3820	5.4196	272.684	-6.3876	273.265	2.05775	17.6522	10.2254	24.3415	4.66336	1641.86	1978.61	132.134	-87.8906	0.000159203	341.955
37.3827	3.88513	424.064	-6.07985	308.969	1.44174	3.92565	12.9694	0.230725	4.69984	1641.86	1983.97	132.899	-87.5854	6.59448e-006	343.931
37.3833	2.36699	501.857	-3.03242	256.203	0.222814	0.579626	15.118	-35.8201	4.73041	1642.02	1988.84	133.973	-86.9751	6.59448e-006	345.768
37.3840	0.522371	388.338	0.630503	118.577	0.524268	-34.8302	8.69805	-53.4706	4.7669	1640.94	1992.04	133.973	-87.2803	0.000159203	345.768
37.3847	1.14269	161.614	2.16173	-116.14	0.825722	-61.0715	-8.3874	-50.7596	4.80338	1639.1	1994.2	132.606	-88.8062	0.000159203	346.675
37.3853	0.832529	-62.7243	2.16173	-232.099	0.524268	-61.6774	-23.0395	-54.7396	4.83987	1638.19	1996.91	130.768	-90.0269	6.59448e-006	349.116
37.3860	-3.73822	-180.199	2.46197	-126.476	0.825722	-16.2295	-29.1488	-59.9309	4.87734	1637.43	2000.27	129.694	-90.4846	0.000159203	350.488
37.3867	-6.18683	-271.428	3.68544	43.197	-0.393201	105.861	-31.2715	-49.2022	4.90101	1637.27	2004.58	129.238	-90.4846	0.000311811	351.721
37.3873	-6.18683	-430.154	6.74038	184.795	-2.83105	205.029	-30.9609	-31.8401	4.93158	1638.35	2009.7	129.694	-88.8062	0.000159203	352.93
37.3880	-8.01513	-407.237	8.56434	262.928	-4.04997	193.437	-27.0002	-8.6522	4.96807	1639.43	2015.05	130.312	-86.9751	0.000464373	353.557
37.3887	-6.79082	-248.888	7.34837	258.008	-4.04997	116.241	-21.5121	21.5728	5.00455	1640.18	2019.92	130.914	-86.2122	0.000311811	353.999
37.3893	3.57498	-242.17	4.90892	329.417	-2.83105	73.7969	-25.4729	46.6065	5.04203	1640.78	2024.56	131.532	-85.6018	0.000311811	355.371
37.3900	9.68019	-281.851	3.99319	535.11	-1.91358	51.2178	-39.5036	61.2575	5.07851	1640.18	2027.76	131.077	-85.907	0.000311811	357.045
37.3907	-0.0816205	-252.844	3.68544	593.699	-1.31067	14.9122	-47.1403	60.6231	5.115	1639.26	2030.79	130.914	-86.3647	6.59448e-006	358.882
37.3913	-13.2062	-212.22	2.76971	419.783	-0.393201	17.0463	-44.7069	42.6265	5.15148	1639.43	2034.47	131.223	-86.6699	-0.000145967	360.719
37.3920	-22.6578	-229.361	-0.893213	214.405	-0.0786402	49.0837	-34.9475	20.3615	5.18205	1638.35	2035.83	130.914	-87.2803	-0.000145967	360.882
37.3927	-20.2256	-421.301	-8.82705	82.8732	0.524268	30.7728	-16.9301	-3.11479	5.21854	1636.35	2036.31	130.768	-87.5854	-0.000145967	361.021
37.3933	-1.59976	-560.123	-13.4057	15.392	2.35921	-32.6962	-2.89935	-27.2256	5.25503	1635.92	2037.82	131.077	-87.738	0.000159203	362.695
37.3940	9.38635	-338.297	-7.91132	-61.7938	3.27667	-14.3853	-1.68266	-41.0114	5.29151	1636.51	2040.06	131.842	-87.5854	6.59448e-006	364.695
37.3947	-0.0816205	-12.3691	0.330264	-189.67	2.35921	26.8209	-1.68266	-38.2427	5.32899	1637.7	2042.54	133.355	-86.2122	6.59448e-006	365.904
37.3953	-14.7243	161.865	5.20916	-309.601	-0.0786402	-26.2939	9.31934	-27.5717	5.36547	1638.51	2044.38	134.884	-85.144	-0.000145967	366.671
37.3960	-11.6717	353.24	9.17983	-333.389	-1.61212	-39.7043	22.1334	-19.0348	5.39604	1638.94	2045.41	135.795	-84.5337	-0.000298575	368.043
37.3967	1.43652	643.128	10.7035	-286.084	-2.21503	-0.342506	27.0002	-2.24957	5.43253	1638.94	2045.73	135.958	-84.2285	-0.000298575	370.019
37.3973	-2.82407	756.082	9.17983	-258.324	-2.52959	-45.8168	33.4202	30.1096	5.46901	1637.27	2045.02	134.429	-85.6018	-0.000603745	371.693
37.3980	-22.6578	624.857	8.2641	-284.279	-2.21503	-105.624	39.2189	43.8378	5.5055	1635.11	2043.42	131.988	-87.4329	-0.000451137	373.088
37.3987	-33.644	505.499	8.56434	-344.086	-1.31067	-116.004	40.1249	21.5728	5.53607	1633.92	2042.54	130.312	-88.6536	-0.000451137	374.762
37.3993	-26.3308	420.673	8.87208	-319.983	-0.393201	-117.242	40.4356	4.49914	5.56664	1633.33	2043.02	128.929	-89.1113	-0.000298575	376.576
37.4000	-15.9486	277.582	7.04062	-210.704	-0.694655	-64.1277	37.3809	15.4586	5.60313	1633	2044.38	128.636	-88.6536	-0.000145967	377.506
37.4007	-6.49699	176.871	4.90892	-146.653	-1.91358	-29.9561	35.5688	28.6099	5.6337	1632.25	2044.38	128.473	-88.1958	6.59448e-006	377.808
37.4013	9.68019	171.66	4.90892	-153.965	-0.393201	-69.9239	39.8402	36.5123	5.6761	1632.25	2044.06	128.018	-88.6536	0.000159203	379.482
37.4020	28.5998	161.865	4.29343	-217.429	3.87958	-48.5568	43.4902	42.3381	5.71259	1632.84	2045.02	128.473	-88.501	-0.000298575	381.017
37.4027	42.9487	91.104	2.46197	-316.327	6.93344	-21.3935	45.9236	38.3581	5.75006	1632.09	2044.54	128.929	-87.5854	-0.000145967	381.319
37.4033	52.1065	-13.2481	1.24599	-380.107	6.01597	-55.8812	47.451	29.1867	5.78063	1631.49	2043.02	128.783	-87.738	0.000769543	382.528
37.4040	66.1452	-128.023	-0.285228	-363.315	3.87958	-25.9778	46.8555	20.6499	5.81021	1631.76	2043.18	129.092	-88.3484	0.000311811	384.528
37.4047	74.0787	-264.459	-0.893213	-311.452	2.35921	10.9338	43.1796	6.34494	5.84768	1630.57	2042.38	128.929	-89.1113	6.59448e-006	386.342
37.4053	60.644	-314.814	0.022518	-279.675	1.14028	-40.6265	33.7308	-15.3432	5.88417	1629.01	2040.38	128.473	-90.1794	0.000159203	388.178
37.4060	43.5527	-209.834	1.24599	-257.106	0.825722	-105.018	21.8228	-30.9172	5.91474	1628.9	2039.5	128.636	-90.1794	0.000464373	389.853
37.4067	35.3253	-123.753	1.24599	-220.499	0.825722	-99.2214	16.0241	-35.8201	5.94531	1628.58	2039.18	129.401	-89.5691	0.000616981	390.922
37.4073	32.5666	-79.1745	0.938249	-176.218	1.44174	-16.8355	15.4287	-32.4169	5.9818	1628.9	2039.02	130.768	-88.8062	0.000769543	391.387
37.4080	31.3586	-0.753445	0.330264	-146.337	2.35921	17.0463	15.7134	-23.3032	6.01828	1630.68	2039.5	132.606	-87.2803	0.000616981	392.759
37.4087	30.4281	-15.1317	-0.285228	-142.049	3.57813	-29.3501	16.3347	-15.6316	6.04885	1631.6	2039.82	134.119	-86.2122	0.000311811	393.991
37.4093	31.0484	-149.37	-0.893213	-147.24	4.79705	-26.2939	16.0241	-10.1519	6.07942	1631.76	2038.7	134.282	-85.7544	6.59448e-006	395.2
37.4100	31.3586	-265.338	-1.20096	-137.49	5.41307	-14.3853	14.4967	-4.96059	6.11591	1631.33	2036.47	133.355	-86.2122	-0.000145967	396.735
37.4107	29.8241	-296.794	-1.80894	-94.4737	3.87958	-83.0445	13.9013	-1.90348	6.14056	1630.41	2035.03	132.606	-86.6699	0.000159203	398.409
37.4113	27.9958	-280.281	-2.41693	-22.1176	1.74319	-101.672	14.1861	2.65334	6.17705	1630.25	2033.99	132.134	-86.8225	0.000159203	399.781
37.4120	26.7715	-211.027	-2.72468	45.3185	0.524268	-21.7096	12.374	11.8247	6.21353	1629.76	2032.31	131.532	-87.1277	-0.000145967	400.85
37.4127	25.8574	-103.599	-3.03242	83.46	-0.996109	14.9122	9.00869	20.996	6.2441	1629.49	2031.99	130.768	-86.9751	-0.000145967	402.524
37.4133	24.3392	-65.173	-3.64041	100.883	-2.52959	39.3355	6.57531	27.687	6.27467	1629.49	2032.15	130.003	-86.9751	-0.000145967	404.198
37.4140	22.2008	-61.7825	-3.33266	68.2034	-3.44706	161.399	5.64338	29.8212	6.30524	1629.17	2031.43	130.003	-86.5173	0.000159203	405.57
37.4147	20.6663	-2.26033	-2.41693	19.9961	-4.66598	269.421	4.73733	33.4552	6.34173	1629.76	2031.67	131.679	-85.4492	0.000159203	406.942
37.4153	19.442	50.7947	-2.41693	37.6902	-6.18636	265.758	3.20999	31.3209	6.36638	1630.57	2032.79	132.753	-84.8389	-0.000603745	407.57
37.4160	18.838	108.496	-2.41693	62.6966	-4.96744	222.128	0.465967	10.9018	6.40287	1630.68	2032.79	133.517	-84.2285	-0.000756307	408.314
37.4167	18.5278	302.885	-2.41693	50.5093	-2.83105	208.402	-3.49475	-4.96059	6.43936	1630.09	2031.59	134.119	-84.3811	-0.000298575	410.011
37.4173	18.234	307.468	-2.72468	29.4299	-2.83105	195.281	-5.33273	2.65334	6.46993	1628.09	2029.27	133.355	-86.2122	-0.000145967	411.988
37.4180	17.3199	-151.505	-3.03242	46.2212	-3.44706	105.255	-6.23878	9.69046	6.50049	1625.99	2026.4	131.988	-88.1958	-0.000145967	413.662
37.4187	16.0956	-373.395	-2.41693	158.524	-3.1325	-20.1815	-7.48136	2.94175	6.5429	1624.74	2023.92	131.077	-89.2639	-0.000298575	414.894
37.4193	15.7854	-89.2832	-1.20096	334.923	-2.83105	-96.1652	-7.48136	-7.0948	6.56755	1624.31	2022.24	130.914	-89.2639	-0.000298575	416.266
37.4200	15.1814	-2.00919	-1.20096	494.847	-2.83105	-175.521	-5.33273	-11.9977	6.59812	1624.31	2021.52	131.532	-88.6536	-0.000145967	417.94
37.4207	14.2673	-129.844	-1.20096	552.217	-2.21503	-215.805	-2.27806	-11.0748	6.63461	1624.74	2020.88	132.134	-87.8906	-0.000145967	419.312
37.4213	13.3531	-83.1929	-0.585468	499.135	-2.21503	-63.2055	0.465967	-14.1319	6.66518	1625.23	2020.24	132.297	-87.2803	-0.000145967	420.846
37.4220	12.1288	-52.3644	0.022518	444.473	-1.91358	100.354	2.89935	-22.0343	6.69575	1624.48	2019.37	132.297	-87.2803	-0.000451137	421.753
37.4227	10.9045	-144.473	-0.285228	358.124	-1.31067	3.31967	4.73733	-23.5917	6.73223	1623.99	2019.37	132.134	-87.5854	-0.000145967	423.288
37.4233	11.5085	-132.292	-0.585468	191.204	-0.0786402	-216.095	5.64338	-16.9006	6.75689	1623.83	2019.53	131.842	-87.4329	0.000311811	424.799
37.4240	12.1288	92.297	-0.893213	21.5308	1.44174	-235.644	6.26466	-13.4974	6.78746	1623.07	2018.17	130.914	-88.0432	6.59448e-006	425.404
37.4247	12.1288	196.084	-0.893213	-189.354	1.44174	-34.2243	4.42668	-19.6116	6.82394	1621.72	2016.17	129.547	-89.4165	-0.000145967	426.799
37.4253	11.2147	-99.0152	-0.893213	-436.258	0.222814	130.258	2.89935	-21.4574	6.85451	1620.8	2014.89	128.327	-90.4846	0.000159203	428.914
37.4260	10.5943	-335.22	-1.5012	-531.454	-0.694655	226.396	6.26466	-17.4774	6.891	1620.05	2013.05	127.253	-90.6372	0.000464373	430.286
37.4267	10.3005	-147.236	-1.20096	-386.832	-1.31067	269.737	5.04797	-19.0348	6.92748	1619.56	2011.38	127.107	-90.1794	6.59448e-006	431.356
37.4273	10.3005	48.9739	-0.893213	-38.5929	-0.393201	169.33	-4.73733	-14.7664	6.96397	1620.8	2012.17	128.636	-88.8062	6.59448e-006	432.728
37.4280	10.9045	-59.6477	-1.80894	337.993	1.14028	83.2817	-11.7527	-2.53798	6.98862	1622.64	2013.21	130.458	-87.1277	0.000311811	434.123
37.4287	10.5943	-247.318	-2.41693	565.037	1.44174	69.8449	-9.29345	-1.61508	7.02511	1623.4	2013.53	131.386	-86.2122	0.000159203	434.867
37.4293	9.99035	-319.963	-2.41693	692.596	2.05775	20.7084	-1.06137	-12.2861	7.0616	1623.67	2014.89	132.444	-85.7544	-0.000145967	435.936
37.4300	9.68019	-371.26	-1.5012	748.748	4.79705	-6.13876	9.62998	-20.2461	7.09217	1623.23	2014.73	133.208	-85.6018	6.59448e-006	437.634
37.4307	8.76604	-315.066	-1.80894	676.121	8.45382	3.60949	18.7681	-29.7059	7.12274	1621.56	2012.97	132.444	-86.0596	0.000159203	438.843
37.4313	8.76604	6.27871	-2.11669	519.583	9.68585	-1.26464	23.9714	-40.0885	7.15922	1620.16	2011.69	131.532	-87.1277	6.59448e-006	440.377
37.4320	9.38635	327.937	-1.5012	361.194	7.54946	16.4403	23.0395	-41.0114	7.19571	1620.48	2010.82	131.679	-87.2803	0.000159203	442.051
37.4327	8.45588	480.196	-0.893213	127.695	4.4956	24.9766	17.5514	-38.2427	7.23318	1620.64	2010.18	131.988	-86.9751	6.59448e-006	443.26
37.4333	7.85189	566.842	-1.20096	-183.26	2.66066	-1.5808	11.4421	-37.9543	7.26967	1620.16	2009.3	131.842	-87.2803	-0.000298575	444.632
37.4340	8.16205	439.007	-0.585468	-323.639	1.44174	14.596	-3.20999	-32.763	7.30024	1619.89	2008.66	131.532	-86.9751	-0.000145967	446.33
37.4347	8.45588	171.974	0.330264	-216.527	1.14028	41.1534	-25.7835	-28.783	7.33081	1620.48	2009.7	132.606	-85.907	6.59448e-006	447.701
37.4353	8.45588	120.991	0.630503	-13.2706	0.222814	7.27167	-33.7049	-26.0143	7.37321	1621.72	2011.3	133.973	-84.3811	0.000311811	448.771
37.4360	7.85189	113.393	0.630503	36.4714	0.222814	-49.1891	-26.0941	-14.1319	7.4097	1622.32	2012.33	134.282	-83.313	0.000159203	449.98
37.4367	7.85189	86.5206	-0.285228	-171.976	1.14028	-62.5996	-17.8362	-5.249	7.44027	1621.07	2011.69	133.062	-84.0759	-0.000298575	451.352
37.4373	8.76604	193.321	-1.20096	-475.302	1.14028	-83.6505	-10.8208	5.99886	7.47675	1619.24	2010.66	130.914	-86.2122	-0.000298575	453.026
37.4380	9.0762	214.983	-1.20096	-717.603	0.524268	-155.682	-6.23878	25.2644	7.52014	1617.46	2009.7	128.473	-88.1958	-0.000145967	454.863
37.4387	7.2479	56.32	-0.285228	-728.301	1.44174	-174.309	-6.54942	25.8412	7.55663	1615.73	2008.82	127.107	-89.4165	-0.000145967	456.235
37.4393	6.02359	-74.591	0.938249	-494.215	1.44174	-118.138	-6.54942	15.4586	7.59903	1615.3	2010.34	127.107	-89.2639	6.59448e-006	457.606
37.4400	5.10944	-101.15	1.54623	-252.818	0.524268	-54.6692	-1.96742	24.6299	7.6296	1615.46	2012.01	127.416	-88.6536	0.000159203	458.839
37.4407	4.19529	-55.0643	1.54623	-143.9	1.44174	-5.53279	4.73733	41.1268	7.66609	1615.73	2013.21	128.018	-88.0432	-0.000145967	460.211
37.4413	5.10944	55.0643	0.938249	-136.587	4.19414	39.9415	9.00869	43.5494	7.70849	1615.89	2014.89	128.473	-87.5854	0.000159203	461.722
37.4420	7.2479	42.8836	-0.585468	-165.25	5.71452	146.751	9.31934	33.8012	7.75188	1615.14	2015.85	128.181	-87.5854	0.000311811	462.652
37.4427	8.45588	-128.337	-1.80894	-172.562	5.09851	243.495	5.33273	24.9183	7.78837	1614.54	2016.17	128.181	-87.5854	0.000159203	463.721
37.4433	8.76604	-183.589	-2.72468	-171.344	3.57813	136.054	1.37201	24.3415	7.82485	1614.98	2017.69	128.636	-87.738	0.000311811	465.233
37.4440	7.85189	-116.407	-2.41693	-150.625	1.44174	-48.267	0.776611	34.7241	7.86134	1614.81	2018.73	128.783	-88.1958	0.000311811	466.302
37.4447	5.4196	-204.309	-1.80894	-107.248	-0.694655	-142.245	0.776611	45.0491	7.89191	1612.87	2017.85	128.473	-89.1113	0.000311811	467.535
37.4453	3.28114	-294.346	-1.20096	-86.5294	-1.61212	-219.467	-0.465967	23.9954	7.93431	1611.47	2017.53	127.871	-90.0269	0.000159203	469.674
37.4460	1.74668	-23.6707	-1.5012	-27.6244	-2.21503	-230.454	-2.27806	-15.0548	7.9777	1611.3	2018.25	127.416	-90.332	0.000159203	471.487
37.4467	0.522371	311.738	-1.80894	77.6824	-1.91358	-153.864	-5.33273	-22.6688	8.01419	1611.2	2019.37	128.018	-89.8743	0.000159203	472.417
37.4473	-0.0816205	376.157	-0.893213	89.5537	-1.31067	-96.4813	-6.23878	-8.0177	8.05659	1612.22	2021.36	129.238	-88.8062	0.000159203	473.324
37.4480	-0.0816205	270.863	-0.893213	-14.8052	-2.21503	-39.7043	-5.33273	-3.74928	8.09998	1613.79	2024.08	130.458	-87.2803	6.59448e-006	474.254
37.4487	0.522371	-123.753	-1.5012	-68.8353	-2.21503	61.9145	-3.49475	-12.9206	8.13647	1613.9	2026.08	131.532	-86.2122	-0.000145967	474.998
37.4493	1.14269	-696.246	-1.80894	-23.6523	-1.31067	173.308	-3.49475	-23.8801	8.17887	1613.9	2027.44	131.532	-85.7544	0.000159203	476.533
37.4500	2.36699	-890.07	-1.5012	103.908	-0.694655	230.665	-7.76611	-21.4574	8.21536	1613.9	2028.79	130.768	-85.7544	0.000159203	478.37
37.4507	2.66083	-602.881	-0.585468	373.065	-0.0786402	187.957	-14.1861	0.230725	8.25184	1612.87	2029.99	129.856	-86.2122	0.000159203	480.044
37.4513	2.36699	-298.301	-0.893213	630.351	0.222814	105.861	-19.6742	27.687	8.28833	1612.71	2031.99	129.238	-86.8225	0.000159203	481.881
37.4520	2.66083	-155.775	-0.585468	681.312	0.222814	60.6763	-16.9301	44.1839	8.33172	1612.38	2034.15	128.636	-87.4329	0.000159203	482.485
37.4527	3.57498	28.5053	0.022518	627.914	-0.996109	39.3355	-5.64338	41.4152	8.3682	1610.71	2035.83	128.018	-87.738	0.000159203	482.95
37.4533	3.88513	37.1072	0.938249	557.408	-4.66598	27.7166	3.20999	24.6299	8.40469	1610.12	2038.7	128.327	-87.738	-0.000145967	484.624
37.4540	3.28114	-117.663	3.07746	404.21	-7.40528	52.7459	7.17071	9.97887	8.44118	1611.2	2042.38	129.401	-86.9751	-0.000145967	486.136
37.4547	1.74668	174.422	3.68544	196.982	-6.80238	87.2337	11.7527	-1.32667	8.48358	1612.22	2046.85	131.077	-85.6018	0.000159203	487.507
37.4553	1.14269	547.001	2.76971	-1.98607	-4.35142	50.322	17.5514	-26.6488	8.52697	1613.03	2051.25	132.606	-84.3811	0.000159203	488.903
37.4560	2.97098	208.265	1.85398	-147.872	-2.21503	-37.2805	21.5121	-52.2593	8.56937	1613.46	2054.44	133.355	-83.7708	0.000159203	489.647
37.4567	5.4196	-290.39	0.630503	-114.289	0.524268	-45.2108	24.5668	-54.1051	8.60586	1612.71	2055.96	132.753	-84.6863	-0.000145967	490.879
37.4573	6.33375	-255.606	1.24599	102.102	4.79705	35.3572	18.4575	-37.6082	8.64235	1610.28	2057	131.077	-86.8225	-0.000451137	492.716
37.4580	6.93774	4.70903	2.16173	248.891	8.76838	-6.45492	2.89935	-17.4774	8.68573	1607.96	2058.68	129.547	-88.501	-0.000603745	494.088
37.4587	7.85189	87.7135	2.16173	202.173	10.5902	-172.149	-3.49475	-0.403769	8.72222	1607.04	2061.32	129.092	-88.9587	-0.000298575	495.459
37.4593	7.54173	211.341	1.54623	100.567	10.2888	-190.776	-5.33273	11.1902	8.75871	1606.61	2064.51	129.092	-88.9587	6.59448e-006	496.971
37.4600	6.33375	390.787	0.630503	-81.6545	9.06983	-110.208	-16.3347	17.5928	8.79519	1606.61	2068.19	129.238	-88.8062	-0.000451137	498.04
37.4607	5.4196	189.994	-1.5012	-376.721	7.85091	-94.0311	-23.6349	20.3615	8.83168	1606.61	2072.18	129.694	-88.3484	-0.000145967	499.273
37.4613	6.93774	-8.09953	-3.33266	-579.391	6.63199	-96.7711	-24.5668	19.4386	8.86817	1606.29	2075.62	129.856	-87.8906	0.000311811	500.482
37.4620	7.54173	94.1178	-3.64041	-627.598	6.31743	-39.4145	-27.0002	9.34437	8.90564	1606.61	2078.74	129.694	-88.1958	-0.000298575	501.551
37.4627	2.97098	49.9157	-2.72468	-607.466	6.31743	95.77	-27.6215	-8.0177	8.94213	1606.88	2082.09	129.092	-88.501	-0.000603745	502.923
37.4633	-0.685612	-61.2174	-2.11669	-525.992	4.79705	168.118	-23.0395	-23.8801	8.98453	1606.12	2085.61	128.783	-88.0432	-0.000451137	503.993
37.4640	-2.22008	12.0551	-1.80894	-324.542	1.14028	99.1423	-15.7134	-26.9372	9.0151	1605.37	2089.36	128.473	-88.1958	-0.000145967	505.364
37.4647	-5.87667	86.8345	-1.20096	-71.8596	-4.04997	-0.0526932	-6.23878	-16.5545	9.04567	1604.18	2092.16	126.96	-89.2639	0.000159203	507.201
37.4653	-8.32529	160.986	-1.80894	72.4915	-6.48781	-2.18677	3.83128	-9.5751	9.08807	1602.78	2094.72	125.577	-90.332	0.000311811	509.038
37.4660	-4.65237	326.367	0.022518	48.0719	-6.18636	74.113	11.1314	-13.4974	9.12456	1602.18	2099.19	125.431	-90.9424	0.000159203	510.247
37.4667	-3.13423	279.968	6.43264	-106.029	-6.80238	69.2389	12.9694	-17.4774	9.15513	1601.86	2103.75	126.033	-90.4846	-0.000145967	510.247
37.4673	-9.23944	63.9172	11.3115	-233.002	-7.10383	-42.7606	10.8467	-19.9001	9.19161	1602.61	2107.98	127.253	-88.9587	0.000616981	511.479
37.4680	-12.5859	158.537	12.2273	-253.449	-6.48781	-145.908	4.73733	-26.9372	9.22218	1605.21	2113.97	129.547	-86.8225	0.00107471	513.758
37.4687	-15.6385	395.056	11.6193	-165.566	-10.4591	-196.572	-1.68266	-28.783	9.25275	1605.96	2119.01	131.386	-85.4492	0.000464373	514.688
37.4693	-25.1065	314.186	12.535	-58.1377	-15.0334	-221.918	-4.73733	-22.0343	9.28924	1605.1	2121.72	131.532	-85.7544	0.000159203	515.13
37.4700	-17.7769	34.0306	15.8902	-77.0504	-13.2116	-255.167	-1.96742	-15.3432	9.32671	1604.77	2124.52	131.223	-86.3647	0.000159203	516.362
37.4707	8.76604	-91.418	21.9926	-140.244	-8.62421	-260.963	13.2801	-6.80639	9.35728	1604.29	2127.72	131.386	-86.8225	0.000159203	518.339
37.4713	20.3725	-54.4992	28.4027	-136.587	-7.40528	-232.272	36.7855	3.57624	9.38686	1603.37	2130.59	131.532	-86.9751	0.000311811	519.408
37.4720	15.1814	-81.9371	28.7104	-103.321	-7.40528	-243.258	52.033	9.34437	9.41743	1602.78	2133.31	131.077	-87.4329	6.59448e-006	520.175
37.4727	9.68019	-136.562	21.6923	-118.261	-8.0213	-185.586	54.1816	13.036	9.448	1602.45	2136.27	130.768	-87.5854	-0.000145967	521.687
37.4733	5.4196	-71.5773	5.82465	-177.166	-7.40528	9.7219	50.5056	24.6299	9.47857	1601.7	2138.98	130.914	-87.4329	6.59448e-006	522.919
37.4740	3.88513	25.8055	-21.3395	-193.326	-1.61212	144.906	50.5056	41.1268	9.51506	1601.59	2142.34	130.768	-87.1277	-0.000298575	524.128
37.4747	3.88513	46.2113	-41.4781	-160.375	5.09851	133.92	45.6389	41.1268	9.55253	1602.94	2147.37	131.532	-85.7544	-0.000298575	525.198
37.4753	3.57498	-47.1531	-37.8227	-128.011	4.79705	71.979	26.7154	30.4557	9.5762	1604.02	2152.25	132.753	-84.2285	0.000311811	526.43
37.4760	7.2479	-208.579	-24.3945	-108.196	1.74319	34.435	12.374	32.2439	9.60085	1604.18	2156.56	132.606	-83.9233	0.000311811	527.802
37.4767	9.99035	-306.526	-14.6292	-112.168	0.524268	29.2447	2.5887	45.972	9.63734	1603.37	2160.32	131.988	-84.8389	-0.000298575	529.011
37.4773	9.0762	-297.673	-9.74278	-149.993	0.524268	41.7594	-22.1334	65.2376	9.66791	1600.78	2162.16	130.149	-86.6699	-0.000451137	530.406
37.4780	7.85189	-287.628	-9.13479	-182.357	1.44174	66.1827	-51.101	78.9657	9.69848	1598.35	2162.8	128.018	-88.6536	0.000159203	532.219
37.4787	7.54173	-213.476	-9.74278	-170.757	1.74319	100.96	-67.9017	75.2741	9.72905	1597.43	2164.95	127.253	-89.4165	0.000464373	533.591
37.4793	6.93774	18.7733	-9.43503	-149.091	2.35921	156.525	-70.3351	54.5088	9.75962	1596.68	2168.15	127.416	-88.9587	0.000159203	534.521
37.4800	4.79928	78.6094	-8.21906	-131.081	5.09851	195.571	-61.1711	30.7441	9.79019	1597	2172.06	128.473	-88.6536	6.59448e-006	536.195
37.4807	2.97098	-50.2297	-6.99559	-77.6824	7.85091	158.027	-47.7616	17.016	9.82076	1598.03	2176.22	130.003	-88.0432	0.000311811	537.87
37.4813	3.57498	-64.5451	-6.3876	-21.2148	8.15237	85.0996	-34.3262	4.49914	9.85133	1597.92	2178.62	130.312	-88.1958	0.000159203	538.776
37.4820	2.66083	-154.896	-5.47187	13.5865	5.71452	91.818	-24.5668	-19.0348	9.8819	1597.43	2181.09	130.914	-88.0432	-0.000451137	539.241
37.4827	2.36699	-306.84	-3.33266	40.1276	3.27667	166.59	-17.2408	-41.2998	9.91247	1597.43	2183.57	131.679	-87.5854	-0.000145967	540.613
37.4833	3.88513	-187.231	-1.20096	45.3185	2.96211	147.963	-7.76611	-42.2227	9.94304	1597.76	2185.97	132.297	-87.2803	0.000616981	542.915
37.4840	3.88513	117.349	0.630503	31.5966	0.825722	-38.8086	-2.27806	-32.4169	9.97361	1596.68	2187.49	132.297	-87.8906	0.000311811	543.52
37.4847	0.832529	280.595	2.46197	37.6902	-1.91358	-259.751	-2.5887	-29.7059	10.0042	1594.25	2187.17	131.077	-89.2639	-0.000298575	544.124
37.4853	-2.22008	270.863	2.76971	100.567	-1.91358	-260.673	-1.96742	-34.8972	10.0347	1593.33	2187.97	129.856	-90.4846	-0.000298575	546.263
37.4860	-3.13423	237.586	2.46197	184.479	-1.61212	-54.0633	0.776611	-43.1456	10.0653	1593.33	2189.16	129.401	-90.6372	0.000159203	547.798
37.4867	-3.44438	187.859	3.07746	280.893	-2.52959	70.4509	2.89935	-41.0114	10.0949	1594.09	2190.84	129.694	-89.7217	0.000311811	548.867
37.4873	-3.73822	184.154	4.29343	443.886	-3.1325	51.534	5.04797	-24.2261	10.1255	1595.33	2193.88	130.914	-88.0432	0.000159203	550.076
37.4880	-4.96252	236.079	4.29343	618.751	-2.52959	17.9684	7.17071	-9.5751	10.1501	1596.52	2197	132.134	-86.3647	6.59448e-006	551.006
37.4887	-7.10098	236.958	2.16173	725.231	-0.996109	6.05972	8.3874	1.44203	10.1866	1597.16	2199.23	132.606	-85.6018	6.59448e-006	551.75
37.4893	-6.79082	199.412	-1.20096	773.168	0.825722	10.9338	8.10264	11.1902	10.2113	1597.16	2201.23	132.753	-85.6018	6.59448e-006	553.587
37.4900	-6.18683	158.537	-1.20096	813.747	2.05775	15.8343	7.17071	9.97887	10.2418	1596.25	2202.27	131.842	-86.0596	6.59448e-006	554.82
37.4907	-10.4637	70.0076	3.99319	891.88	2.05775	-0.658665	6.57531	1.73044	10.2783	1594.84	2202.91	131.077	-86.5173	0.000616981	555.564
37.4913	-14.1203	-42.8836	12.2273	964.823	2.05775	-31.168	5.33273	-3.46088	10.303	1594.25	2203.95	131.223	-86.8225	0.000464373	556.935
37.4920	-8.92928	-174.422	19.2454	883.936	2.35921	-68.712	4.73733	-8.0177	10.3276	1593.49	2204.27	131.077	-87.1277	-0.000145967	557.563
37.4927	-0.685612	-438.065	22.6081	608.053	2.35921	-45.2108	5.33273	-8.30611	10.3641	1593.17	2205.07	131.077	-87.1277	0.000159203	558.633
37.4933	2.05684	-474.984	23.5238	310.504	1.14028	67.7108	5.64338	-9.5751	10.3947	1593.33	2206.74	131.223	-87.4329	0.000311811	560.446
37.4940	-1.30593	-127.081	23.216	87.7481	-1.31067	106.151	5.33273	-24.803	10.4252	1593.17	2207.78	131.842	-87.1277	6.59448e-006	561.818
37.4947	-3.13423	182.648	20.7766	-56.0162	-3.44706	28.6388	3.83128	-40.6653	10.4558	1594.41	2209.3	133.827	-85.4492	-0.000145967	562.888
37.4953	-0.99577	357.824	14.6742	-149.677	-4.35142	-36.3583	1.06137	-41.8766	10.4795	1595.44	2211.14	134.884	-84.2285	-0.000145967	564.12
37.4960	-0.391778	362.093	5.20916	-233.905	-4.35142	-107.468	-1.68266	-33.9743	10.5101	1595.44	2212.34	135.047	-84.0759	-0.000451137	565.19
37.4967	-1.59976	208.265	-7.30333	-319.667	-4.04997	-118.454	-5.02209	-24.803	10.5406	1593.92	2211.78	134.282	-84.6863	-0.000603745	565.655
37.4973	1.43652	2.00919	-23.779	-496.066	-4.35142	31.089	-6.86007	-17.7658	10.5712	1591.01	2209.62	131.842	-86.3647	-0.000145967	566.701
37.4980	5.71343	-255.92	-33.5443	-666.055	-5.26889	161.689	-7.48136	-13.209	10.5958	1589.66	2208.26	129.694	-88.6536	6.59448e-006	569.305
37.4987	6.62758	-340.431	-29.5811	-643.441	-4.96744	155.287	-9.00869	-7.0948	10.6264	1589.5	2207.78	128.473	-89.8743	6.59448e-006	571.281
37.4993	6.93774	-220.508	-18.9001	-522.02	-4.96744	16.4403	-9.91474	10.2673	10.657	1588.9	2207.94	128.327	-89.7217	-0.000145967	571.909
37.5000	5.10944	-184.468	-9.13479	-482.931	-4.96744	-207.875	-10.2254	36.5123	10.6816	1588.9	2208.42	129.238	-88.8062	-0.000145967	572.653
37.5007	1.74668	-150.94	-5.16412	-494.531	-3.74852	-264.942	-10.2254	45.0491	10.7122	1589.34	2208.74	130.003	-88.0432	6.59448e-006	573.886
37.5013	0.228537	-1.38132	-7.30333	-444.202	-1.91358	-150.492	-8.69805	31.9554	10.7487	1589.82	2208.98	130.312	-87.5854	6.59448e-006	575.42
37.5020	0.228537	-3.51608	-8.82705	-384.079	0.222814	-125.463	-7.17071	22.4957	10.7664	1589.66	2209.14	130.149	-87.4329	6.59448e-006	576.792
37.5027	-0.685612	-87.1485	-8.21906	-343.455	2.96211	-79.0925	-5.33273	23.1302	10.7911	1589.23	2208.9	130.003	-87.4329	0.000311811	577.699
37.5033	-1.59976	45.8974	-6.07985	-249.477	6.31743	161.399	-2.5887	20.996	10.8217	1588.9	2208.1	129.856	-87.4329	0.000159203	578.606
37.5040	-0.99577	221.701	-4.85638	-132.886	9.06983	361.291	-0.155322	12.7476	10.8463	1587.66	2206.74	128.929	-88.3484	-0.000145967	579.233
37.5047	0.228537	300.122	-4.24839	-51.4121	8.45382	329.543	1.06137	2.65334	10.8769	1586.31	2205.23	127.709	-89.4165	0.000159203	580.605
37.5053	1.14269	226.912	-2.72468	14.8052	6.63199	157.737	1.06137	-5.59509	10.9006	1585.07	2203.39	127.107	-90.4846	0.000311811	582.419
37.5060	0.522371	0.753445	-2.11669	89.8696	5.71452	-2.18677	0.465967	-13.209	10.9311	1584.48	2202.75	126.96	-90.9424	0.000311811	583.186
37.5067	-0.685612	-70.0704	-2.41693	129.546	5.09851	-41.2325	-0.465967	-18.1119	10.9558	1584.64	2203.07	128.327	-90.0269	0.000311811	583.953
37.5073	-0.99577	-7.7856	-2.41693	54.1655	3.87958	-33.6183	-2.27806	-15.6316	10.9863	1585.83	2203.55	129.856	-88.8062	0.000159203	585.325
37.5080	-1.90992	-59.9617	-2.41693	-47.7559	2.96211	-62.5996	-2.89935	-8.30611	11.0169	1587.5	2204.11	131.679	-87.2803	6.59448e-006	585.79
37.5087	-3.73822	-192.128	-1.5012	-92.623	3.27667	-51.3232	-1.06137	3.86465	11.0475	1588.42	2204.43	133.517	-85.907	6.59448e-006	586.999
37.5093	-4.65237	-242.17	-0.893213	-178.701	3.57813	24.6868	0.155322	16.0931	11.0721	1588.42	2203.71	134.119	-85.4492	0.000464373	588.999
37.5100	-2.82407	-157.03	-1.20096	-200.954	4.4956	80.5153	0.155322	22.4957	11.0968	1587.39	2201.07	133.973	-85.7544	0.000159203	589.301
37.5107	-1.59976	-75.8468	-1.20096	8.39565	4.79705	60.3864	-0.155322	20.6499	11.1264	1586.15	2198.03	133.355	-86.6699	-0.000298575	589.603
37.5113	-2.53023	-136.876	-0.893213	274.213	4.4956	12.4619	-0.465967	5.99886	11.1569	1585.72	2196.2	132.444	-87.1277	0.000159203	591.277
37.5120	-3.73822	-339.49	-0.893213	430.435	5.41307	-25.9778	-1.96742	-1.32667	11.1816	1585.56	2195	131.988	-86.6699	0.000311811	592.952
37.5127	-4.65237	-502.799	-0.285228	477.469	5.41307	-72.664	-2.89935	16.0931	11.2063	1585.4	2193.64	131.223	-86.9751	6.59448e-006	594.323
37.5133	-6.49699	-538.462	0.022518	311.452	4.79705	-81.8326	-3.20999	24.3415	11.2427	1584.8	2192.84	130.768	-87.2803	6.59448e-006	595.556
37.5140	-8.61912	-578.143	0.022518	-9.61438	4.4956	-8.27284	-3.20999	10.9018	11.2733	1585.07	2192.68	131.077	-86.3647	0.000159203	596.462
37.5147	-9.54959	-398.384	0.022518	-270.828	3.27667	99.1423	-1.96742	4.78755	11.298	1585.99	2192.84	131.679	-84.9915	0.000159203	597.23
37.5153	-9.23944	-45.9601	0.330264	-430.435	1.74319	141.244	-1.96742	5.99886	11.3285	1586.75	2193.32	132.297	-84.0759	6.59448e-006	598.137
37.5160	-8.01513	100.271	0.022518	-420.054	1.14028	77.4591	-3.20999	0.519132	11.3591	1586.75	2192.68	132.444	-83.7708	-0.000451137	599.369
37.5167	-5.87667	154.582	-0.585468	-228.714	1.74319	-16.2295	-3.8054	-3.74928	11.3828	1585.56	2189.96	131.679	-84.8389	-0.000451137	600.578
37.5173	-4.65237	183.841	0.022518	7.76372	3.57813	-100.433	-4.73733	11.8247	11.4202	1583.4	2185.33	129.547	-87.1277	-0.000298575	602.275
37.5180	-4.65237	156.089	0.938249	180.823	4.4956	-205.425	-5.33273	44.4723	11.4508	1581.4	2181.25	127.416	-89.2639	-0.000451137	603.484
37.5187	-5.58284	222.015	0.630503	234.537	3.57813	-254.245	-3.8054	69.506	11.4804	1580.38	2179.1	127.709	-89.4165	-0.000298575	604.252
37.5193	-6.79082	416.718	-0.585468	213.457	2.05775	-156.604	-1.06137	74.0628	11.5179	1580.05	2176.54	128.473	-89.1113	-0.000298575	605.461
37.5200	-6.79082	533.313	-1.20096	158.524	0.524268	-3.08255	1.06137	65.8144	11.5415	1580.21	2174.38	128.929	-88.8062	-0.000603745	606.391
37.5207	-6.18683	488.107	-2.11669	107.564	-0.996109	75.325	5.33273	50.2404	11.5603	1580.65	2172.7	129.856	-87.8906	-0.000298575	607.46
37.5213	-6.18683	452.758	-2.41693	128.327	-0.996109	123.855	9.62998	23.1302	11.5908	1580.81	2170.23	130.003	-87.5854	6.59448e-006	608.367
37.5220	-5.58284	470.15	-1.80894	260.175	0.825722	243.785	10.8467	-4.38378	11.6273	1580.48	2167.67	129.856	-87.738	-0.000145967	609.274
37.5227	-4.96252	415.776	-1.20096	497.917	2.35921	371.962	14.8074	-6.1719	11.6638	1580.81	2165.67	130.312	-87.1277	6.59448e-006	611.111
37.5233	-6.18683	260.19	0.630503	688.037	1.74319	416.514	24.8774	7.84466	11.6944	1580.81	2163.12	130.312	-87.1277	0.000159203	612.785
37.5240	-7.70497	234.196	1.85398	580.88	-0.0786402	362.819	32.7989	0.807538	11.725	1579.3	2158.96	128.929	-88.3484	-0.000298575	613.25
37.5247	-9.23944	381.62	1.24599	126.206	1.44174	195.281	33.4202	-31.8401	11.7496	1577.46	2153.61	127.107	-89.7217	-0.000298575	613.854
37.5253	-9.84343	216.239	0.330264	-366.385	3.57813	-24.1598	29.1488	-71.5248	11.7861	1576.38	2149.21	126.196	-90.332	0.000464373	615.226
37.5260	-8.32529	-252.53	-0.585468	-551.901	4.19414	-143.773	20.9167	-98.635	11.8167	1576.22	2146.18	125.74	-90.6372	0.000311811	616.598
37.5267	-7.10098	-522.326	-1.80894	-411.207	4.79705	-147.752	8.69805	-106.883	11.8472	1576.87	2144.18	126.033	-89.5691	6.59448e-006	617.226
37.5273	-5.58284	-505.813	-2.11669	-219.28	4.79705	-205.741	5.04797	-96.5008	11.8778	1578.22	2143.22	127.709	-87.738	0.000464373	617.668
37.5280	-2.53023	-238.779	0.022518	-164.663	3.57813	-276.218	11.7527	-66.6219	11.9143	1579.3	2142.34	129.238	-86.5173	0.000311811	618.737
37.5287	-0.391778	134.427	3.07746	-175	2.35921	-167.881	13.9013	-33.9743	11.9449	1579.89	2140.66	129.856	-85.7544	0.000159203	619.969
37.5293	0.832529	287.314	3.99319	-211.923	0.825722	-1.5808	11.1314	-15.3432	11.9813	1579.73	2138.02	129.694	-85.6018	0.000159203	620.737
37.5300	0.832529	266.28	3.3777	-266.855	-0.996109	9.7219	9.31934	-6.51799	12.0119	1578.54	2135.31	128.929	-86.2122	0.000311811	621.806
37.5307	-1.90992	267.787	3.07746	-276.966	-2.21503	-92.8191	-0.750724	-2.53798	12.0425	1578.22	2133.31	128.783	-86.6699	6.59448e-006	623.48
37.5313	-3.13423	257.113	2.16173	-225.69	-3.1325	-184.663	-16.0241	-0.692176	12.0731	1578.06	2130.75	129.401	-86.8225	-0.000298575	624.992
37.5320	-3.13423	173.167	0.630503	-100.251	-3.1325	-190.46	-22.1334	0.230725	12.1095	1576.22	2126.44	129.401	-86.9751	0.000311811	625.154
37.5327	-3.73822	-50.7947	0.630503	68.5194	-2.21503	-84.2828	-22.7288	-0.980582	12.1401	1575.95	2123.72	129.547	-87.4329	0.000464373	625.619
37.5333	-4.65237	-280.03	1.54623	218.061	-2.21503	37.8074	-22.1334	-2.82638	12.1707	1576.54	2122.36	130.768	-87.1277	-0.000145967	627.294
37.5340	-4.04838	-329.13	1.24599	375.232	-2.21503	61.9145	-17.2408	5.99886	12.2072	1576.87	2120.37	132.134	-86.0596	-0.000145967	628.363
37.5347	-2.53023	-283.672	0.630503	587.606	-1.61212	47.8718	-11.4421	21.8612	12.2437	1577.3	2118.53	133.517	-85.144	-0.000145967	628.363
37.5353	-0.99577	-305.334	-0.893213	779.893	-1.91358	76.8531	-9.29345	37.1468	12.2742	1577.79	2116.21	134.575	-84.3811	-0.000145967	628.968
37.5360	-0.391778	-653.865	-2.11669	691.378	-3.44706	111.657	-10.8208	54.5088	12.2989	1577.89	2113.81	134.738	-84.2285	-0.000298575	630.339
37.5367	-0.391778	-1159.49	-2.41693	197.614	-3.44706	141.244	-14.1861	56.9891	12.3354	1576.87	2110.78	133.664	-85.2966	-0.000298575	631.874
37.5373	-0.685612	-1115.6	-2.11669	-355.371	-1.31067	146.434	-15.4028	31.3209	12.3659	1574.55	2106.62	131.679	-86.9751	6.59448e-006	633.083
37.5380	-0.99577	-617.825	-1.80894	-610.806	-0.0786402	104.016	-13.5648	2.01885	12.4024	1572.28	2102.79	130.003	-88.3484	-0.000298575	633.688
37.5387	-1.30593	-321.784	-1.5012	-530.551	-0.996109	88.7617	-12.3481	-11.9977	12.4271	1570.88	2100.71	128.636	-89.4165	-0.000756307	634.618
37.5393	-2.53023	-98.7013	-1.5012	-167.687	-2.83105	69.5287	-10.8208	-13.8435	12.4576	1571.52	2099.75	128.929	-89.1113	-0.000298575	636.292
37.5400	-4.65237	128.023	0.330264	243.971	-3.44706	-83.6505	-5.95402	-9.8635	12.4882	1571.96	2098.23	129.547	-88.501	0.000311811	637.199
37.5407	-5.87667	69.7564	7.95635	374.916	-3.74852	-327.488	-0.155322	-8.0177	12.5188	1572.12	2097.35	129.856	-88.0432	6.59448e-006	638.129
37.5413	-4.35853	150.877	15.5899	242.165	-3.44706	-411.719	2.5887	-16.2661	12.5424	1572.12	2096.39	130.149	-87.738	-0.000298575	638.896
37.5420	-3.44438	659.641	18.3296	81.9253	-2.83105	-238.384	3.83128	-36.3969	12.573	1571.2	2094.4	129.694	-87.8906	6.59448e-006	639.64
37.5427	-5.27268	920.27	20.1611	-79.4879	-3.1325	-54.3531	4.42668	-56.8738	12.6036	1571.04	2093.2	129.694	-87.5854	-0.000145967	640.709
37.5433	-8.61912	621.152	22.6081	-267.803	-3.44706	20.7084	2.89935	-67.5448	12.6342	1571.79	2092.56	130.768	-87.1277	-0.000145967	642.384
37.5440	-10.1536	304.706	21.6923	-364.534	-2.52959	63.1265	-0.750724	-56.8738	12.6647	1571.36	2090.72	130.458	-87.8906	-0.000145967	643.314
37.5447	-8.92928	232.375	18.3296	-352.347	-1.31067	8.50996	-3.8054	-30.9172	12.6894	1568.77	2088.16	129.092	-89.7217	-0.000298575	643.453
37.5453	-5.27268	288.569	18.0294	-307.164	-0.694655	-68.106	-5.02209	-8.6522	12.7199	1567.21	2086.17	128.181	-90.6372	6.59448e-006	644.523
37.5460	-3.13423	369.125	18.0294	-253.449	-0.0786402	-50.6909	-5.33273	6.34494	12.7505	1567.53	2085.29	128.636	-90.1794	0.000464373	646.057
37.5467	-3.44438	386.203	10.0956	-226.908	-0.0786402	-108.074	-5.64338	10.6134	12.7811	1567.85	2085.45	130.149	-88.9587	0.000311811	646.522
37.5473	-1.90992	349.912	-7.30333	-258.64	0.222814	-186.508	-6.86007	3.86465	12.8057	1569.37	2086.65	131.842	-87.1277	0.000311811	646.964
37.5480	-0.0816205	301.064	-25.6105	-309.601	2.05775	-99.2214	-10.2254	4.21074	12.8363	1571.04	2087.36	133.062	-86.0596	0.000159203	647.592
37.5487	0.522371	272.056	-25.3102	-290.372	2.96211	-4.32085	-12.9694	28.2638	12.8728	1570.88	2087.36	133.355	-85.6018	0.000159203	648.034
37.5493	0.522371	247.318	-9.74278	-142.365	2.05775	-29.9561	-13.8755	61.8344	12.8965	1570.44	2087.29	132.899	-86.0596	0.000311811	649.103
37.5500	0.832529	208.579	0.630503	94.4737	0.222814	-81.5164	-14.8074	71.6402	12.9211	1569.37	2086.33	131.988	-86.5173	0.000159203	650.335
37.5507	1.14269	241.542	2.76971	276.966	-0.0786402	-90.6851	-11.7527	56.3546	12.9517	1568.77	2085.69	131.223	-86.3647	6.59448e-006	651.544
37.5513	-0.391778	306.84	1.24599	364.218	1.44174	-45.8168	-3.49475	42.6265	12.9823	1568.77	2085.69	130.621	-86.8225	6.59448e-006	652.475
37.5520	-2.22008	164.942	-1.20096	459.143	2.66066	29.8771	1.37201	32.2439	13.0187	1567.69	2085.29	129.856	-87.5854	6.59448e-006	652.614
37.5527	-4.96252	-157.909	-2.72468	547.027	1.14028	78.9872	1.9933	19.4386	13.0493	1566.77	2084.97	129.547	-87.5854	-0.000298575	653.079
37.5533	-8.92928	-367.869	-4.24839	614.779	0.222814	101.882	1.68266	18.2273	13.074	1566.61	2084.97	129.401	-87.1277	6.59448e-006	653.846
37.5540	-10.1536	-331.265	-5.77211	702.075	1.44174	108.285	1.68266	23.9954	13.1045	1567.1	2086.01	129.694	-86.6699	0.000311811	655.055
37.5547	-5.87667	-364.856	-5.47187	692.912	1.14028	83.2817	7.792	26.7641	13.1292	1568.29	2088.64	131.532	-85.2966	6.59448e-006	655.823
37.5553	0.522371	-749.364	-4.55614	550.999	0.524268	64.3384	21.2015	23.1302	13.1657	1569.37	2090.32	133.208	-84.0759	-0.000145967	656.288
37.5560	5.10944	-893.083	-5.47187	289.154	2.35921	66.7887	31.8928	10.6134	13.2022	1569.37	2091.04	133.355	-84.0759	-0.000145967	657.357
37.5567	5.71343	-635.217	-6.68784	-126.476	4.79705	100.67	31.2974	-9.8635	13.2268	1567.69	2091.04	132.297	-85.2966	-0.000298575	658.729
37.5573	4.79928	-364.228	-7.30333	-448.761	4.79705	156.525	22.7288	-34.2627	13.2505	1565.1	2089.52	130.768	-87.2803	-0.000145967	659.799
37.5580	4.19529	-96.0014	-8.5193	-495.434	3.87958	155.287	8.69805	-62.0651	13.281	1563.1	2088	129.401	-89.2639	-0.000451137	660.705
37.5587	4.19529	-257.741	-10.0505	-405.745	2.96211	140.954	-12.9694	-82.7727	13.3175	1562.67	2088.48	129.401	-89.7217	-0.000908915	661.17
37.5593	4.19529	-641.307	-11.882	-317.861	0.825722	183.978	-27.6215	-80.3501	13.3481	1562.19	2089.04	130.149	-89.1113	-0.000908915	661.31
37.5600	5.10944	-395.37	-13.4057	-267.803	-2.21503	169.936	-26.4048	-61.1422	13.3728	1561.92	2088.96	130.458	-88.6536	-0.000145967	662.077
37.5607	4.79928	247.632	-13.7135	-239.728	-7.40528	60.0703	-18.7681	-38.5311	13.4033	1562.67	2089.36	130.768	-88.3484	0.000159203	663.449
37.5613	3.57498	558.303	-12.7977	-193.642	-13.513	-37.5703	-10.2254	-20.823	13.4339	1562.67	2090.32	131.223	-88.3484	0.000159203	664.216
37.5620	3.57498	397.505	-9.13479	-96.2792	-15.9509	-113.264	-4.11604	-5.249	13.4645	1562.02	2090.88	131.386	-88.1958	6.59448e-006	664.821
37.5627	4.19529	137.755	-3.94815	8.39565	-17.7858	-139.216	-1.68266	13.3244	13.4891	1562.02	2091.84	131.223	-87.738	6.59448e-006	665.891
37.5633	2.05684	106.361	1.85398	44.4157	-19.3062	-60.7816	0.465967	25.8412	13.5197	1562.94	2093.36	131.077	-87.738	6.59448e-006	667.727
37.5640	-1.59976	233.317	7.95635	-37.6902	-18.4018	23.4485	2.30395	25.5528	13.5503	1562.19	2094.08	130.149	-88.1958	-0.000145967	668.634
37.5647	-7.41114	191.187	12.2273	-153.65	-15.9509	21.0246	2.5887	16.6699	13.5808	1559.27	2094.08	127.562	-89.8743	0.000311811	668.634
37.5653	-13.5163	160.044	14.3665	-136.271	-12.897	-41.5486	2.30395	3.28783	13.6114	1557.92	2095.76	126.342	-90.9424	0.000616981	669.704
37.5660	-14.1203	345.015	14.3665	4.42352	-11.3766	-84.5726	0.776611	-2.82638	13.6351	1558.25	2098.55	126.798	-90.332	6.59448e-006	670.634
37.5667	-9.23944	363.914	11.6193	102.373	-10.1577	-93.4251	-1.06137	2.01885	13.6716	1559.16	2102.07	127.871	-88.9587	6.59448e-006	671.076
37.5673	-4.35853	288.255	8.87208	90.7724	-7.71984	-112.658	-1.37201	11.4786	13.7021	1560.51	2106.14	129.401	-87.2803	0.000159203	671.703
37.5680	-6.18683	325.802	7.04062	-11.1491	-6.18636	-117.848	-0.750724	30.7441	13.7268	1561.59	2109.98	130.312	-86.0596	6.59448e-006	672.006
37.5687	-10.4637	273.563	7.34837	-137.49	-5.26889	-110.208	-1.06137	44.1839	13.7573	1562.02	2113.49	130.914	-85.7544	6.59448e-006	672.308
37.5693	-14.7243	169.839	7.64861	-227.495	-0.996109	-110.524	-2.5887	31.0325	13.7879	1561.92	2115.81	131.223	-85.907	6.59448e-006	673.215
37.5700	-21.7437	153.075	6.43264	-323.639	4.4956	-73.2963	-3.8054	7.55625	13.8244	1560.51	2117.17	130.768	-86.2122	6.59448e-006	674.145
37.5707	-15.0345	171.66	5.51691	-381.641	5.41307	-37.5703	-3.20999	-1.61508	13.8491	1559.76	2119.89	130.768	-86.3647	0.000159203	674.749
37.5713	5.4196	105.419	5.20916	-350.812	6.31743	-65.0498	-1.68266	3.57624	13.8737	1559.43	2122.36	131.679	-86.0596	6.59448e-006	675.354
37.5720	6.02359	-148.177	3.99319	-291.004	13.3426	-82.4386	-1.37201	8.76756	13.9043	1559.16	2123.88	131.842	-86.8225	-0.000298575	676.423
37.5727	-2.22008	-302.885	2.76971	-192.739	19.1358	-121.194	-2.89935	2.65334	13.9348	1559.27	2126.44	131.842	-87.738	-0.000451137	677.795
37.5733	2.97098	-207.951	1.54623	-73.0783	17.3139	-214.883	-2.5887	-0.692176	13.9654	1559.16	2128.92	132.606	-87.2803	-0.000298575	678.26
37.5740	-3.73822	-137.19	1.54623	-18.7774	12.1237	-182.24	-0.750724	8.76756	13.9891	1558.84	2131.07	133.062	-86.0596	-0.000298575	678.097
37.5747	-20.8295	-85.3276	2.76971	45.0025	9.06983	-36.3583	-1.68266	20.6499	14.0197	1559.6	2133.95	133.355	-84.8389	-0.000145967	678.562
37.5753	-18.3973	5.65084	3.68544	174.729	8.76838	27.4268	-1.37201	40.7807	14.0502	1560.51	2136.83	133.517	-84.2285	-0.000145967	679.469
37.5760	-9.84343	-3.51608	3.68544	235.123	7.2349	43.2875	0.465967	64.8915	14.0808	1560.35	2139.7	132.899	-84.6863	-0.000756307	679.934
37.5767	-8.61912	-89.8483	3.3777	208.582	5.71452	86.3115	1.68266	65.2376	14.1054	1558.25	2140.82	131.223	-85.6018	-0.000603745	680.399
37.5773	-6.79082	-216.239	2.16173	208.898	5.41307	104.333	2.89935	37.7236	14.1232	1555.33	2140.5	128.783	-87.2803	-0.000145967	681.469
37.5780	-5.58284	-441.142	1.24599	261.71	6.93344	92.1078	4.42668	-0.692176	14.1538	1553.82	2141.7	127.253	-88.8062	-0.000298575	682.073
37.5787	-5.87667	-616.632	2.16173	296.782	9.68585	74.113	5.64338	-31.2056	14.1843	1553.17	2144.34	127.253	-88.8062	-0.000298575	682.213
37.5793	-6.79082	-627.306	3.3777	213.457	12.4251	52.14	4.73733	-41.2998	14.209	1553.06	2146.73	127.562	-88.501	-0.000145967	683.282
37.5800	-8.32529	-406.358	3.07746	-12.6838	14.5615	37.4912	3.20999	-54.1051	14.2396	1553.98	2149.53	127.871	-88.6536	0.000311811	684.956
37.5807	-5.58284	11.7412	2.76971	-226.592	13.9586	-1.87061	4.42668	-79.1388	14.2642	1555.01	2152.89	128.473	-88.8062	-0.000298575	685.421
37.5813	4.19529	223.522	3.07746	-243.068	11.8222	-41.2325	8.3874	-74.5242	14.2948	1554.41	2155.28	128.929	-88.3484	-0.000908915	685.119
37.5820	11.2147	128.965	2.76971	-76.1477	9.9873	15.5182	9.31934	-33.0514	14.3253	1553.5	2157.28	129.547	-87.5854	-0.000145967	686.026
37.5827	13.3531	-3.20214	1.85398	75.8317	8.45382	75.325	5.95402	6.92176	14.3431	1553.66	2159.28	130.003	-87.4329	0.000159203	687.398
37.5833	16.6995	-89.2832	0.630503	150.625	7.85091	54.88	3.83128	26.4757	14.3678	1553.33	2161.12	130.003	-87.738	6.59448e-006	687.398
37.5840	21.8906	-200.981	-0.893213	178.701	8.45382	36.5691	0.155322	21.5728	14.3983	1552.42	2162.64	129.547	-88.3484	6.59448e-006	688.467
37.5847	21.5805	-189.994	-2.11669	152.115	8.45382	37.4912	-5.64338	11.1902	14.4289	1550.91	2162.96	128.636	-89.5691	-0.000145967	689.7
37.5853	17.3199	151.505	-2.11669	164.934	7.2349	57.0141	-7.17071	23.4186	14.4535	1549.39	2162.8	127.709	-90.6372	-0.000145967	689.7
37.5860	15.1814	515.921	-2.11669	243.384	5.09851	62.8103	-3.8054	42.3381	14.4772	1549.39	2164.63	128.181	-90.4846	-0.000145967	690.304
37.5867	12.1288	558.93	-1.80894	293.442	0.524268	36.5691	0.155322	35.0126	14.5078	1551.07	2168.31	130.149	-88.9587	-0.000145967	691.072
37.5873	7.54173	430.154	-0.585468	220.183	-2.83105	32.9069	3.52064	10.2673	14.5324	1551.98	2170.87	131.223	-87.5854	6.59448e-006	690.769
37.5880	3.88513	557.424	0.630503	12.9546	-3.1325	35.9631	4.42668	-10.4403	14.563	1552.15	2172.54	131.386	-86.8225	0.000464373	690.607
37.5887	3.28114	966.921	1.85398	-114.289	-3.74852	13.7002	4.42668	-20.5345	14.5936	1552.74	2174.54	131.988	-85.907	0.000769543	691.536
37.5893	4.19529	996.87	1.54623	-61.207	-2.52959	-5.53279	5.33273	-19.9001	14.6123	1552.74	2176.38	131.988	-85.7544	0.000159203	692.606
37.5900	4.19529	215.297	1.85398	-30.3778	-0.996109	6.66569	5.64338	-23.5917	14.6429	1551.98	2177.42	131.077	-86.3647	-0.000298575	692.908
37.5907	5.10944	-869.915	2.46197	-33.1312	-1.61212	75.6411	5.64338	-36.3969	14.6734	1551.23	2178.62	130.312	-86.8225	0.000159203	693.513
37.5913	7.2479	-1310.55	0.630503	-43.7838	-3.1325	145.223	5.64338	-50.7596	14.6971	1551.23	2180.45	130.312	-86.8225	0.000311811	694.722
37.5920	8.16205	-799.091	-0.893213	-240.63	-4.96744	100.354	5.64338	-54.1051	14.7218	1550.74	2181.73	130.149	-86.9751	-0.000451137	694.885
37.5927	6.93774	-191.814	-0.585468	-461.58	-6.80238	-6.45492	3.83128	-43.7224	14.7464	1549.99	2182.93	129.856	-86.9751	-0.000451137	695.047
37.5933	4.79928	-88.3414	0.630503	-371.846	-7.10383	-38.8086	1.68266	-28.4946	14.777	1549.99	2184.13	129.547	-87.1277	0.000311811	695.954
37.5940	3.28114	-17.5804	1.54623	-128.643	-7.10383	15.8343	1.06137	-14.4203	14.8076	1550.91	2186.77	130.149	-86.9751	-0.000145967	696.117
37.5947	2.97098	79.4884	0.022518	38.9089	-6.80238	55.5123	0.465967	-5.249	14.8312	1551.82	2190.36	132.297	-84.9915	-0.000756307	696.559
37.5953	2.36699	110.631	-0.893213	138.393	-6.48781	15.5182	-0.155322	3.28783	14.8618	1552.25	2192.2	133.664	-83.6182	-0.000451137	697.326
37.5960	1.14269	233.317	-2.11669	70.3249	-5.88491	-49.7951	1.9933	12.7476	14.8864	1551.66	2192.04	133.062	-84.8389	-0.000145967	697.791
37.5967	0.832529	274.505	-3.33266	-136.858	-6.80238	-82.1224	4.42668	13.6705	14.9111	1549.56	2191.48	132.297	-86.6699	-0.000298575	698.698
37.5973	1.14269	207.7	-3.64041	-255.571	-8.93877	-87.945	3.52064	7.84466	14.9476	1547.56	2190.28	131.386	-87.738	-0.000298575	699.465
37.5980	0.832529	145.101	-3.33266	-258.956	-9.85624	-85.4948	1.37201	-1.32667	14.9722	1546.48	2189	129.856	-88.8062	-0.000451137	699.767
37.5987	0.832529	91.104	-3.64041	-217.113	-9.85624	-65.6558	-0.155322	-14.4203	14.9969	1545.13	2188.29	129.856	-89.4165	-0.000451137	699.465
37.5993	2.66083	53.8713	-3.64041	-119.48	-9.24022	-42.1546	-1.96742	-22.0343	15.0275	1544.64	2188.13	130.621	-89.1113	0.000159203	700.372
37.6000	5.4196	15.3828	-4.24839	-25.5029	-6.48781	-55.5914	-3.20999	-15.9777	15.064	1545.89	2189.32	130.914	-88.501	0.000159203	701.604
37.6007	5.71343	-34.3445	-4.85638	5.05545	-4.35142	-90.3689	-1.37201	-2.24957	15.0876	1545.56	2189.8	131.223	-87.8906	-0.000603745	701
37.6013	4.19529	-75.5328	-5.77211	18.4614	-5.26889	-98.0094	0.776611	7.55625	15.1123	1544.48	2188.84	130.768	-87.4329	-0.000298575	700.674
37.6020	3.88513	-80.7442	-5.77211	64.8632	-6.80238	-70.2401	0.155322	11.8247	15.1428	1544.32	2189.16	130.149	-87.8906	6.59448e-006	701.302
37.6027	2.97098	-116.093	-3.03242	176.85	-7.71984	-34.2243	-0.465967	18.8041	15.1734	1544.81	2191.16	130.312	-88.0432	-0.000298575	702.046
37.6033	0.832529	-271.428	2.16173	335.826	-9.54168	-6.45492	0.155322	32.8783	15.2099	1544.21	2191.8	129.694	-88.0432	-0.000145967	702.511
37.6040	0.522371	-398.698	5.20916	426.779	-9.24022	61.9145	1.06137	40.7807	15.2405	1543.13	2190.84	128.018	-88.8062	0.000311811	703.743
37.6047	1.14269	-347.15	4.90892	404.21	9.68585	191.303	2.30395	39.281	15.2651	1542.05	2190.52	126.798	-90.0269	0.000159203	705.255
37.6053	1.43652	-280.281	5.82465	316.327	30.1323	278.273	3.83128	46.3181	15.2957	1540.97	2190.84	125.886	-91.095	-0.000145967	705.883
37.6060	2.05684	-410	7.34837	207.364	20.3678	258.75	4.73733	51.1633	15.3263	1540.97	2191.8	126.342	-90.7898	-0.000298575	705.72
37.6067	2.05684	-678.226	6.43264	93.8418	2.05775	185.796	3.52064	35.5894	15.3627	1542.21	2193.32	128.018	-88.8062	6.59448e-006	705.557
37.6073	1.14269	-592.836	5.51691	-85.5815	-3.1325	114.713	2.89935	1.15363	15.3933	1543.73	2194.68	130.003	-86.6699	0.000159203	705.72
37.6080	0.228537	-181.706	5.82465	-283.06	-4.35142	51.534	2.89935	-36.1085	15.4298	1544.81	2195.56	131.532	-85.6018	0.000311811	706.185
37.6087	-1.90992	-138.069	3.68544	-373.065	-5.88491	0.579626	2.30395	-51.3364	15.4604	1545.13	2195.88	132.134	-85.4492	0.000311811	706.627
37.6093	-4.04838	-174.736	-0.285228	-279.404	-4.35142	-60.1493	3.20999	-52.2593	15.4909	1544.32	2195.16	132.134	-85.6018	0.000159203	706.929
37.6100	-4.04838	100.585	-5.16412	50.5093	-0.996109	-156.604	5.04797	-53.8167	15.5215	1543.13	2193.48	131.386	-86.6699	6.59448e-006	707.998
37.6107	-2.22008	460.983	-4.85638	427.998	1.14028	-250.583	2.89935	-43.7224	15.558	1542.38	2191.8	130.914	-87.5854	0.000159203	708.324
37.6113	1.43652	685.886	-1.20096	624.258	1.74319	-289.971	-0.750724	-23.5917	15.5886	1542.05	2190.68	131.532	-87.738	0.000616981	707.859
37.6120	4.48913	672.136	-1.5012	590.991	1.74319	-223.13	-0.465967	-5.59509	15.6191	1541.89	2189.16	131.386	-88.0432	0.000159203	708.324
37.6127	5.4196	705.099	-3.03242	461.265	1.74319	-57.4093	0.776611	6.34494	15.6497	1540.81	2187.17	131.077	-87.4329	0.000464373	708.463
37.6133	4.48913	756.396	-2.72468	413.057	1.74319	97.9304	0.155322	12.1131	15.6862	1540.54	2186.13	131.532	-86.8225	0.000311811	708.766
37.6140	3.28114	670.315	-3.94815	351.083	2.96211	106.151	0.155322	17.9389	15.7168	1542.21	2186.45	132.134	-86.2122	-0.000451137	709.37
37.6147	2.66083	680.361	-3.03242	138.393	4.19414	-9.51113	0.155322	25.8412	15.7473	1543.13	2186.13	133.208	-84.6863	-0.000451137	709.231
37.6153	1.74668	889.442	1.24599	-171.976	4.79705	-82.7547	1.06137	28.6099	15.7779	1542.81	2185.09	133.355	-83.6182	0.000159203	709.696
37.6160	1.74668	583.041	3.68544	-388.638	3.87958	-69.3179	2.30395	12.7476	15.8144	1542.05	2183.25	131.988	-83.9233	0.000464373	710.137
37.6167	2.05684	-423.75	6.12489	-411.838	0.825722	-15.5972	3.52064	-25.4375	15.8509	1540.22	2180.29	130.003	-85.7544	0.000616981	710.44
37.6173	-0.685612	-646.832	8.87208	-401.141	-2.21503	42.0755	2.30395	-61.4306	15.8814	1538.54	2177.74	128.181	-88.1958	-0.000145967	711.37
37.6180	-4.35853	-155.775	8.2641	-378.888	-2.21503	70.767	-3.20999	-67.8332	15.912	1537.03	2175.9	127.416	-89.4165	-0.000756307	711.672
37.6187	-5.27268	-94.1178	4.90892	-241.262	-0.393201	66.7887	-10.8208	-29.3598	15.9426	1536.12	2174.38	127.107	-89.7217	-0.000451137	711.812
37.6193	-5.27268	-7.7856	1.85398	-37.0582	1.14028	49.6897	-15.7134	33.1668	15.9791	1536.28	2173.74	127.871	-89.2639	-0.000145967	712.579
37.6200	-4.35853	-83.444	1.24599	141.462	1.14028	20.3923	-15.4028	76.197	16.0156	1537.03	2173.34	129.238	-88.1958	0.000159203	712.742
37.6207	-2.53023	-733.479	1.54623	245.821	0.825722	5.74356	-12.3481	101.231	16.052	1537.47	2171.67	129.547	-87.5854	6.59448e-006	712.579
37.6213	-1.30593	-1051.5	0.022518	301.07	0.825722	49.3999	-12.6588	125.341	16.0826	1537.2	2169.99	129.694	-87.2803	0.000159203	713.207
37.6220	-0.685612	-868.408	-5.47187	266.585	1.14028	89.9737	-16.0241	114.67	16.1132	1536.71	2168.31	130.621	-87.2803	0.000159203	713.648
37.6227	-0.685612	-492.125	-8.21906	68.5194	0.825722	95.77	-17.8362	56.7007	16.1497	1536.55	2166.15	130.914	-87.5854	6.59448e-006	713.509
37.6233	-0.99577	73.712	-4.24839	-190.256	0.222814	128.124	-17.8362	6.92176	16.1802	1535.95	2163.27	130.768	-87.8906	6.59448e-006	713.951
37.6240	-3.44438	266.28	-1.20096	-323.007	0.222814	110.419	-16.6195	-16.2661	16.2108	1535.04	2160.32	130.149	-88.6536	-0.000145967	715.183
37.6247	-5.58284	88.0275	-0.285228	-300.122	0.825722	-36.0422	-14.1861	-34.2627	16.2473	1534.28	2156.96	129.401	-89.5691	-0.000298575	715.648
37.6253	-5.58284	43.5114	0.630503	-217.745	2.35921	-188.958	-12.0375	-36.6853	16.2848	1533.04	2153.05	128.929	-90.332	-0.000451137	715.02
37.6260	-4.65237	142.338	0.630503	-74.613	4.19414	-202.685	-8.69805	-14.7664	16.3144	1532.28	2149.69	128.636	-90.1794	-0.000298575	714.881
37.6267	-3.44438	355.375	0.630503	46.8532	3.87958	-88.551	-3.20999	9.97887	16.3518	1533.04	2147.37	128.929	-88.9587	6.59448e-006	715.02
37.6273	-3.13423	387.71	0.630503	-9.61438	2.66066	55.1962	1.9933	25.8412	16.3883	1534.44	2146.18	130.149	-87.2803	0.000159203	714.718
37.6280	-2.22008	150.626	0.022518	-121.286	2.96211	179.104	6.26466	30.4557	16.413	1535.36	2145.54	130.914	-86.3647	-0.000298575	714.578
37.6287	-0.99577	45.8974	-0.285228	-165.566	3.57813	177.26	10.2254	7.55625	16.4425	1535.79	2143.38	131.077	-85.907	0.000159203	715.02
37.6293	0.522371	103.599	-1.20096	-198.201	4.4956	71.6628	13.9013	-32.4169	16.48	1535.47	2140.66	130.768	-85.7544	0.000464373	715.788
37.6300	1.14269	67.3077	-1.80894	-213.457	5.41307	9.7219	16.0241	-54.7396	16.5106	1534.44	2137.31	130.003	-86.5173	0.000311811	716.09
37.6307	-1.30593	-90.7901	-2.11669	-232.099	6.01597	-11.6452	17.2408	-52.6054	16.5343	1533.69	2132.91	129.238	-87.1277	0.000159203	716.392
37.6313	-2.53023	-174.109	-2.11669	-317.229	6.63199	-7.66687	19.0788	-45.2798	16.5648	1533.2	2129.79	129.238	-87.1277	6.59448e-006	716.555
37.6320	0.522371	-149.37	-0.893213	-370.041	5.71452	13.0679	17.8621	-41.2998	16.6082	1533.2	2127.4	129.694	-86.8225	0.000464373	717.764
37.6327	1.74668	-83.444	0.330264	-247.356	3.57813	15.8343	10.536	-39.454	16.6319	1533.69	2124.04	130.003	-86.6699	0.000159203	718.694
37.6333	-3.44438	-27.3124	0.022518	-30.9646	2.96211	-9.19497	1.37201	-46.7795	16.6624	1532.88	2120.21	130.621	-86.6699	6.59448e-006	717.624
37.6340	-8.32529	-48.346	-2.11669	105.126	2.66066	-51.007	-1.37201	-40.6653	16.693	1532.61	2117.33	131.988	-85.7544	0.000922151	716.694
37.6347	-8.61912	63.9172	-3.64041	156.719	2.35921	-81.8326	1.06137	2.36493	16.7118	1533.69	2115.65	133.517	-84.6863	0.000769543	717.462
37.6353	-9.23944	332.771	-2.72468	168.59	1.74319	-82.7547	4.73733	41.1268	16.7423	1534.28	2113.33	134.282	-84.5337	-0.000145967	717.624
37.6360	-12.896	434.424	-1.80894	154.281	1.44174	-61.0715	11.1314	45.972	16.7729	1533.79	2109.66	134.429	-84.3811	-0.000145967	717.927
37.6367	-15.6385	231.182	-2.72468	142.997	2.05775	-33.9081	17.2408	36.2239	16.7966	1532.12	2104.62	133.517	-85.6018	6.59448e-006	718.531
37.6373	-16.569	-89.5972	-1.5012	74.0262	3.57813	-4.32085	18.7681	20.6499	16.8271	1529.69	2099.19	131.223	-87.8906	-0.000145967	718.531
37.6380	-18.3973	-233.317	1.24599	-102.102	5.41307	30.7728	17.8621	-4.96059	16.8577	1528.18	2094.72	130.003	-88.9587	6.59448e-006	719.136
37.6387	-20.2256	-484.151	5.51691	-185.111	5.09851	50.322	24.5668	-41.0114	16.8883	1527.86	2091.68	129.694	-88.8062	-0.000145967	719.763
37.6393	-24.7963	-747.857	12.535	-67.6166	2.96211	31.089	42.5842	-75.1587	16.9188	1528.34	2089.52	129.694	-88.3484	-0.000145967	719.903
37.6400	-29.0732	-253.157	18.0294	95.9632	0.524268	-2.47658	56.615	-87.964	16.9435	1528.45	2087.68	129.694	-88.0432	6.59448e-006	719.903
37.6407	-10.1536	536.955	18.0294	257.106	-1.61212	-27.2161	59.359	-79.4272	16.9681	1528.18	2086.01	129.856	-87.8906	-0.000603745	719.136
37.6413	17.0097	557.989	18.0294	442.984	-3.1325	-45.2108	57.2363	-62.3535	16.9928	1527.86	2083.61	130.149	-87.738	-0.00106152	718.833
37.6420	17.9239	-48.66	20.4688	660.864	-2.52959	-55.2752	54.1816	-33.3398	17.0224	1527.43	2080.25	130.003	-87.5854	-0.000298575	719.136
37.6427	8.76604	-413.955	26.5712	827.784	-1.91358	-14.9912	48.9783	6.34494	17.053	1527.43	2077.62	130.003	-87.5854	6.59448e-006	719.763
37.6433	4.48913	-364.856	34.8128	796.639	-1.61212	58.2524	34.6369	42.6265	17.0776	1527.1	2075.54	129.856	-88.1958	-0.000451137	720.066
37.6440	1.43652	-195.77	37.56	581.828	-0.393201	50.322	12.9694	64.6031	17.1023	1525.59	2072.02	129.238	-88.9587	-0.000298575	720.531
37.6447	1.74668	-74.591	30.5419	295.563	0.524268	-1.26464	-1.68266	78.0428	17.1328	1523.92	2067.87	128.327	-90.1794	-0.000145967	720.973
37.6453	5.10944	-114.586	17.1137	-83.1441	0.222814	6.37588	-18.1468	83.2341	17.1575	1523.11	2064.83	127.709	-91.095	-0.000145967	721.135
37.6460	11.5085	-75.8468	-3.03242	-510.42	0.222814	50.322	-47.7616	54.8549	17.1881	1523.59	2063.47	128.783	-90.0269	0.000159203	721.438
37.6467	17.6137	170.467	-28.0499	-680.093	0.524268	98.8262	-74.6065	0.807538	17.2117	1525.27	2063.47	131.679	-87.4329	0.000311811	721.577
37.6473	10.9045	319.649	-40.8701	-546.395	-0.694655	138.214	-85.6085	-22.6688	17.2364	1526.62	2062.83	133.208	-86.5173	0.000159203	721.577
37.6480	-4.04838	299.243	-37.8227	-274.484	-1.31067	160.477	-77.3505	-3.74928	17.261	1526.51	2060.68	133.208	-86.3647	0.000311811	720.531
37.6487	-9.54959	219.252	-34.1598	-14.1733	-1.31067	125.99	-52.939	18.5157	17.2857	1526.35	2057.96	133.517	-85.7544	0.000311811	720.066
37.6493	-9.54959	116.407	-31.1048	91.0883	-2.21503	9.40574	-21.8228	30.1096	17.3162	1526.51	2055.32	133.355	-85.7544	0.000159203	720.973
37.6500	-11.9819	-16.9525	-25.9182	65.45	-2.52959	-106.862	10.2254	28.6099	17.334	1525.43	2052.13	132.899	-86.5173	6.59448e-006	721.74
37.6507	-4.96252	25.1776	-15.2372	-63.3285	-2.21503	-170.937	21.8228	19.4386	17.3646	1524.35	2049.09	132.297	-87.1277	6.59448e-006	722.205
37.6513	2.05684	323.918	2.16173	-220.183	-1.31067	-194.122	4.73733	15.1702	17.3892	1524.35	2046.85	131.679	-86.9751	6.59448e-006	722.205
37.6520	-9.54959	320.905	16.1979	-322.104	0.825722	-184.98	-9.00869	10.9018	17.4139	1523.76	2044.38	131.223	-86.8225	6.59448e-006	721.74
37.6527	-34.8683	-87.7135	16.8059	-413.644	4.19414	-159.028	-5.95402	7.21016	17.4375	1523	2041.74	130.458	-87.1277	-0.000145967	722.042
37.6533	-55.3224	-192.442	8.87208	-446.008	6.31743	-124.567	-6.23878	10.6134	17.4622	1523.59	2040.06	130.621	-86.8225	6.59448e-006	722.205
37.6540	-56.2365	126.83	1.85398	-323.639	5.71452	-104.412	-12.0375	12.7476	17.4868	1524.67	2039.34	131.223	-85.907	-0.000298575	721.577
37.6547	-48.5968	332.771	-1.20096	-142.049	3.87958	-117.848	-12.9694	5.71045	17.5115	1525.59	2039.02	132.444	-84.6863	-0.000756307	721.438
37.6553	-44.9402	316.321	-4.85638	3.52076	2.66066	-112.342	-7.48136	-9.22901	17.5352	1526.02	2037.34	132.606	-83.9233	-0.000451137	720.973
37.6560	-37.0067	251.023	-11.882	111.22	2.35921	-125.779	3.52064	-18.6887	17.5598	1524.19	2033.51	130.914	-84.9915	-0.000145967	719.763
37.6567	-22.6578	182.02	-19.2003	128.959	2.96211	-200.84	15.118	-16.5545	17.5845	1521.33	2030.15	129.238	-86.8225	-0.000451137	719.601
37.6573	-11.3779	85.8927	-24.0867	96.9111	0.825722	-204.819	19.0788	-9.22901	17.615	1520.08	2027.6	127.871	-88.3484	-0.000298575	720.531
37.6580	-8.61912	-77.0397	-25.0025	106.661	-2.21503	-93.4251	15.4287	-8.6522	17.6397	1519.6	2025.44	127.107	-89.4165	-0.000603745	720.833
37.6587	-1.59976	-273.563	-15.2372	70.0541	-1.91358	53.9842	12.9694	-18.1119	17.6703	1518.68	2023.28	127.562	-89.4165	-0.000756307	720.833
37.6593	8.76604	-374.023	1.24599	-60.8911	0.222814	117.453	13.9013	-28.1485	17.6939	1518.68	2021.92	128.783	-88.6536	6.59448e-006	720.973
37.6600	23.1149	-306.526	14.3665	-139.296	0.825722	59.7805	14.4967	-33.0514	17.7127	1519.33	2020.56	130.003	-88.1958	-0.000145967	720.531
37.6607	49.3641	-152.133	21.0768	-121.602	0.524268	-7.37705	12.374	-29.3598	17.7432	1519.01	2018.17	130.458	-88.0432	-0.000451137	719.601
37.6613	66.7492	46.2113	22.9083	-115.508	0.524268	-44.2887	5.64338	-22.0343	17.7679	1518.68	2015.69	130.621	-87.5854	0.000159203	719.461
37.6620	65.2311	206.444	28.1024	-141.462	0.825722	-85.4948	-2.27806	-20.2461	17.7856	1518.68	2013.53	130.621	-87.4329	0.000311811	719.763
37.6627	51.1924	160.044	34.8128	-128.959	1.74319	-126.701	-10.536	-18.1119	17.8044	1518.68	2012.01	131.077	-87.4329	0.000159203	719.763
37.6633	32.5666	9.29249	21.9926	-74.297	1.44174	-133.393	-20.2954	-6.51799	17.8349	1518.09	2010.82	130.914	-87.5854	0.000159203	719.763
37.6640	18.5278	-33.4027	-5.77211	-46.8532	-0.393201	-101.961	-25.7835	12.7476	17.8655	1516.58	2008.5	128.783	-88.9587	6.59448e-006	719.461
37.6647	11.5085	-45.3323	-33.244	-62.4258	-3.74852	-70.5299	-27.6215	36.8584	17.8961	1515.17	2006.34	126.488	-90.332	-0.000145967	719.763
37.6653	11.8186	-93.8667	-56.1298	-9.29841	-8.0213	-41.8648	-28.5275	54.2204	17.9198	1514.31	2005.94	125.74	-90.7898	-0.000145967	720.066
37.6660	12.4226	-74.026	-49.412	151.844	-11.0752	-5.53279	-24.2562	56.3546	17.9444	1515.06	2006.34	126.342	-90.4846	-0.000298575	720.066
37.6667	9.38635	-91.418	-13.4057	255.571	-9.24022	37.2014	-15.0921	53.0091	17.975	1516.41	2007.78	127.709	-88.501	0.000159203	718.996
37.6673	6.02359	-296.481	16.1979	254.668	-5.58345	107.389	-9.91474	47.241	17.9937	1517.01	2008.82	128.327	-87.2803	0.000159203	717.764
37.6680	5.10944	-504.62	31.7579	278.185	-5.58345	166.59	-10.536	32.5899	18.0174	1518.25	2009.46	128.929	-86.8225	6.59448e-006	717.927
37.6687	9.68019	-389.28	36.0363	277.237	-6.80238	162.927	-14.4967	12.1131	18.0479	1518.25	2009.46	130.003	-86.0596	-0.000145967	717.624
37.6693	11.2147	-138.069	25.9632	163.399	-7.71984	149.201	-22.7288	-11.7093	18.0785	1516.74	2008.82	129.547	-86.0596	6.59448e-006	717.462
37.6700	-2.22008	-392.921	8.2641	-38.5929	-8.0213	147.357	-29.1488	-29.3598	18.1032	1516.41	2008.5	128.636	-86.9751	0.000159203	717.927
37.6707	-22.364	-593.087	-9.43503	-262.928	-7.71984	122.327	-27.6215	-29.3598	18.1219	1516.25	2008.66	128.783	-86.9751	6.59448e-006	717.764
37.6713	-36.4027	169.839	-21.0318	-332.802	-6.48781	102.804	-20.2954	-22.6688	18.1525	1515.5	2008.66	129.092	-86.6699	0.000159203	717.462
37.6720	-44.6301	781.071	-33.5443	-199.149	-4.35142	122.644	-6.23878	-30.2827	18.1761	1515.17	2008.5	129.238	-86.5173	0.000159203	717.159
37.6727	-51.9596	316.321	-39.9544	-8.98245	-2.52959	146.751	9.62998	-47.7024	18.2008	1514.58	2008.66	129.238	-86.9751	0.000159203	716.694
37.6733	-55.3224	-258.306	-15.2372	213.773	-2.52959	102.804	17.5514	-50.7596	18.2314	1514.31	2009.3	129.856	-86.8225	0.000159203	716.555
37.6740	-53.7879	-265.652	8.87208	409.085	-4.04997	-31.168	18.7681	-44.6453	18.2619	1515.5	2010.5	130.914	-85.907	0.000311811	716.694
37.6747	-52.5799	30.6401	4.60117	328.514	-5.58345	-101.672	18.4575	-37.9543	18.2866	1517.17	2012.65	132.444	-84.5337	0.000311811	716.694
37.6753	-53.7879	297.422	-0.285228	17.8746	-5.88491	23.1587	19.7	-13.209	18.3103	1516.58	2013.37	133.208	-83.7708	0.000464373	715.183
37.6760	-43.4221	411.193	1.24599	-153.65	-6.48781	162.927	19.9848	13.6705	18.3349	1515.06	2012.97	132.134	-84.5337	0.000311811	714.718
37.6767	-17.1729	355.689	0.630503	-76.4637	-7.10383	156.209	20.2954	20.3615	18.3714	1513.99	2012.65	130.312	-86.6699	-0.000298575	715.648
37.6773	26.7715	169.839	1.85398	97.8139	-6.18636	90.2899	20.9167	23.4186	18.396	1512.31	2012.01	128.783	-88.1958	-0.000298575	715.648
37.6780	67.0594	70.6355	5.82465	314.792	-6.48781	53.9842	17.8621	31.3209	18.4325	1511.07	2011.85	127.562	-88.8062	-0.000451137	715.648
37.6787	58.8157	101.15	12.535	566.571	-8.32275	12.1721	12.9694	24.9183	18.4572	1510.64	2013.05	126.798	-88.9587	-0.000451137	715.485
37.6793	38.9819	137.755	22.6081	772.852	-9.85624	-104.728	8.10264	11.4786	18.4818	1510.64	2014.65	127.107	-88.3484	0.000159203	715.183
37.6800	44.4668	145.729	26.879	835.097	-10.7606	-214.883	0.465967	5.71045	18.5124	1511.23	2016.89	127.709	-87.8906	-0.000145967	714.718
37.6807	44.4668	68.1868	16.5057	680.093	-11.0752	-214.277	-5.64338	-9.8635	18.5489	1511.07	2018.73	127.871	-87.738	-0.000451137	713.811
37.6813	36.2395	-77.6676	4.60117	365.121	-11.6781	-154.76	-6.86007	-19.6116	18.5735	1509.88	2019.92	127.107	-87.738	0.000464373	713.207
37.6820	34.4112	-195.142	9.78782	98.4007	-12.5955	-73.9023	-6.54942	1.15363	18.6041	1509.72	2022.08	126.798	-87.738	0.000311811	712.742
37.6827	34.4112	-294.974	24.1318	-86.8002	-8.0213	47.5556	-7.17071	12.4015	18.6406	1510.15	2024.24	126.798	-88.0432	-0.000603745	712.579
37.6833	35.9293	-396.563	35.7285	-289.786	7.2349	174.52	-8.69805	-6.1719	18.6712	1509.99	2025.28	126.342	-88.8062	-0.000451137	712.881
37.6840	27.6857	-261.697	36.952	-503.378	21.2722	219.994	-9.29345	-19.3232	18.7017	1508.64	2025.6	125.74	-89.8743	6.59448e-006	713.044
37.6847	3.57498	122.498	24.1318	-631.254	22.8057	224.579	-8.69805	-15.3432	18.7323	1506.97	2025.44	125.268	-90.6372	0.000159203	713.044
37.6853	-4.65237	267.787	8.56434	-532.357	16.3965	282.541	-9.29345	-12.9206	18.7619	1506.05	2026.08	125.577	-90.4846	0.000159203	713.044
37.6860	9.99035	242.17	-10.0505	-336.142	10.9048	222.734	-9.29345	-12.5745	18.7925	1506.48	2027.6	126.488	-89.7217	0.000311811	712.742
37.6867	20.6663	351.105	-26.2259	-164.031	9.06983	-3.39871	-2.5887	-2.82638	18.8299	1507.89	2029.91	128.636	-88.1958	6.59448e-006	711.509
37.6873	21.5805	206.444	-34.1598	21.8016	7.54946	-148.042	4.42668	13.6705	18.8595	1508.97	2031.59	131.223	-86.5173	6.59448e-006	710.905
37.6880	19.7522	-191.814	-44.2253	133.202	6.93344	-177.971	5.64338	19.1502	18.897	1509.72	2032.79	132.606	-85.7544	0.000311811	710.602
37.6887	18.234	-389.28	-36.5992	67.6166	7.2349	-192.62	6.26466	8.47915	18.9276	1509.88	2033.11	132.753	-85.2966	0.000311811	709.998
37.6893	16.4057	-393.235	-4.24839	-166.469	6.63199	-159.66	8.69805	3.86465	18.9641	1509.07	2032.79	132.134	-86.0596	0.000311811	710.137
37.6900	9.99035	-234.196	17.7217	-335.555	6.63199	-88.551	12.0634	18.5157	18.9946	1508.05	2033.11	131.386	-86.9751	6.59448e-006	709.835
37.6907	2.97098	154.268	18.9451	-302.289	8.15237	-55.5914	19.7	31.9554	19.0252	1506.48	2033.51	130.914	-87.2803	-0.000451137	708.324
37.6913	1.74668	561.693	18.3296	-220.183	6.93344	-17.7313	30.3655	30.4557	19.0617	1506.05	2034.15	129.694	-87.5854	-0.000451137	707.998
37.6920	3.88513	640.993	18.0294	-163.128	2.66066	11.856	40.4356	27.9754	19.0922	1506.64	2035.19	128.181	-88.1958	-0.000298575	708.766
37.6927	7.54173	379.171	15.5899	-138.393	-0.0786402	-38.8086	42.2735	24.9183	19.1228	1506.05	2036.47	127.709	-87.738	-0.000145967	708.463
37.6933	10.9045	5.96477	8.2641	-118.577	-1.31067	-100.433	38.5976	14.2473	19.1593	1506.48	2038.38	128.473	-86.6699	0.000159203	707.998
37.6940	11.2147	-422.243	-25.3102	-26.4057	-2.83105	-91.6072	34.3262	11.4786	19.1899	1507.89	2041.74	129.547	-85.7544	6.59448e-006	707.859
37.6947	7.54173	-519.877	-56.4376	68.5194	-4.35142	-21.3935	19.3894	13.036	19.2204	1508.05	2044.86	130.458	-85.144	-0.000908915	706.789
37.6953	0.522371	-324.232	-46.3645	176.534	-4.96744	75.325	1.06137	10.2673	19.2628	1507.89	2046.37	131.223	-84.2285	-0.000603745	705.883
37.6960	-4.04838	-295.853	-35.0755	314.792	-3.44706	112.579	-7.48136	14.2473	19.2934	1507.4	2046.85	131.223	-84.2285	6.59448e-006	705.883
37.6967	-5.87667	-262.576	-37.8227	280.893	-1.61212	69.8449	-13.8755	3.86465	19.324	1505.3	2045.57	129.547	-86.5173	-0.000451137	705.883
37.6973	-6.18683	-285.179	-29.5811	18.7774	-0.996109	73.7969	-20.6061	-21.169	19.3546	1502.7	2043.74	127.871	-88.9587	-0.000603745	705.557
37.6980	-3.44438	-197.277	-14.3214	-231.783	-1.61212	103.727	-31.8928	-25.0914	19.3851	1501.3	2042.22	127.562	-89.7217	0.000159203	705.255
37.6987	-0.685612	160.358	0.330264	-419.467	-4.04997	116.531	-41.031	-15.3432	19.4157	1501.14	2042.38	128.327	-89.4165	0.000159203	705.255
37.6993	-0.685612	287.941	11.3115	-545.176	-6.80238	108.917	-39.2189	-8.9406	19.4522	1502.06	2043.74	129.856	-88.3484	-0.000145967	704.65
37.7000	-1.59976	247.946	18.6374	-440.817	-5.26889	41.7594	-36.1642	-5.88349	19.4768	1502.38	2044.22	130.458	-88.0432	-0.000145967	703.883
37.7007	-3.13423	302.571	18.6374	-245.505	1.14028	37.4912	-34.6369	-12.9206	19.5074	1502.38	2044.38	130.768	-88.0432	6.59448e-006	704.046
37.7013	-5.27268	316.321	4.90892	-156.403	7.85091	82.9655	-28.5275	-24.5146	19.5311	1502.06	2044.22	130.621	-87.5854	-0.000298575	703.441
37.7020	-6.49699	217.118	-13.098	-116.14	13.0412	18.2582	-16.0241	-19.6116	19.5557	1501.46	2044.06	130.621	-87.5854	-0.000145967	702.511
37.7027	-7.41114	86.2066	-20.7316	-121.286	15.479	-68.106	-9.29345	9.05597	19.5922	1501.46	2044.54	130.149	-87.4329	0.000159203	702.813
37.7033	-8.32529	4.70903	-21.3395	-196.395	13.9586	-70.8461	-11.1314	42.6265	19.6287	1500.87	2044.54	128.636	-88.0432	-0.000298575	702.511
37.7040	-6.49699	47.1531	-20.4238	-248.259	10.5902	-61.6774	-7.76611	58.4888	19.6474	1499.63	2043.58	127.562	-88.6536	-0.000145967	702.372
37.7047	-2.22008	196.712	-16.7609	-187.232	7.54946	-90.9749	2.30395	56.3546	19.678	1498.28	2042.86	126.651	-89.8743	0.000311811	702.046
37.7053	1.14269	326.995	-2.11669	-64.8632	5.41307	-101.961	9.91474	61.546	19.7086	1496.6	2041.9	125.268	-91.2476	0.000464373	700.674
37.7060	2.97098	377.036	16.1979	88.0641	4.19414	-18.6534	10.2254	62.1805	19.7332	1496.71	2042.54	126.033	-90.332	0.000769543	699.93
37.7067	3.88513	134.113	10.0956	334.607	3.27667	147.357	7.792	28.8983	19.7569	1498.87	2045.26	128.473	-88.3484	0.000311811	699.163
37.7073	3.88513	-229.675	-12.49	532.673	3.87958	308.493	8.69805	-3.46088	19.7875	1500.11	2046.93	130.312	-87.2803	0.000616981	698.396
37.7080	4.79928	-192.694	-20.4238	561.064	4.19414	405.843	9.91474	-1.90348	19.8121	1500.71	2047.57	131.386	-86.3647	0.000311811	697.931
37.7087	6.62758	-353.24	-18.9001	510.42	4.4956	407.977	9.91474	13.9589	19.8368	1501.03	2048.53	132.134	-85.7544	6.59448e-006	697.628
37.7093	10.3005	-787.789	-14.6292	287.619	5.41307	264.546	10.8467	20.3615	19.8673	1500.38	2048.37	132.134	-85.7544	0.000159203	697.628
37.7100	10.3005	-555.603	6.12489	-187.232	5.09851	73.1909	8.10264	13.9589	19.8979	1498.87	2047.25	131.532	-86.3647	0.000159203	697.163
37.7107	3.57498	-26.6845	35.1205	-579.391	4.4956	-87.945	1.68266	-13.4974	19.9097	1498.55	2047.09	131.532	-86.6699	0.000311811	696.419
37.7113	0.522371	92.297	45.8016	-539.082	4.19414	-304.303	-2.89935	-56.2393	19.9344	1498.55	2046.53	131.842	-86.6699	0.000159203	695.792
37.7120	1.74668	-80.4302	35.1205	-205.829	2.35921	-454.137	-3.20999	-70.8903	19.965	1497.52	2045.41	131.842	-86.9751	-0.000145967	695.047
37.7127	1.14269	-198.847	17.7217	62.1098	-0.0786402	-381.209	-4.42668	-51.6824	19.9955	1497.04	2045.26	131.842	-87.2803	-0.000298575	694.582
37.7133	-0.99577	-88.3414	7.04062	140.83	-1.31067	-259.435	-8.69805	-35.1856	20.0133	1497.95	2045.41	132.444	-86.5173	-0.000451137	694.28
37.7140	-4.65237	152.447	8.87208	139.612	-1.91358	-217.333	-9.29345	-24.5146	20.032	1498.87	2045.89	133.827	-85.144	6.59448e-006	693.513
37.7147	-7.10098	249.202	23.824	130.765	-3.44706	-161.478	-5.64338	-7.7293	20.0567	1499.2	2045.89	134.738	-84.2285	0.000311811	693.048
37.7153	-6.79082	70.6355	45.4938	83.46	-4.96744	-127.913	-6.86007	7.84466	20.0803	1499.03	2044.7	134.738	-84.3811	-0.000451137	691.978
37.7160	-5.58284	-257.741	58.3141	117.359	-4.66598	-131.575	-9.91474	16.0931	20.105	1497.63	2042.54	133.973	-85.2966	-0.000298575	691.072
37.7167	-4.96252	-456.713	47.633	352.618	-2.21503	-10.7231	-10.2254	17.5928	20.1237	1495.53	2039.98	131.988	-86.9751	0.000464373	691.374
37.7173	-5.58284	-356.317	7.95635	632.789	0.222814	175.732	-9.91474	6.34494	20.1474	1494.01	2037.82	130.149	-88.6536	6.59448e-006	691.374
37.7180	-5.87667	-93.5527	-43.9251	833.878	3.27667	216.332	-7.48136	-8.30611	20.1661	1493.69	2037.18	129.238	-89.1113	-0.000298575	691.072
37.7187	-2.53023	120.677	-63.4557	1043.86	6.01597	169.936	0.155322	-7.7293	20.1908	1492.77	2036.71	128.473	-89.4165	6.59448e-006	689.7
37.7193	-3.73822	371.825	-44.8408	1248.02	6.93344	190.091	4.42668	5.07595	20.2154	1492.18	2036.71	128.327	-89.1113	0.000311811	688.932
37.7200	-12.292	680.11	-22.2553	1124.11	5.41307	246.235	1.9933	13.036	20.2391	1493.37	2038.3	129.092	-88.0432	6.59448e-006	688.793
37.7207	-17.1729	497.274	-10.9663	467.99	4.19414	277.061	4.73733	-4.03769	20.2519	1493.53	2038.54	129.238	-87.5854	6.59448e-006	687.863
37.7213	-12.292	-6.84379	-3.94815	-254.984	1.74319	273.399	16.0241	-43.7224	20.2756	1492.93	2037.82	129.092	-87.738	6.59448e-006	687.561
37.7220	-3.73822	-136.562	4.60117	-520.169	-4.04997	231.587	29.7701	-61.719	20.3002	1493.1	2038.14	129.401	-88.0432	-0.000145967	686.956
37.7227	-4.04838	44.7044	8.87208	-484.149	-8.32275	169.646	34.0415	-46.145	20.3249	1492.61	2037.98	129.856	-87.8906	0.000159203	685.724
37.7233	-4.96252	214.983	6.74038	-331.267	-9.24022	93.952	19.9848	-29.3598	20.3495	1491.85	2036.47	130.312	-87.8906	0.000159203	685.724
37.7240	2.05684	220.508	0.938249	-137.49	-10.4591	2.7137	3.83128	-14.4203	20.3673	1491.37	2034.79	130.458	-88.3484	0.000159203	686.026
37.7247	-0.99577	107.868	-2.41693	-249.793	-12.2941	-90.6851	2.89935	-0.403769	20.392	1489.7	2031.83	129.401	-89.2639	6.59448e-006	685.421
37.7253	-0.391778	-17.5804	-0.893213	-544.905	-13.513	-137.977	10.536	6.92176	20.4107	1488.02	2028.32	127.709	-90.7898	6.59448e-006	684.515
37.7260	35.0152	-160.986	-1.20096	-514.392	-13.8145	-130.969	18.1727	18.8041	20.4344	1488.51	2027.76	128.327	-90.332	6.59448e-006	683.143
37.7267	51.7963	-216.239	-2.72468	-184.163	-11.6781	-141.956	21.8228	36.2239	20.4649	1490.45	2028.24	130.312	-88.1958	0.000311811	682.073
37.7273	7.85189	-97.8223	-3.03242	83.776	-4.66598	-159.66	19.3894	42.0497	20.4777	1491.69	2027.6	131.077	-86.3647	0.000616981	681.306
37.7280	-28.7631	-250.395	-4.85638	96.5952	2.66066	-126.069	15.118	31.9554	20.4955	1492.18	2027.6	131.386	-85.7544	0.000159203	680.539
37.7287	-26.9348	-810.707	-7.60357	-56.0162	6.63199	-60.7816	12.9694	12.7476	20.5261	1492.02	2026.8	131.842	-85.7544	0.000311811	680.236
37.7293	-25.7104	-1049.36	-9.43503	-245.821	8.15237	0.579626	14.1861	-8.0177	20.5507	1491.26	2024.56	130.768	-86.3647	0.000311811	679.934
37.7300	-26.6246	-679.796	-11.2665	-469.796	9.06983	27.1107	13.5907	-16.2661	20.5754	1490.45	2022.72	129.856	-86.9751	-0.000145967	679.027
37.7307	-17.1729	-158.537	-11.882	-670.298	7.54946	0.263466	11.1314	-20.5345	20.5931	1489.86	2020.72	129.547	-86.8225	-0.000298575	678.26
37.7313	-7.10098	231.182	-9.13479	-707.266	5.71452	-29.6399	11.1314	-36.3969	20.6178	1489.26	2018.41	129.238	-87.1277	-0.000145967	677.33
37.7320	-0.685612	529.609	-6.68784	-536.645	4.19414	-24.4497	11.4421	-50.7596	20.6424	1488.78	2016.01	129.694	-86.6699	0.000464373	676.888
37.7327	0.228537	838.145	-6.3876	-290.056	1.44174	-19.5755	12.6588	-53.4706	20.673	1488.67	2013.05	129.401	-86.8225	0.000159203	676.586
37.7333	-2.53023	984.062	-7.30333	-83.1441	0.524268	-79.9883	15.118	-44.9337	20.6976	1489.59	2010.82	129.401	-87.4329	-0.000451137	675.656
37.7340	-4.35853	666.987	-9.13479	40.1276	0.524268	-218.255	14.8074	-20.2461	20.7213	1490.34	2009.62	131.223	-85.7544	-0.000603745	674.586
37.7347	-5.87667	217.746	-12.7977	151.528	-0.393201	-285.676	12.374	13.3244	20.746	1490.61	2007.94	133.062	-84.2285	-0.000145967	673.377
37.7353	-6.49699	106.675	-16.4531	255.571	-0.996109	-230.744	7.48136	34.7241	20.7765	1490.78	2005.3	133.827	-84.0759	0.000311811	672.75
37.7360	-8.61912	223.522	-17.0686	197.298	-0.393201	-173.387	-1.06137	36.5123	20.8012	1489.59	2002.27	133.208	-84.8389	0.000159203	672.61
37.7367	-14.4305	344.701	-14.9294	42.881	1.14028	-166.985	-9.29345	35.0126	20.8318	1487.11	1997.95	131.532	-86.5173	-0.000298575	672.145
37.7373	-19.3114	367.556	-10.3508	-52.9468	3.87958	-205.108	-11.1314	29.1867	20.8554	1485.27	1994.2	130.621	-87.8906	-0.000298575	671.843
37.7380	-22.0539	245.811	-3.33266	-63.9153	5.09851	-234.406	-9.29345	2.65334	20.8742	1484.24	1990.52	130.149	-88.9587	-0.000145967	671.076
37.7387	-23.2782	74.026	3.07746	5.64224	2.96211	-213.671	-6.54942	-13.4974	20.9047	1484.08	1987.64	130.458	-89.2639	-0.000451137	670.169
37.7393	-22.364	33.4027	7.34837	85.5815	2.96211	-93.1089	-1.96742	10.6134	20.9353	1484.68	1986.05	131.532	-88.501	-0.000298575	669.564
37.7400	-19.6052	76.4747	9.48007	210.433	6.31743	122.038	3.83128	46.6065	20.96	1484.51	1983.65	131.842	-87.8906	-0.000145967	668.634
37.7407	-16.8628	183.841	10.7035	408.769	8.45382	252.638	5.33273	64.8915	20.9836	1484.35	1980.45	131.532	-87.738	6.59448e-006	667.727
37.7413	-17.4831	259.562	8.56434	442.668	7.54946	271.871	5.64338	56.0662	21.0142	1484.68	1977.81	131.077	-87.5854	-0.000603745	666.96
37.7420	-22.0539	-192.442	3.68544	120.699	7.2349	274.611	22.1334	27.687	21.0388	1484.08	1974.94	130.458	-87.4329	-0.000908915	665.286
37.7427	-17.1729	-677.347	1.54623	-350.812	9.37129	221.206	48.9783	2.94175	21.0753	1483	1971.74	129.238	-87.5854	-0.000145967	664.054
37.7433	-1.90992	-440.2	2.46197	-573.568	7.85091	146.434	63.941	-3.46088	21.1	1482.09	1968.23	127.562	-88.8062	0.000311811	664.054
37.7440	4.19529	-37.1072	4.29343	-518.319	1.74319	112.263	67.9017	-8.9406	21.1246	1481.17	1965.51	126.342	-90.1794	-0.000298575	663.751
37.7447	-6.79082	11.1133	4.60117	-359.343	-5.26889	35.9631	72.1731	-19.0348	21.1552	1479.82	1963.35	125.431	-90.4846	6.59448e-006	662.984
37.7453	-20.5357	-424.943	2.46197	-222.304	-11.0752	-108.39	77.6611	-12.9206	21.1858	1479.49	1961.19	125.431	-90.6372	0.000311811	662.38
37.7460	-22.6578	-748.736	1.85398	-178.701	-13.2116	-264.625	74.0111	-6.1719	21.2094	1480.57	1959.68	126.488	-89.5691	-0.000145967	661.473
37.7467	-19.3114	-194.263	3.99319	-137.806	-11.9926	-337.869	57.8317	-28.1485	21.2341	1482.09	1958.96	128.018	-87.738	6.59448e-006	660.543
37.7473	-22.364	331.579	5.82465	-61.7938	-6.48781	-212.749	47.451	-57.4506	21.2706	1483.16	1958.16	129.856	-86.3647	0.000464373	659.799
37.7480	-35.1784	202.802	8.2641	46.5372	0.222814	5.45375	39.8402	-49.5482	21.3012	1483.92	1956.48	131.679	-85.2966	0.000311811	659.031
37.7487	-45.5605	75.5328	13.143	159.156	3.87958	121.721	13.2801	-12.5745	21.3258	1483.43	1952.8	131.842	-84.9915	0.000769543	657.962
37.7493	-56.5467	98.7013	12.8428	143.584	2.05775	136.686	-9.91474	5.07595	21.3623	1481.65	1946.89	130.621	-86.2122	0.000616981	656.59
37.7500	-68.7408	88.9693	11.6193	50.1934	-2.83105	95.77	-25.4729	8.13306	21.3929	1480.74	1942.02	130.149	-86.9751	-0.000145967	655.823
37.7507	-62.0316	41.9418	19.5531	66.3979	-3.44706	11.5662	-54.1557	15.4586	21.4175	1481.01	1938.5	130.458	-86.8225	6.59448e-006	655.66
37.7513	-54.4082	-59.6477	23.216	173.194	-1.31067	-48.873	-74.6065	10.6134	21.454	1480.74	1934.83	130.149	-86.8225	0.000159203	654.916
37.7520	-65.6882	-128.965	17.1137	314.476	-0.694655	-58.3314	-76.1338	-2.82638	21.4787	1480.09	1930.99	129.856	-86.9751	-0.000298575	653.684
37.7527	-64.774	-188.738	14.3665	453.636	-0.393201	-36.9643	-74.0111	-11.0748	21.5033	1479.93	1927.47	130.003	-86.8225	-0.000298575	652.916
37.7533	-34.2643	-361.151	19.5531	428.946	0.825722	34.1452	-66.3744	-12.2861	21.5329	1480.25	1925.08	130.312	-86.2122	6.59448e-006	652.149
37.7540	-25.4166	-419.794	34.5051	237.561	0.222814	91.212	-52.3436	-5.88349	21.5704	1481.17	1923.56	131.679	-85.2966	-0.000145967	651.103
37.7547	-19.9154	-272.998	43.0544	116.14	-2.21503	91.5018	-40.7462	-1.61508	21.6009	1481.92	1921.24	132.899	-84.0759	-0.000451137	649.708
37.7553	73.1646	-117.035	29.9264	69.4221	-5.58345	129.046	-30.9609	-3.11479	21.6305	1481.49	1918.05	131.988	-83.9233	0.000311811	648.964
37.7560	149.757	14.1899	16.8059	-36.4714	-8.0213	147.673	-18.7681	-6.51799	21.6611	1480.25	1914.21	130.003	-85.7544	0.000311811	648.801
37.7567	92.3944	53.8713	7.95635	-92.623	-6.80238	65.8665	-12.9694	-11.3632	21.6917	1478.58	1909.98	128.783	-87.738	-0.000603745	648.196
37.7573	29.8241	98.7013	-13.7135	-111.536	-2.52959	-4.32085	-23.0395	-21.4574	21.7222	1477.07	1906.14	127.416	-88.6536	-0.000603745	647.429
37.7580	33.7909	261.069	-31.1048	-178.972	1.74319	-6.74473	-35.8536	-39.1656	21.7587	1475.99	1902.94	126.488	-88.9587	-0.000603745	646.522
37.7587	43.2588	281.223	-26.5262	-90.7724	2.96211	24.3706	-42.8689	-35.474	21.7893	1475.5	1900.31	126.798	-88.9587	-0.000451137	645.592
37.7593	42.0345	127.395	-14.0137	180.507	4.79705	72.5849	-37.6915	4.78755	21.8199	1475.82	1898.07	128.327	-88.1958	6.59448e-006	644.825
37.7600	37.7576	12.0551	-6.3876	348.375	7.54946	108.917	-17.5514	44.7607	21.8573	1476.15	1895.59	128.929	-88.0432	6.59448e-006	643.453
37.7607	34.101	-88.9693	-5.16412	351.083	7.2349	129.046	-9.91474	55.7778	21.8869	1475.39	1892.72	129.238	-88.3484	-0.000298575	642.081
37.7613	32.2727	-93.8667	-8.5193	214.676	5.41307	169.33	-25.1622	49.0291	21.9175	1474.74	1890.24	130.003	-88.1958	-0.000298575	641.012
37.7620	31.0484	99.957	-9.43503	-78.2692	5.09851	210.22	-28.5275	38.3581	21.948	1474.91	1887.68	130.312	-88.3484	-0.000145967	640.105
37.7627	30.1343	240.6	-1.20096	-238.509	3.57813	179.104	-17.5514	25.2644	21.9786	1475.07	1885.2	130.768	-88.501	-0.000298575	639.198
37.7633	29.514	183.589	8.56434	-102.102	0.524268	87.2337	-16.0241	13.6705	22.0092	1473.99	1881.85	130.768	-88.8062	-0.000145967	638.896
37.7640	29.514	95.3736	12.535	58.1377	-0.393201	18.2582	-19.6742	18.2273	22.0398	1472.15	1877.93	129.547	-89.7217	-0.000145967	638.268
37.7647	29.8241	147.236	14.3665	40.1276	-1.61212	-59.2535	-19.0788	32.2439	22.0762	1471.56	1874.58	128.929	-90.332	-0.000145967	637.501
37.7653	27.9958	314.814	16.1979	-93.5258	-4.35142	-229.242	-14.1861	32.2439	22.1068	1471.4	1871.78	128.929	-90.1794	0.000159203	636.757
37.7660	24.3392	360.586	18.3296	-153.65	-4.66598	-365.638	-10.2254	15.8047	22.1315	1471.4	1869.94	129.238	-89.5691	0.000159203	635.385
37.7667	22.8048	-75.2189	17.7217	-58.1377	-2.21503	-320.48	-9.60409	-11.3632	22.168	1472.48	1869.62	130.458	-88.1958	0.000159203	633.85
37.7673	23.4251	-694.111	12.535	23.3363	-1.91358	-192.304	-7.48136	-37.9543	22.1985	1473.99	1868.9	131.386	-86.6699	0.000159203	632.618
37.7680	23.4251	-856.478	9.17983	14.1733	-3.74852	-89.7629	-2.27806	-51.3364	22.2291	1475.23	1867.71	131.842	-85.907	-0.000145967	631.711
37.7687	22.4946	-611.42	7.34837	25.5029	-5.26889	-2.47658	-0.155322	-49.5482	22.2656	1474.74	1866.19	131.988	-85.4492	6.59448e-006	630.944
37.7693	21.2866	-172.602	-2.72468	23.3363	-8.0213	17.0463	-4.11604	-31.8401	22.2961	1473.4	1864.03	130.914	-86.3647	-0.000145967	629.735
37.7700	20.3725	-21.536	-15.5449	-93.2098	-12.2941	6.05972	-8.3874	-11.7093	22.3208	1472.48	1862.03	129.694	-87.8906	-0.000756307	628.503
37.7707	20.6663	-54.1852	-21.3395	-256.79	-11.0752	46.0275	-7.76611	-4.67219	22.3573	1472.15	1860.67	129.401	-87.738	-0.000145967	627.735
37.7713	22.2008	325.802	-21.6473	-332.486	-7.10383	34.7512	-2.27806	-8.6522	22.3938	1471.72	1860.03	129.694	-86.8225	0.000311811	626.526
37.7720	23.1149	565.649	-16.7609	-292.494	-4.66598	-44.8946	3.52064	-9.8635	22.4243	1471.24	1859	129.694	-86.9751	0.000159203	625.922
37.7727	23.4251	347.464	-19.5081	-161.278	-4.04997	-78.1704	6.26466	-2.82638	22.4549	1471.07	1857.88	130.003	-87.4329	0.000159203	625.457
37.7733	21.2866	120.991	-29.8814	-23.3363	-4.35142	-52.825	7.17071	2.94175	22.4855	1472.15	1857.88	131.223	-86.6699	6.59448e-006	624.085
37.7740	17.3199	22.101	-29.8814	12.9546	-3.74852	-37.8864	5.95402	5.71045	22.5161	1473.07	1858.04	132.606	-85.144	-0.000756307	622.411
37.7747	14.5611	17.2664	-30.1891	-11.1491	-1.91358	-44.2887	-2.27806	7.21016	22.5525	1473.23	1857.32	133.827	-83.9233	-0.000603745	620.876
37.7753	12.1288	48.346	-39.6467	38.5929	-0.0786402	-26.8999	-14.4967	6.63335	22.5831	1473.4	1855.32	133.973	-84.0759	0.000159203	620.876
37.7760	12.1288	8.7274	-35.6835	225.058	1.74319	-4.32085	-25.1622	10.2673	22.6078	1472.48	1852.68	132.899	-85.907	-0.000145967	620.411
37.7767	11.5085	-42.5696	-14.3214	517.732	3.57813	-26.5837	-33.7049	13.3244	22.6383	1469.89	1850.13	131.532	-87.2803	-0.000451137	619.365
37.7773	6.62758	44.0765	-0.893213	877.526	3.57813	-31.774	-39.8143	11.4786	22.6689	1467.73	1847.57	130.458	-88.3484	-0.000298575	618.435
37.7780	-0.685612	87.1485	-0.893213	1139.37	5.09851	33.8291	-49.5737	5.71045	22.7054	1466.54	1845.41	129.547	-89.7217	-0.000603745	616.761
37.7787	-9.23944	29.1332	-0.285228	1014.57	9.37129	95.164	-63.941	-4.38378	22.736	1465.89	1844.05	129.092	-89.7217	-0.000451137	615.226
37.7793	-15.0345	77.3537	11.6193	397.169	11.5077	88.1558	-75.5384	-4.67219	22.7724	1466.38	1843.89	129.238	-88.6536	-0.000298575	614.482
37.7800	-16.2588	-151.505	31.7579	-378.572	11.5077	38.4134	-87.7312	0.230725	22.803	1467.3	1844.29	129.694	-87.738	6.59448e-006	614.017
37.7807	-18.0871	-615.376	45.8016	-803.365	13.0412	3.31967	-99.6392	-10.4403	22.8277	1467.3	1844.29	129.694	-87.4329	6.59448e-006	613.087
37.7813	-28.7631	-623.036	54.0356	-742.97	15.1776	8.79977	-98.7073	-22.6688	22.8582	1466.97	1843.73	128.473	-88.0432	-0.000298575	611.273
37.7820	-31.8157	-186.917	50.6805	-483.247	15.479	21.6306	-80.4052	-22.0343	22.8947	1466.81	1844.05	127.871	-87.8906	-0.000145967	610.204
37.7827	-8.32529	275.133	15.5899	-283.963	14.5615	13.3841	-47.1403	-19.0348	22.9253	1466.38	1845.09	128.181	-87.4329	0.000159203	609.739
37.7833	15.1814	401.147	-32.0206	-168.906	15.1776	37.4912	-10.8208	-12.9206	22.949	1465.46	1844.93	127.562	-88.6536	0.000159203	608.53
37.7840	14.8712	257.427	-51.5512	-131.667	16.6979	112.579	12.374	7.21016	22.9795	1463.95	1843.57	126.033	-90.0269	0.000159203	607.46
37.7847	7.54173	180.827	-34.46	-169.809	16.3965	144.011	23.3501	27.0525	23.0101	1462.87	1843.25	125.577	-90.1794	0.000311811	607.297
37.7853	4.19529	227.791	-6.99559	-260.446	13.9586	89.3677	37.6915	26.1296	23.0347	1462.55	1843.89	126.033	-90.332	0.000311811	606.53
37.7860	3.57498	272.056	9.17983	-323.955	8.76838	26.5047	57.2363	17.016	23.0653	1463.79	1844.93	127.709	-89.5691	6.59448e-006	604.717
37.7867	2.66083	252.844	26.879	-293.713	3.27667	-17.7313	73.105	16.0931	23.0959	1464.97	1847.41	130.458	-87.8906	-0.000451137	602.275
37.7873	0.522371	137.19	38.7835	-223.252	0.222814	-48.873	85.6085	23.707	23.1205	1465.78	1849.49	132.134	-86.5173	-0.000451137	601.043
37.7880	-4.65237	-106.675	2.46197	-201.586	-0.694655	-27.2161	93.5299	36.5123	23.1511	1466.65	1849.97	132.753	-85.6018	6.59448e-006	600.88
37.7887	-11.0677	-320.277	-39.0387	-220.499	-3.44706	-11.935	90.5011	54.2204	23.1748	1466.05	1850.13	132.899	-85.2966	-0.000145967	599.508
37.7893	-13.8102	-435.366	-29.8814	-201.27	-8.62421	-65.9719	78.2824	64.6031	23.1994	1464.54	1850.13	132.606	-86.0596	-0.000298575	597.834
37.7900	-11.6717	-536.955	-0.285228	-163.715	-13.513	-96.1652	67.5911	49.0291	23.23	1463.63	1850.61	131.842	-86.9751	0.000311811	597.067
37.7907	-8.32529	-589.445	27.4869	-151.528	-16.2654	-60.1493	60.265	11.1902	23.2547	1463.3	1851.64	131.223	-87.2803	0.000159203	596.323
37.7913	-6.49699	-557.11	43.9701	-143.584	-15.9509	-37.2805	50.195	-23.8801	23.2724	1463.63	1853.16	131.077	-87.1277	-0.000145967	595.393
37.7920	-7.10098	-308.975	42.7466	-122.234	-15.3479	-38.8086	40.4356	-34.5511	23.303	1463.03	1854.52	130.768	-86.9751	0.000159203	594.323
37.7927	-8.01513	188.424	35.1205	-82.5573	-16.8683	-43.3665	32.2035	-28.1485	23.3335	1462.71	1856.2	130.621	-86.8225	0.000159203	593.417
37.7933	-9.23944	500.915	30.2341	-28.2112	-16.5669	-72.3742	23.3501	-32.1285	23.3523	1463.46	1858.84	131.077	-85.907	-0.000145967	592.184
37.7940	-10.1536	475.612	34.2048	15.708	-12.5955	-93.7413	16.9301	-49.2022	23.37	1464.06	1861.39	132.297	-84.9915	-0.000145967	590.812
37.7947	-0.391778	432.917	43.0544	59.9883	-9.24022	-62.3097	15.7134	-54.3935	23.4006	1464.38	1864.19	132.899	-84.0759	-0.000298575	589.301
37.7953	12.4226	411.193	43.3546	121.286	-9.24022	15.8343	19.0788	-35.474	23.4253	1464.06	1866.19	132.444	-84.2285	-0.000756307	587.627
37.7960	8.45588	281.537	30.2341	141.462	-11.9926	108.285	21.8228	-15.3432	23.444	1462.11	1866.19	130.914	-86.0596	-0.000908915	586.232
37.7967	-8.01513	211.341	23.5238	81.0226	-13.513	114.397	24.2562	-10.7864	23.4617	1460.12	1866.19	128.783	-87.738	-0.000451137	585.93
37.7973	-27.8489	273.312	18.9451	-12.0518	-11.6781	5.13759	27.9321	-6.80639	23.4805	1458.28	1866.59	127.416	-88.501	6.59448e-006	585.186
37.7980	-37.0067	141.459	-0.285228	16.024	-9.24022	-69.3179	27.9321	6.92176	23.4982	1456.93	1867.23	126.488	-89.5691	-0.000145967	583.488
37.7987	-33.3501	-193.635	-5.47187	228.127	-10.4591	-20.7875	26.4048	19.727	23.5288	1456.77	1869.54	127.253	-89.1113	6.59448e-006	582.117
37.7993	-34.2643	-359.958	10.0956	366.971	-11.0752	86.9438	24.5668	19.1502	23.5475	1457.36	1872.1	128.473	-88.0432	0.000769543	581.675
37.8000	-33.04	-229.361	12.2273	381.009	-7.71984	155.893	19.0788	9.69046	23.5663	1458.28	1874.66	129.092	-88.1958	0.000311811	581.047
37.8007	-25.7104	-22.7289	-7.30333	472.549	-4.04997	138.82	12.6588	11.4786	23.584	1458.44	1877.13	130.003	-87.738	-0.000145967	579.838
37.8013	-22.0539	176.243	-28.3576	525.676	-1.31067	66.1827	9.00869	22.2073	23.6146	1457.96	1878.33	130.312	-87.2803	0.000311811	578.303
37.8020	-17.1729	584.862	-52.4669	410.936	0.825722	-15.5972	8.10264	21.8612	23.6264	1457.69	1879.13	130.621	-87.5854	6.59448e-006	577.234
37.8027	-15.6385	543.987	-70.4738	234.853	2.05775	-79.0925	8.69805	15.8047	23.6452	1457.69	1880.33	131.223	-87.2803	-0.000298575	576.629
37.8033	-16.8628	-164.942	-46.9725	52.044	5.41307	-94.637	6.86007	10.9018	23.6639	1457.2	1881.37	130.621	-87.738	-0.000145967	575.862
37.8040	-8.32529	-305.961	-24.6947	-13.2706	10.9048	-61.3876	-1.06137	-4.03769	23.6816	1455.1	1880.65	128.929	-89.2639	6.59448e-006	574.351
37.8047	-3.13423	-316.635	-43.9251	68.5194	16.095	9.7219	-10.536	-22.6688	23.7004	1453.1	1880.65	127.107	-90.6372	0.000311811	572.979
37.8053	-0.0816205	-663.283	-50.3277	42.881	17.3139	88.7617	-15.4028	-30.6288	23.724	1453.69	1883.37	127.107	-90.6372	0.000311811	572.514
37.8060	18.838	-266.28	-28.6654	-105.126	15.7805	129.968	-17.2408	-30.9172	23.7487	1454.94	1886.48	128.018	-88.9587	0.000159203	570.979
37.8067	25.5472	322.726	-15.8452	-193.01	15.479	160.793	-19.3635	-28.4946	23.7734	1456.12	1889.68	129.401	-87.1277	0.000311811	569.305
37.8073	8.16205	221.073	-8.5193	-184.163	17.3139	116.531	-16.9301	-22.0343	23.7921	1457.36	1893.43	130.914	-86.0596	0.000464373	568.236
37.8080	-4.96252	-88.0275	4.60117	-125.258	18.8343	7.58783	-10.536	-12.2861	23.8158	1457.69	1896.07	131.679	-85.4492	0.000311811	566.561
37.8087	-8.01513	-148.491	11.927	-51.7281	18.2314	3.92565	-7.76611	-1.61508	23.8345	1456.93	1896.95	130.914	-85.7544	6.59448e-006	565.19
37.8093	-4.04838	20.2802	6.12489	-33.4021	14.5615	41.1534	-4.11604	4.21074	23.8651	1456.12	1897.43	130.312	-86.3647	6.59448e-006	564.887
37.8100	2.97098	188.738	-1.80894	-77.6824	12.1237	-0.658665	7.48136	8.76756	23.8897	1455.2	1897.75	130.312	-86.6699	6.59448e-006	563.516
37.8107	3.28114	228.105	-3.33266	-80.4358	11.5077	-116.61	20.9167	17.016	23.9134	1454.34	1898.23	130.458	-86.8225	0.000311811	561.818
37.8113	0.832529	191.501	-3.64041	-98.1299	7.54946	-209.403	26.0941	13.6705	23.938	1454.18	1898.95	131.077	-86.9751	0.000464373	561.074
37.8120	4.19529	150.312	-5.77211	-95.6924	1.44174	-183.135	26.4048	-3.74928	23.9627	1453.42	1899.11	131.223	-87.738	-0.000145967	559.075
37.8127	6.62758	120.677	-6.99559	62.4258	-0.694655	-116.926	32.2035	-14.7664	23.9873	1452.61	1899.27	131.386	-87.738	-0.000145967	557.261
37.8133	6.93774	-99.3291	-7.30333	197.298	1.14028	-79.9883	41.6523	-7.44089	24.0179	1453.86	1901.11	133.062	-86.5173	6.59448e-006	556.796
37.8140	9.68019	-570.546	-8.21906	196.395	2.05775	-39.7043	45.6389	21.2844	24.0297	1455.1	1902.94	135.193	-84.5337	6.59448e-006	555.564
37.8147	10.3005	-612.927	-9.13479	199.735	1.14028	-6.13876	45.0176	53.0091	24.0544	1455.53	1903.98	135.958	-83.9233	6.59448e-006	554.192
37.8153	6.02359	-45.3323	-9.43503	300.122	0.825722	-9.80094	46.8555	59.1233	24.085	1455.2	1904.3	135.502	-84.5337	6.59448e-006	553.122
37.8160	0.228537	186.603	-8.82705	473.181	2.05775	-25.688	47.451	38.0697	24.1086	1453.42	1902.94	133.827	-85.7544	-0.000298575	552.215
37.8167	-3.44438	-45.6462	-7.60357	529.017	2.66066	-38.4924	45.6389	7.21016	24.1392	1451.7	1901.83	131.679	-87.4329	-0.000298575	551.611
37.8173	-5.87667	-75.5328	-6.3876	329.417	1.44174	-10.7231	38.3128	-10.7864	24.1639	1450.51	1901.59	130.003	-88.6536	-0.000145967	550.541
37.8180	-9.54959	-43.8254	-3.94815	8.98245	-0.996109	87.8396	17.5514	-24.5146	24.1885	1449.27	1901.27	128.473	-88.9587	-0.000451137	549.17
37.8187	-12.896	-163.749	-1.80894	-232.37	-4.96744	119.587	-0.750724	-43.434	24.2132	1449.11	1902.46	128.783	-88.1958	-0.000145967	547.635
37.8193	-15.0345	-138.383	-1.80894	-402.36	-7.40528	30.483	-5.33273	-40.0885	24.2437	1449.27	1903.66	128.473	-88.1958	6.59448e-006	546.263
37.8200	-18.3973	37.3583	-1.20096	-547.929	-7.40528	-47.0287	-2.27806	-18.4003	24.2743	1449.11	1904.78	127.709	-88.3484	-0.000451137	544.891
37.8207	-22.0539	109.375	0.938249	-512.225	-11.0752	-28.7178	5.95402	-1.32667	24.3039	1448.84	1905.66	128.018	-87.5854	-0.000298575	543.217
37.8213	-15.3446	8.09953	2.46197	-274.8	-17.7858	82.9655	12.0634	9.69046	24.3285	1449.11	1905.82	128.181	-87.738	6.59448e-006	542.45
37.8220	-2.22008	-133.234	5.51691	-17.8746	-21.7571	148.885	8.10264	10.6134	24.3532	1449	1905.98	128.181	-87.8906	-0.000145967	541.218
37.8227	8.45588	-99.3291	9.78782	110.949	-24.4964	89.9737	-7.48136	2.94175	24.3838	1448.35	1905.66	128.783	-87.5854	6.59448e-006	539.846
37.8233	19.7522	174.109	15.5899	164.934	-23.5789	57.6464	-27.6215	-3.74928	24.4084	1447.43	1904.46	128.473	-88.3484	6.59448e-006	539.102
37.8240	20.6663	260.441	19.2454	254.668	-18.0872	106.756	-36.1642	0.807538	24.439	1445.92	1902.14	127.107	-89.7217	-0.000145967	538.474
37.8247	12.4226	56.0061	5.20916	190.888	-13.2116	97.2981	-34.0156	18.2273	24.4696	1444.84	1900.95	126.651	-90.4846	-0.000145967	537.102
37.8253	10.3005	36.4793	-21.9475	-65.45	-7.71984	9.7219	-29.7442	27.3986	24.5001	1444.68	1900.31	127.709	-89.8743	0.000311811	535.591
37.8260	8.45588	177.122	-27.7497	-193.642	2.35921	-38.2026	-21.8228	8.13306	24.5297	1446.08	1899.99	129.547	-88.6536	0.000311811	534.219
37.8267	7.2479	245.497	-13.098	-169.222	9.37129	-58.3314	-16.9301	-21.4574	24.5544	1447.43	1899.99	131.223	-87.1277	6.59448e-006	532.522
37.8273	9.0762	176.557	-4.85638	-95.0605	4.4956	-118.744	-18.1468	-32.1285	24.5908	1448.08	1899.91	132.444	-85.7544	0.000159203	531.01
37.8280	9.0762	-44.0765	-1.5012	83.1441	-5.88491	-175.811	-22.1334	-30.6288	24.6214	1448.67	1898.63	132.899	-85.4492	-0.000145967	529.941
37.8287	5.10944	-113.959	4.60117	164.347	-12.2941	-180.105	-26.6895	-26.0143	24.652	1447.76	1896.55	132.297	-85.907	-0.000451137	527.639
37.8293	-2.53023	77.6676	7.95635	-59.3564	-13.8145	-79.6985	-27.9062	-18.1119	24.6826	1445.76	1893.59	131.679	-86.2122	6.59448e-006	525.825
37.8300	-11.3779	249.767	4.29343	-389.54	-10.1577	102.199	-25.7835	-11.9977	24.7131	1445.76	1891.6	131.077	-87.1277	0.000159203	525.663
37.8307	-15.0345	265.966	-3.64041	-451.199	-3.1325	184.584	-23.3501	-5.59509	24.7496	1446.24	1890.72	131.386	-87.1277	-0.000145967	524.756
37.8313	-9.23944	204.623	-10.3508	-258.64	-0.393201	100.064	-19.9848	7.21016	24.7802	1445.92	1890.08	131.988	-86.5173	-0.000145967	523.384
37.8320	-3.73822	217.432	-10.0505	-126.476	-0.0786402	-22.9216	-16.0241	23.707	24.8107	1445.76	1888.16	130.914	-87.1277	6.59448e-006	522.919
37.8327	-5.27268	168.583	-4.55614	-119.164	4.79705	-49.7951	-13.5648	36.2239	24.8413	1444.68	1886.16	129.238	-87.4329	0.000464373	521.384
37.8333	-10.7576	-218.373	2.16173	-154.552	8.45382	-38.2026	-13.5648	31.9554	24.8778	1445	1886.56	129.401	-86.5173	0.000464373	519.571
37.8340	-16.2588	-521.384	13.143	-159.743	6.01597	-87.3127	-16.0241	10.9018	24.9143	1447.27	1888.24	131.077	-85.144	-0.000145967	519.106
37.8347	-24.1923	-258.306	19.8609	-113.071	3.87958	-74.798	-19.9848	-9.5751	24.9449	1448.35	1888.24	132.297	-83.9233	-0.000451137	517.873
37.8353	-31.2117	40.4349	13.7585	-70.6409	4.79705	57.0141	-22.1334	-22.6688	24.9813	1446.84	1886.48	131.679	-84.2285	-0.000298575	515.432
37.8360	-20.8295	55.0643	-3.64041	-17.2427	5.09851	180.922	-19.9848	-24.5146	25.0119	1444.09	1883.21	129.856	-86.3647	-0.000145967	514.06
37.8367	-1.59976	65.4869	-15.2372	80.4358	4.4956	234.037	-16.9301	-19.3232	25.0494	1442.74	1880.65	128.327	-88.3484	-0.000603745	513.921
37.8373	4.19529	44.3905	-1.20096	178.972	4.79705	193.753	-16.3347	-12.5745	25.0859	1441.17	1877.77	128.181	-88.9587	-0.000451137	512.851
37.8380	6.02359	-39.2419	22.6081	164.031	3.87958	106.151	-15.0921	-2.53798	25.1164	1439.98	1874.82	128.327	-88.9587	-0.000145967	511.479
37.8387	18.838	-83.1929	46.1018	-46.2212	2.05775	142.482	-10.8208	3.86465	25.147	1440.9	1873.46	129.092	-88.3484	-0.000145967	510.247
37.8393	24.6331	-92.9249	64.4164	-189.986	2.66066	195.281	-5.95402	2.65334	25.1835	1441.49	1871.46	130.003	-88.0432	-0.000145967	508.875
37.8400	15.7854	-178.064	42.1386	-44.6866	4.4956	66.7887	-2.5887	3.28783	25.2141	1440.9	1869.38	130.458	-87.8906	-0.000145967	507.038
37.8407	10.9045	-237.272	-6.68784	130.765	4.79705	-93.1089	-1.96742	9.05597	25.2446	1440.42	1866.75	130.458	-87.738	6.59448e-006	505.364
37.8413	12.7328	-203.116	-31.7128	197.298	1.44174	-172.781	-2.27806	18.8041	25.2752	1440.25	1864.03	130.003	-88.1958	-0.000145967	503.993
37.8420	13.6469	-239.721	-29.8814	280.893	-5.88491	-213.961	-1.37201	28.8983	25.3058	1439.98	1861.71	130.458	-87.8906	6.59448e-006	503.086
37.8427	11.2147	-253.157	-11.2665	363.315	-12.2941	-196.572	-0.155322	28.8983	25.3423	1439.66	1859.16	130.149	-87.8906	0.000311811	502.318
37.8433	4.19529	-266.594	8.87208	455.487	-13.513	-115.714	0.155322	15.8047	25.3788	1438.58	1855.96	128.783	-89.1113	6.59448e-006	501.249
37.8440	-2.22008	-168.332	9.48007	557.092	-10.7606	-21.1036	0.155322	-4.38378	25.4093	1436.74	1852.6	127.709	-90.0269	6.59448e-006	500.04
37.8447	-3.44438	323.039	-1.20096	512.225	-5.58345	60.9924	-0.155322	-16.9006	25.4399	1435.83	1849.33	126.798	-90.6372	0.000159203	498.97
37.8453	-2.53023	659.955	-7.60357	268.119	-2.52959	137.582	0.465967	-9.22901	25.4705	1435.99	1846.93	126.651	-90.4846	0.000159203	497.436
37.8460	2.05684	314.814	-12.1822	65.45	2.05775	188.853	0.776611	14.5357	25.501	1437.39	1845.97	128.181	-88.3484	0.000616981	496.227
37.8467	6.02359	-333.085	-16.7609	66.3979	11.5077	205.346	-0.155322	36.2239	25.5316	1438.74	1845.41	130.003	-86.2122	0.000922151	494.994
37.8473	6.62758	-740.825	-14.3214	94.4737	16.6979	213.276	-1.68266	36.2239	25.5553	1439.5	1843.57	130.914	-85.6018	0.000311811	492.553
37.8480	13.043	-633.396	-7.91132	82.8732	12.4251	169.014	-2.27806	30.4557	25.5918	1439.82	1841.1	130.914	-85.7544	-0.000298575	491.018
37.8487	22.4946	-119.17	-10.6585	101.786	5.41307	50.928	-2.27806	37.7236	25.6164	1439.5	1838.7	130.312	-86.5173	-0.000603745	490.577
37.8493	21.8906	364.856	-19.2003	-16.9267	2.05775	-145.012	-4.11604	41.1268	25.6411	1438.31	1835.82	130.312	-86.9751	-0.000603745	489.042
37.8500	3.88513	634.338	-23.171	-333.389	2.66066	-416.303	-6.54942	38.6465	25.6716	1437.23	1831.51	130.768	-86.8225	0.000159203	487.368
37.8507	-26.3308	615.062	-22.8633	-526.895	4.4956	-577.123	-7.48136	34.0897	25.7022	1436.91	1827.27	130.621	-86.9751	0.000159203	486.461
37.8513	-48.5968	247.946	-16.1529	-489.34	6.31743	-536.233	-7.17071	7.21016	25.7269	1436.74	1823.92	130.914	-86.9751	-0.000145967	485.531
37.8520	-57.4608	-65.4869	-6.68784	-434.407	8.76838	-393.118	-6.54942	-21.4574	25.7574	1436.48	1819.6	131.532	-86.9751	6.59448e-006	484.322
37.8527	-61.7214	-56.6339	-3.33266	-435.355	10.9048	-176.443	-5.33273	-20.5345	25.787	1436.31	1815.37	131.679	-86.5173	6.59448e-006	482.787
37.8533	-63.8599	104.54	-2.72468	-410.62	10.5902	9.7219	-2.27806	-11.0748	25.8117	1436.64	1811.85	132.297	-85.6018	6.59448e-006	481.253
37.8540	-61.1174	264.71	-1.20096	-328.514	9.06983	80.5153	1.68266	-13.4974	25.8422	1437.99	1808.18	133.062	-84.8389	0.000311811	480.044
37.8547	-60.8072	348.657	-1.20096	-205.829	7.85091	118.665	4.73733	-25.0914	25.8669	1439.34	1805.14	133.827	-83.9233	0.000159203	479.137
37.8553	-60.8072	306.84	-1.80894	-68.2034	7.2349	141.244	5.64338	-34.2627	25.8975	1438.58	1801.46	133.208	-84.2285	-0.000145967	477.602
37.8560	-43.4221	201.86	-1.20096	72.4915	6.31743	98.5363	6.86007	-30.9172	25.9221	1435.4	1795.31	130.458	-86.3647	-0.000145967	475.626
37.8567	-10.7576	70.9494	1.24599	197.885	5.71452	35.3572	9.00869	-37.0314	25.9527	1432.97	1789.72	128.018	-87.8906	0.000159203	474.859
37.8573	35.3253	-47.1531	3.68544	272.046	6.31743	7.90399	10.8467	-55.3164	25.9763	1432.32	1785.72	127.253	-88.8062	-0.000145967	474.394
37.8580	66.1452	-74.026	3.07746	334.923	7.54946	-22.3156	9.00869	-49.8367	26.0069	1432.21	1782.53	127.107	-89.1113	-0.000603745	472.72
37.8587	51.1924	-250.709	2.76971	326.392	7.54946	-36.3583	4.73733	-24.2261	26.0316	1432.21	1779.65	127.562	-88.6536	-0.000451137	471.046
37.8593	38.3779	-497.274	4.29343	134.737	6.31743	16.1241	13.5907	-13.4974	26.0562	1432.05	1776.85	128.018	-88.0432	6.59448e-006	469.372
37.8600	44.4668	-269.608	6.12489	-116.727	5.71452	70.767	41.6523	-21.7459	26.0809	1431.56	1773.82	127.709	-87.8906	-0.000145967	467.837
37.8607	34.101	30.3889	11.3115	-175.632	6.01597	76.5633	65.779	-26.9372	26.1045	1431.73	1770.46	128.018	-88.0432	-0.000451137	466.767
37.8613	18.838	-83.444	16.8059	45.3185	5.71452	56.1183	73.7004	-20.5345	26.1351	1432.05	1767.42	128.929	-87.738	0.000159203	465.535
37.8620	20.3725	-105.419	13.4507	325.174	3.87958	21.3144	69.4291	-15.6316	26.1598	1431.73	1764.07	129.238	-87.738	0.000464373	463.861
37.8627	31.0484	23.0429	3.3777	471.646	2.35921	7.27167	59.9803	-14.7664	26.1844	1431.13	1760.07	129.547	-88.501	-0.000145967	462.35
37.8633	41.1204	27.6263	-1.20096	408.182	2.66066	48.188	55.9937	2.94175	26.2091	1429.46	1756	129.092	-89.4165	-0.000451137	461.582
37.8640	47.5194	26.1194	-0.585468	105.442	1.14028	111.341	47.1662	30.1096	26.2396	1428.54	1751.84	128.327	-90.1794	6.59448e-006	460.652
37.8647	50.572	69.7564	0.330264	-248.259	-3.1325	156.525	26.7154	43.5494	26.2633	1427.62	1747.77	128.473	-90.7898	0.000159203	458.978
37.8653	49.9681	4.70903	1.24599	-486.903	-6.48781	184.901	6.86007	41.7036	26.288	1427.3	1744.41	129.401	-90.0269	0.000616981	457.467
37.8660	44.4668	-139.638	2.16173	-550.683	-7.71984	195.281	-18.1468	27.9754	26.3126	1428.97	1742.73	131.077	-88.0432	0.000769543	456.7
37.8667	61.8683	-16.6386	-0.285228	-417.029	-8.62421	188.853	-53.2496	9.05597	26.3432	1429.89	1740.58	132.297	-86.9751	0.000159203	454.561
37.8673	91.7741	67.3077	-4.24839	-134.421	-8.62421	194.043	-79.8098	-2.53798	26.3668	1430.21	1737.7	132.606	-86.5173	-0.000451137	452.282
37.8680	74.3889	-166.449	-4.85638	191.791	-7.40528	173.308	-85.6085	-4.38378	26.3915	1430.97	1735.22	133.062	-85.907	-0.000298575	451.05
37.8687	35.3253	-166.197	-3.03242	281.841	-6.18636	76.2471	-74.0111	-5.59509	26.4162	1430.38	1731.87	132.134	-85.907	0.000311811	450.143
37.8693	26.7715	57.8269	-2.72468	94.4737	-4.04997	-39.0984	-56.615	-7.7293	26.4467	1429.46	1728.51	130.914	-86.5173	6.59448e-006	449.073
37.8700	23.7189	234.51	-3.33266	-95.0605	-0.393201	-82.1224	-43.1796	-8.0177	26.4714	1429.13	1725.95	130.768	-87.2803	-0.000145967	448.143
37.8707	7.85189	287.628	-1.80894	-145.434	4.79705	-47.9508	-34.6369	-17.189	26.5019	1428.81	1724.28	130.768	-87.1277	0.000159203	447.074
37.8713	-6.49699	-18.1455	-2.11669	21.2148	9.06983	-32.6962	-25.4729	-28.4946	26.5325	1427.89	1722.6	130.149	-86.8225	6.59448e-006	444.795
37.8720	-25.7104	-305.02	-6.3876	156.719	16.095	-173.387	-17.5514	-17.7658	26.5562	1427.14	1720.12	129.547	-87.2803	0.000159203	443.121
37.8727	-41.2836	-287.941	-8.21906	-26.7217	30.1323	-446.206	-17.5514	5.07595	26.5867	1427.62	1718.44	130.003	-87.2803	-0.000145967	442.051
37.8733	-37.3169	-228.733	-4.24839	-269.338	45.9914	-477.954	-20.8908	7.21016	26.6055	1428.81	1718.44	132.134	-85.7544	-0.000756307	440.517
37.8740	-29.3834	-39.2419	-0.585468	-336.142	52.4006	-134.631	-20.8908	-2.24957	26.6301	1430.05	1718.28	133.973	-84.3811	-0.000451137	439.308
37.8747	-23.572	185.096	2.16173	-279.404	52.0991	141.244	-17.8362	6.34494	26.6607	1429.73	1716.29	133.517	-84.3811	-0.000145967	437.634
37.8753	-19.3114	168.583	6.12489	-171.66	48.7438	158.343	-10.536	13.9589	26.6913	1428.38	1713.57	131.988	-85.7544	-0.000908915	435.634
37.8760	-21.4499	90.7901	9.48007	-110.317	36.5415	115.609	-1.37201	2.65334	26.7209	1426.87	1710.21	130.621	-86.9751	-0.000908915	434.867
37.8767	-25.1065	78.6094	7.34837	-125.574	21.5867	121.405	-3.49475	-6.1719	26.7455	1424.71	1705.82	129.694	-88.1958	-0.000145967	434.262
37.8773	-23.572	34.9724	1.54623	-164.347	13.6441	144.906	-16.6195	-3.11479	26.7761	1423.2	1702.3	129.238	-89.2639	6.59448e-006	433.193
37.8780	-19.9154	76.4747	-0.893213	-180.191	9.9873	118.059	-19.3635	3.86465	26.8007	1422.87	1700.3	129.401	-89.5691	-0.000298575	431.821
37.8787	-21.4499	269.922	3.3777	-145.434	5.09851	52.14	-3.8054	9.69046	26.8254	1423.2	1698.63	130.458	-88.9587	-0.000145967	430.751
37.8793	-18.3973	402.402	8.2641	-94.1577	-4.66598	-2.18677	12.374	10.9018	26.8619	1423.36	1696.63	131.386	-88.1958	-0.000145967	428.914
37.8800	0.228537	264.71	11.927	-65.134	-20.8396	-43.0767	17.8621	6.92176	26.8924	1423.2	1695.11	131.679	-87.5854	6.59448e-006	427.101
37.8807	17.3199	-21.8499	18.6374	-49.8774	-35.1784	-88.551	20.6061	-7.44089	26.9171	1423.47	1693.75	131.679	-87.4329	0.000159203	426.636
37.8813	13.9571	-136.562	21.3846	-35.8395	-35.7944	-121.194	23.6608	-26.9372	26.9467	1423.36	1691.59	131.077	-87.8906	-0.000145967	425.566
37.8820	-0.0816205	-96.5665	17.1137	-20.8989	-28.1663	-125.463	27.9321	-30.9172	26.9842	1422.71	1690.24	130.312	-88.0432	-0.000298575	423.288
37.8827	-6.79082	-53.2434	16.5057	2.57286	-21.7571	-116.926	36.7855	-16.2661	27.0078	1422.44	1688.96	129.694	-87.738	-0.000298575	421.916
37.8833	-4.35853	55.3782	15.2822	29.7459	-14.7319	-115.398	31.8928	-0.692176	27.0384	1420.77	1686.56	128.181	-88.8062	6.59448e-006	421.288
37.8840	-0.99577	236.079	7.34837	48.3879	-10.7606	-123.934	1.37201	5.71045	27.063	1418.93	1684.08	126.196	-90.332	0.000159203	420.079
37.8847	1.43652	208.893	1.85398	72.1756	-8.62421	-110.814	-21.5121	5.71045	27.0877	1418.29	1682.88	125.431	-90.332	0.000311811	418.544
37.8853	-0.685612	-110.003	1.85398	106.661	-5.88491	-65.3396	-19.0788	0.230725	27.1301	1419.04	1683.04	126.342	-89.8743	0.000464373	417.173
37.8860	-4.35853	-294.346	7.34837	124.355	-7.71984	-33.3021	-14.1861	-10.7864	27.1607	1420.44	1683.84	128.018	-88.6536	6.59448e-006	415.196
37.8867	-3.73822	-353.554	21.9926	124.987	-12.897	-26.5837	-16.3347	-17.7658	27.1853	1421.04	1684.4	129.694	-87.4329	6.59448e-006	413.057
37.8873	-1.59976	-428.019	39.3915	125.89	-17.1698	-12.2512	-22.4182	-9.22901	27.2159	1421.79	1684.88	131.077	-86.2122	6.59448e-006	411.685
37.8880	-3.44438	-247.067	52.5119	131.397	-20.5251	31.695	-22.4182	2.94175	27.2524	1421.96	1683.92	131.842	-85.2966	0.000159203	410.314
37.8887	-7.10098	20.2802	50.6805	160.691	-21.1411	97.9304	-6.54942	4.49914	27.277	1421.04	1681.37	131.386	-86.2122	0.000311811	409.244
37.8893	-10.1536	148.491	27.1867	179.288	-20.8396	137.292	12.6588	4.78755	27.3076	1420.61	1679.37	131.532	-87.1277	-0.000451137	407.872
37.8900	-11.9819	200.981	7.64861	122.234	-22.0586	134.552	20.6061	-1.32667	27.3441	1419.85	1677.37	131.842	-86.9751	-0.000603745	406.035
37.8907	-8.32529	182.648	5.82465	76.1477	-22.0586	104.333	13.5907	-17.4774	27.3806	1418.77	1674.81	131.386	-87.2803	6.59448e-006	404.361
37.8913	2.05684	181.455	3.07746	168.906	-19.3062	42.0755	-2.27806	-20.823	27.3993	1418.61	1673.78	131.223	-86.9751	0.000159203	403.594
37.8920	8.45588	225.092	-8.21906	376.721	-15.0334	-29.3501	-17.2408	-11.3632	27.423	1418.77	1673.78	130.768	-87.1277	-0.000298575	402.827
37.8927	9.0762	89.5972	-27.1342	552.533	-10.4591	-61.9936	-23.6349	-12.9206	27.4595	1418.77	1673.14	130.621	-87.4329	-0.000145967	401.153
37.8933	12.1288	-106.675	-51.5512	571.13	-5.58345	-45.2108	-24.5668	-25.4375	27.4969	1419.04	1672.98	131.532	-86.0596	0.000311811	398.874
37.8940	18.234	-130.158	-57.3533	539.714	0.524268	-22.6317	-26.0941	-29.9943	27.5206	1419.69	1673.46	131.842	-84.8389	0.000464373	397.642
37.8947	22.8048	-148.491	-33.852	659.33	2.96211	-36.3583	-22.4182	-18.1119	27.5453	1420.44	1674.49	131.679	-84.5337	0.000159203	396.735
37.8953	23.4251	-220.508	-1.80894	866.874	-0.996109	-22.3156	-11.4421	-4.67219	27.5817	1419.96	1674.17	131.223	-84.9915	-0.000145967	395.503
37.8960	20.9765	-299.808	23.5238	914.449	-7.71984	32.0111	-3.8054	-8.9406	27.6182	1417.53	1672.1	129.092	-86.3647	-0.000298575	394.596
37.8967	2.97098	-100.836	5.20916	690.746	-12.897	41.7594	0.465967	-19.3232	27.6429	1415.53	1670.66	126.96	-88.0432	-0.000298575	393.666
37.8973	-27.5551	243.991	-35.9912	329.417	-11.9926	45.1318	9.91474	-7.0948	27.6735	1414.78	1670.66	126.033	-88.8062	-0.000298575	392.619
37.8980	-36.0926	204.309	-7.91132	-24.2391	-5.26889	37.2014	26.0941	21.2844	27.704	1414.67	1670.82	126.033	-88.9587	-0.000145967	391.085
37.8987	-16.2588	32.7749	52.8197	-379.475	-0.694655	-35.7524	45.0176	26.4757	27.7346	1414.67	1670.98	126.196	-88.6536	0.000464373	389.713
37.8993	1.74668	49.2878	64.1087	-805.531	0.222814	-107.152	52.3436	-3.11479	27.7652	1414.78	1672.1	126.342	-88.501	0.000159203	388.341
37.9000	0.832529	52.3644	48.241	-1080.15	-0.0786402	-110.524	42.5842	-24.2261	27.7957	1414.51	1673.86	127.709	-88.3484	-0.000756307	386.342
37.9007	-5.58284	-83.1929	36.6443	-798.806	-3.1325	-58.0153	30.3655	-11.0748	27.8263	1413.86	1673.86	128.783	-88.0432	-0.000451137	384.528
37.9013	-9.84343	79.8024	31.4576	-285.813	-6.48781	20.1025	16.0241	3.57624	27.8569	1413.86	1673.46	128.327	-87.738	0.000311811	383.9
37.9020	-21.7437	382.248	30.2341	-125.574	-7.10383	98.8262	-3.49475	-0.692176	27.8874	1414.18	1673.78	128.473	-87.738	-0.000145967	382.691
37.9027	-27.5551	48.66	38.168	-206.777	-7.71984	111.657	-15.0921	-7.44089	27.9111	1413.59	1673.46	128.636	-87.8906	6.59448e-006	381.459
37.9033	-0.685612	-424.378	53.4277	-173.194	-8.93877	53.3519	-13.2801	-3.46088	27.9417	1412.02	1672.34	127.871	-89.2639	0.000311811	380.087
37.9040	27.3918	-423.75	42.1386	-73.7102	-10.4591	10.0381	-6.23878	6.92176	27.9791	1410.35	1670.82	126.96	-90.7898	-0.000145967	378.576
37.9047	15.1814	-323.353	-7.30333	-83.776	-13.513	-10.4069	-7.17071	15.4586	28.0028	1409.76	1669.94	126.488	-90.7898	6.59448e-006	377.971
37.9053	-3.44438	-250.081	-53.3826	-56.287	-15.0334	-54.6692	-9.29345	18.2273	28.0393	1410.35	1670.82	126.798	-89.5691	0.000159203	377.343
37.9060	-6.18683	-158.537	-62.8402	47.1691	-13.2116	-111.13	3.83128	19.1502	28.0699	1411.92	1672.98	128.181	-88.0432	0.000311811	375.204
37.9067	-17.4831	-33.7167	-44.2253	88.6509	-18.7033	-126.385	16.6454	23.707	28.0945	1413.1	1674.97	129.694	-86.5173	6.59448e-006	373.088
37.9073	-34.5744	51.1087	-13.7135	82.2413	-8.62421	-88.8408	12.0634	28.2638	28.1192	1413.59	1676.33	130.312	-85.4492	-0.000145967	372.019
37.9080	-37.0067	-198.533	5.82465	8.07969	31.9541	-49.4789	3.52064	27.0525	28.1557	1413.59	1677.53	130.003	-85.2966	0.000159203	370.787
37.9087	-16.2588	-563.2	-10.9663	-93.8418	48.7438	-10.1171	-0.155322	17.016	28.1862	1412.83	1678.17	129.401	-86.3647	6.59448e-006	369.415
37.9093	16.4057	-557.11	-48.5037	-159.743	29.2148	63.4427	-0.155322	-0.692176	28.2168	1411.92	1678.33	128.929	-86.6699	0.000159203	368.206
37.9100	28.91	-214.418	-63.4557	-316.011	15.1776	137.292	5.95402	-4.67219	28.2474	1411.59	1678.89	128.327	-86.6699	0.000311811	366.973
37.9107	15.1814	141.459	-58.877	-411.838	10.5902	180.922	9.31934	12.1131	28.2779	1411	1679.69	128.473	-87.1277	6.59448e-006	365.439
37.9113	2.97098	327.623	-58.269	-317.545	3.87958	211.432	5.95402	23.4186	28.3144	1410.24	1679.53	128.327	-87.4329	0.000311811	363.927
37.9120	-0.0816205	196.084	-55.8221	-260.762	-4.66598	215.41	0.465967	21.5728	28.345	1410.24	1678.89	128.181	-87.8906	6.59448e-006	362.858
37.9127	-2.22008	9.92036	-48.804	-252.818	-10.7606	203.211	-6.54942	18.8041	28.3815	1410.51	1679.21	129.547	-87.2803	-0.000451137	361.323
37.9133	-2.53023	250.081	-41.1779	-134.421	-10.7606	234.933	-10.536	13.036	28.4121	1411	1680.01	131.223	-85.6018	0.000159203	359.486
37.9140	-1.59976	633.71	-37.2072	37.3742	-7.40528	251.11	-10.8208	12.4015	28.4367	1411.43	1680.33	131.842	-84.9915	0.000464373	358.277
37.9147	-4.04838	722.491	-32.6286	46.2212	-7.40528	139.716	-12.3481	23.1302	28.4673	1411.92	1680.49	131.988	-84.8389	6.59448e-006	357.51
37.9153	-0.0816205	536.013	-28.9656	-111.22	-10.1577	-26.8999	-14.1861	24.9183	28.4978	1411.27	1679.69	131.679	-85.4492	-0.000451137	356.603
37.9160	14.2673	353.868	-28.3576	-229.933	-7.71984	-112.342	-13.2801	17.3044	28.5284	1409.59	1677.85	130.312	-87.5854	-0.000756307	355.673
37.9167	20.0623	271.742	-31.1048	-200.954	-1.91358	-168.197	-10.8208	15.8047	28.558	1407.76	1676.49	129.238	-88.9587	-0.000756307	354.301
37.9173	13.9571	40.7488	-28.3576	-90.1856	2.05775	-255.483	-9.00869	12.7476	28.5827	1405.65	1675.69	128.636	-89.1113	-0.000145967	352.79
37.9180	2.05684	-211.655	2.16173	-17.5587	5.71452	-298.797	-8.69805	5.42204	28.6191	1404.9	1675.45	128.473	-89.2639	0.000311811	352.162
37.9187	-8.01513	-161.928	24.4395	-6.27417	9.06983	-252.717	-13.2801	1.15363	28.6497	1406.09	1676.65	129.547	-88.3484	-0.000145967	351.418
37.9193	-10.1536	29.1332	3.68544	49.6066	10.9048	-57.7254	-21.5121	4.49914	28.6803	1406.57	1678.01	129.694	-87.738	-0.000451137	349.581
37.9200	-20.2256	44.3905	-13.098	147.872	12.1237	144.011	-27.9062	11.8247	28.7108	1406.09	1678.33	129.092	-88.0432	-0.000451137	347.907
37.9207	-44.9402	-29.1332	-6.99559	164.031	12.4251	95.77	-29.7442	14.2473	28.7414	1405.82	1678.33	128.783	-87.5854	-0.000298575	346.536
37.9213	-68.7408	24.8637	-3.03242	207.996	10.2888	-29.3501	-23.0395	14.5357	28.772	1405.65	1678.65	128.327	-87.1277	6.59448e-006	345.303
37.9220	-83.0896	25.8055	-1.80894	304.726	7.2349	-45.8168	-9.91474	-0.980582	28.8026	1405.17	1679.53	127.871	-87.5854	-0.000145967	343.931
37.9227	-91.9373	-226.285	0.630503	264.734	5.41307	-67.1839	1.9933	-39.7424	28.8331	1403.98	1679.85	127.416	-88.501	-0.000145967	342.257
37.9233	-101.699	-434.424	-10.0505	128.643	2.05775	-114.476	13.2801	-65.4106	28.8637	1402.58	1679.05	126.196	-89.7217	0.000464373	341.351
37.9240	-108.114	-438.693	-43.9251	28.8431	-2.52959	-118.138	22.7288	-54.3935	28.9002	1401.66	1678.65	124.975	-91.095	6.59448e-006	340.583
37.9247	-112.995	-323.353	-64.9794	21.2148	-4.66598	-37.2805	30.3655	-31.2056	28.9308	1401.23	1679.05	124.975	-91.8579	-0.000603745	339.211
37.9253	-102.319	-73.0842	-27.1342	91.4043	-2.21503	86.6277	40.7462	-30.6288	28.9554	1401.66	1679.69	127.253	-90.332	-0.000298575	337.514
37.9260	-50.7353	140.831	42.1386	155.5	1.74319	142.772	46.5449	-41.5882	28.986	1402.9	1680.57	129.401	-88.501	6.59448e-006	336.003
37.9267	53.0207	157.03	79.0606	81.0226	4.19414	160.793	43.1796	-33.6859	29.0106	1404.25	1681.37	130.458	-87.4329	-0.000145967	334.631
37.9273	149.153	9.92036	66.5481	-79.4879	6.63199	209.008	33.1095	-14.7664	29.0471	1404.74	1681.69	132.297	-85.7544	0.000159203	333.259
37.9280	126.561	61.4685	40.9152	-141.733	6.63199	221.206	10.8467	0.519132	29.0836	1404.58	1681.05	133.062	-84.8389	0.000922151	332.329
37.9287	46.9154	343.759	31.7579	-157.035	5.09851	162.611	-11.4421	13.3244	29.1083	1403.98	1679.37	132.753	-85.907	0.000464373	330.516
37.9293	27.0817	463.683	35.7285	-140.244	5.09851	68.0006	-18.1468	23.4186	29.1319	1402.15	1676.97	131.842	-86.6699	0.000159203	328.679
37.9300	46.6053	606.523	36.6443	-23.3363	4.19414	-38.4924	-16.0241	38.3581	29.1753	1401.66	1674.81	130.914	-87.2803	0.000311811	328.376
37.9307	56.9874	828.099	18.6374	128.643	3.87958	-110.524	-14.8074	63.3918	29.2059	1402.31	1674.33	130.914	-87.1277	0.000311811	327.609
37.9313	50.2782	590.952	-0.585468	191.204	8.76838	-128.229	-16.6195	77.1199	29.2365	1401.98	1673.86	130.914	-86.8225	0.000311811	326.377
37.9320	43.8628	-32.5237	4.90892	148.143	14.863	-106.546	-13.2801	64.3147	29.266	1401.39	1672.98	130.458	-86.9751	6.59448e-006	325.168
37.9327	42.0345	-620.273	13.7585	159.472	18.2314	-61.0715	0.155322	31.667	29.2966	1401.5	1673.62	130.768	-86.6699	-0.000145967	323.633
37.9333	38.0678	-1405.49	15.5899	262.612	17.9169	-18.0474	16.6454	-0.115363	29.3213	1402.42	1674.33	131.842	-85.6018	-0.000145967	321.959
37.9340	32.2727	-2057.34	18.6374	277.869	13.3426	3.60949	28.5275	-8.30611	29.3518	1403.33	1674.65	132.899	-84.3811	-0.000145967	320.75
37.9347	24.0291	-1895.92	17.7217	207.048	8.15237	19.4965	30.6761	-7.0948	29.3824	1403.33	1674.65	133.208	-83.6182	-0.000298575	319.518
37.9353	15.4752	-926.674	16.5057	177.753	3.27667	73.7969	23.9714	-16.2661	29.407	1402.31	1673.14	132.134	-84.6863	-0.000298575	318.448
37.9360	12.4226	427.706	17.4214	63.9153	-4.04997	144.011	14.1861	-29.9943	29.4435	1399.83	1669.94	130.458	-86.6699	-0.000451137	317.379
37.9367	16.6995	1161.37	17.7217	-199.419	-15.6494	159.555	0.776611	-43.1456	29.4741	1397.99	1667.3	128.636	-87.8906	-0.000298575	316.472
37.9373	21.5805	1030.4	15.5899	-363.902	-25.1124	140.638	-13.8755	-52.2593	29.4988	1396.96	1665.07	127.416	-88.9587	-0.000145967	315.704
37.9380	25.8574	647.711	14.0587	-286.4	-26.0299	94.8742	-19.3635	-49.5482	29.5224	1396.05	1663.07	127.562	-89.1113	-0.000298575	313.426
37.9387	27.6857	433.168	7.95635	-134.421	-21.7571	-29.034	-16.0241	-30.6288	29.5599	1396.05	1662.11	128.473	-88.1958	0.000311811	311.729
37.9393	19.7522	474.105	-7.91132	-38.5929	-18.0872	-165.141	-15.4028	-4.96059	29.5905	1397.07	1661.71	129.092	-88.0432	0.000616981	311.729
37.9400	14.5611	291.583	-15.8452	58.4536	-16.2654	-188.036	-17.2408	13.036	29.6201	1397.07	1660.43	129.694	-88.0432	-0.000451137	309.752
37.9407	27.9958	42.8836	-12.49	118.261	-13.513	-77.8542	-15.4028	18.2273	29.6447	1396.15	1658.51	130.149	-87.8906	-0.000298575	307.915
37.9413	38.0678	146.922	-12.49	110.633	-7.71984	-21.1036	-16.0241	18.2273	29.6753	1396.15	1656.68	130.768	-88.1958	6.59448e-006	307.474
37.9420	22.2008	193.007	-14.3214	12.3678	0.825722	-142.878	-16.0241	22.7841	29.6999	1396.32	1654.84	131.386	-88.0432	-0.000145967	305.939
37.9427	4.48913	102.72	-11.882	-193.642	8.15237	-208.481	-1.37201	12.7476	29.7246	1395.24	1652.2	130.914	-88.501	6.59448e-006	304.869
37.9433	2.66083	150.877	-3.94815	-209.801	11.2062	-87.6288	19.0788	-16.2661	29.7482	1394.37	1649.8	130.312	-89.4165	0.000159203	304.707
37.9440	0.228537	216.49	3.3777	118.261	10.2888	-14.3853	38.0022	-39.1656	29.7788	1393.89	1647.33	129.547	-89.8743	0.000159203	304.102
37.9447	-4.35853	150.877	6.74038	434.091	6.93344	-92.503	58.1423	-51.9709	29.8094	1392.65	1645.09	128.783	-90.1794	-0.000298575	301.824
37.9453	-2.22008	122.498	5.20916	409.717	3.57813	-154.154	73.105	-58.6619	29.834	1392.54	1644.29	128.929	-89.2639	-0.000451137	299.522
37.9460	0.228537	214.355	0.938249	117.945	3.57813	-99.2214	70.6457	-40.6653	29.8587	1394.48	1644.77	130.458	-87.738	6.59448e-006	298.615
37.9467	2.36699	236.331	-1.80894	-209.801	6.31743	-10.1171	49.9102	-5.88349	29.8833	1395.56	1644.45	131.386	-86.6699	0.000464373	297.383
37.9473	0.832529	140.204	-3.64041	-430.751	6.01597	47.8718	20.9167	14.8818	29.907	1396.05	1644.29	131.223	-85.907	0.000159203	296.173
37.9480	-13.2062	-81.3093	-9.13479	-460.362	3.87958	80.8314	-15.4028	21.2844	29.9376	1396.32	1643.49	130.914	-85.6018	0.000159203	295.104
37.9487	-4.04838	-300.122	-12.49	-371.846	5.41307	73.1909	-44.0856	20.6499	29.9622	1395.56	1641.57	130.458	-86.0596	6.59448e-006	294.034
37.9493	17.9239	-463.996	-0.893213	-257.422	7.85091	16.7301	-43.8009	13.9589	29.9869	1394.48	1639.42	129.547	-86.9751	-0.000298575	292.825
37.9500	-18.3973	-900.429	16.1979	-118.577	6.63199	-17.7313	-31.5822	15.1702	30.0115	1393.73	1638.22	129.092	-86.8225	0.000159203	291.454
37.9507	-85.8321	-953.798	26.879	-106.029	3.87958	20.3923	-24.2562	17.5928	30.0421	1393.56	1636.62	129.694	-86.9751	0.000159203	290.384
37.9513	-130.397	-67.3077	29.9264	-195.447	2.66066	62.5205	-23.9455	3.28783	30.0658	1393.46	1634.7	130.312	-87.1277	0.000159203	289.617
37.9520	-154.508	463.117	25.0475	-152.431	2.96211	68.3168	-28.2169	-14.7664	30.0845	1392.81	1632.22	130.621	-86.6699	0.000616981	287.943
37.9527	-162.131	147.864	15.2822	-41.3463	3.87958	54.5902	-30.9609	-16.5545	30.1151	1392.65	1630.07	131.386	-86.2122	0.000464373	286.408
37.9533	-160.907	-22.7289	7.64861	5.32628	6.01597	43.6036	-34.0156	-7.7293	30.1397	1393.73	1629.03	132.899	-85.144	6.59448e-006	285.338
37.9540	-155.422	107.868	4.90892	15.1212	8.15237	29.5609	-33.7049	-4.38378	30.1703	1394.37	1626.87	133.973	-84.5337	-0.000145967	283.967
37.9547	-154.197	181.141	1.24599	1.35414	6.93344	-25.0556	-28.2169	-9.22901	30.194	1394.37	1623.52	134.282	-84.5337	0.000311811	282.734
37.9553	-159.078	192.694	-1.80894	30.3778	2.05775	-63.5217	-23.6349	-8.0177	30.2127	1393.73	1619.76	133.973	-85.2966	0.000159203	282.13
37.9560	-127.948	248.26	-0.585468	122.234	-0.996109	-33.3021	-9.00869	-4.03769	30.2374	1391.73	1614.65	132.297	-86.9751	-0.000298575	281.223
37.9567	-69.6549	304.706	3.07746	172.562	1.44174	6.66569	21.5121	-14.4203	30.2679	1389.62	1610.09	130.458	-88.3484	-0.000298575	280.293
37.9573	19.442	224.464	13.4507	156.087	5.41307	10.3279	41.6523	-22.9572	30.2975	1388.71	1606.73	129.238	-88.9587	-0.000298575	279.688
37.9580	170.505	120.677	27.7947	95.6924	6.63199	6.66569	41.6523	-20.2461	30.3162	1388.54	1604.34	128.783	-89.1113	-0.000298575	278.479
37.9587	225.436	-57.199	31.7579	12.6838	6.31743	30.7728	41.3675	-14.4203	30.3409	1388.71	1602.34	128.929	-88.6536	-0.000451137	276.805
37.9593	136.633	-323.353	25.9632	-19.9961	4.19414	54.88	48.6676	-7.7293	30.3656	1388.54	1600.5	128.929	-88.1958	6.59448e-006	274.806
37.9600	78.0455	-260.19	14.3665	39.8117	0.524268	49.3999	52.6542	-4.67219	30.3961	1388.71	1598.98	128.636	-87.8906	6.59448e-006	274.038
37.9607	72.8544	3.83001	-16.4531	253.134	-1.91358	19.4965	44.1115	-2.53798	30.4139	1389.3	1597.15	128.783	-87.5854	-0.000756307	272.969
37.9613	66.7492	-34.9724	-43.3096	508.253	-5.58345	-22.0258	38.5976	7.84466	30.4385	1388.11	1593.95	128.783	-87.738	-0.000145967	271.295
37.9620	62.7825	-186.289	-26.8339	397.801	-11.3766	-30.2459	40.7462	19.727	30.4632	1387.46	1591.47	128.783	-87.8906	0.000616981	270.527
37.9627	58.8157	100.585	10.3958	-8.71162	-15.9509	1.47541	16.3347	12.1131	30.4938	1387.3	1589.08	128.473	-88.3484	6.59448e-006	269.923
37.9633	53.3308	383.441	23.5238	-214.676	-15.0334	23.1587	-26.6895	-9.22901	30.5174	1385.52	1584.92	127.709	-89.5691	6.59448e-006	268.551
37.9640	50.8822	73.712	4.60117	-138.077	-10.4591	24.9766	-49.5737	-6.1719	30.548	1383.79	1580.85	127.562	-90.4846	0.000311811	267.482
37.9647	50.2782	-101.464	-21.3395	26.9925	-7.10383	-9.51113	-52.6284	5.71045	30.5667	1383.96	1578.37	128.181	-90.0269	6.59448e-006	267.342
37.9653	50.572	13.562	-35.9912	79.8039	-6.18636	-78.1704	-47.1403	-2.82638	30.5845	1384.71	1576.21	129.092	-89.4165	-0.000145967	265.97
37.9660	49.6579	-117.349	-35.6835	-26.0897	-4.96744	-48.267	-34.0156	-11.0748	30.615	1385.36	1573.65	129.856	-88.6536	-0.000298575	263.064
37.9667	45.3973	-170.153	-16.7609	-144.216	-1.31067	69.8449	-9.91474	-11.9977	30.6397	1386.12	1571.34	131.532	-86.6699	-0.000145967	261.39
37.9673	41.7244	-20.5942	3.07746	-190.572	2.35921	73.7969	19.9848	-11.0748	30.6644	1387.3	1569.1	133.062	-85.6018	0.000311811	261.39
37.9680	37.7576	44.3905	9.17983	-163.128	4.19414	9.11593	39.2189	0.807538	30.689	1387.46	1565.42	132.753	-86.0596	0.000616981	260.622
37.9687	29.514	73.712	8.87208	-117.945	3.27667	13.0679	42.2735	20.3615	30.7127	1386.44	1560.79	131.988	-86.3647	0.000159203	259.251
37.9693	22.2008	61.7825	11.3115	-108.512	1.14028	15.5182	35.2582	27.0525	30.7373	1385.36	1556.39	130.914	-86.8225	-0.000145967	258.018
37.9700	16.6995	79.1745	18.6374	-125.574	-0.0786402	-19.5755	19.7	18.5157	30.7561	1384.6	1552.4	130.003	-87.2803	6.59448e-006	256.949
37.9707	10.3005	96.5665	26.5712	-88.3349	-0.0786402	-38.2026	2.30395	9.69046	30.7866	1384.28	1548.48	129.401	-87.2803	-0.000145967	255.74
37.9713	8.45588	-410.314	27.1867	35.8395	2.05775	-47.9508	-5.33273	5.71045	30.8172	1383.96	1544.97	128.783	-87.2803	0.000159203	254.972
37.9720	11.5085	-1032.53	14.3665	131.081	6.31743	-54.0633	-2.27806	-4.38378	30.8349	1383.96	1542.49	128.929	-87.1277	0.000464373	254.205
37.9727	13.6469	-876.319	-7.91132	162.813	10.2888	-43.3665	1.68266	-22.3803	30.8596	1384.6	1540.41	129.547	-86.5173	6.59448e-006	253.136
37.9733	16.4057	-115.528	-21.9475	176.534	12.7266	-27.5059	2.5887	-43.1456	30.8902	1385.63	1538.74	130.458	-85.2966	-0.000451137	251.927
37.9740	17.3199	641.621	-24.6947	119.48	9.06983	-19.5755	5.64338	-54.3935	30.9079	1385.63	1535.78	130.768	-84.6863	6.59448e-006	250.09
37.9747	8.16205	937.976	-21.0318	6.27417	3.27667	-38.2026	8.3874	-48.6253	30.9326	1384.44	1531.38	130.312	-84.9915	0.000159203	248.113
37.9753	-8.01513	581.22	-3.64041	-16.6108	4.4956	-65.6558	-1.96742	-42.2227	30.9631	1383.2	1527.23	129.856	-85.6018	-0.000298575	247.346
37.9760	-26.0206	-45.0183	3.68544	125.574	8.45382	-59.5434	-23.3501	-36.6853	30.9878	1382.12	1522.35	128.636	-86.9751	-0.000145967	247.509
37.9767	-37.6107	-204.623	-19.8158	287.619	10.2888	-37.8864	-42.8689	-18.4003	31.0124	1380.45	1517	127.562	-88.3484	0.000159203	246.881
37.9773	-44.0261	75.8468	-32.9363	251.328	13.9586	-36.3583	-53.5603	-1.90348	31.0361	1379.69	1512.29	127.416	-89.1113	-0.000298575	245.974
37.9780	-63.566	219.566	-18.2846	73.3943	15.7805	-58.9374	-49.8843	5.71045	31.0608	1379.69	1509.09	127.871	-88.9587	-0.000298575	245.067
37.9787	-80.037	180.827	-4.55614	-103.005	13.6441	-80.6206	-35.5429	22.4957	31.0854	1379.53	1505.1	128.181	-88.501	0.000159203	243.533
37.9793	-60.2033	110.317	-0.285228	-226.908	12.1237	-65.0498	-23.3501	31.3209	31.1101	1379.53	1500.7	128.473	-88.501	-0.000145967	241.998
37.9800	-25.1065	9.92036	3.99319	-192.739	13.0412	-18.3636	-16.6195	23.1302	31.1337	1379.37	1497.34	129.092	-87.738	-0.000298575	240.789
37.9807	-10.7576	-96.0014	11.6193	-18.7774	9.9873	25.5826	-5.02209	24.9183	31.1584	1378.77	1493.19	128.929	-87.1277	-0.000298575	239.417
37.9813	2.66083	-128.965	6.74038	143.584	1.44174	50.0059	9.00869	30.7441	31.1771	1378.94	1489.27	127.416	-88.1958	-0.000298575	238.487
37.9820	28.306	-44.0765	-18.9001	203.392	-0.0786402	57.3302	12.374	29.1867	31.2077	1378.77	1485.6	124.666	-88.501	0.000311811	237.743
37.9827	44.173	-6.84379	-39.3464	211.652	6.93344	54.88	5.64338	31.3209	31.2314	1377.42	1482.08	121.005	-88.3484	0.000311811	236.511
37.9833	49.6579	-125.26	-43.9251	308.969	5.41307	44.5258	-3.49475	26.7641	31.256	1375.86	1478.89	115.668	-89.8743	-0.000145967	235.604
37.9840	49.6579	-238.214	-31.4126	484.781	-4.35142	34.7512	-11.7527	9.05597	31.2807	1375.27	1476.73	109.258	-90.9424	0.000159203	235.604
37.9847	43.5527	-263.203	-5.16412	551.315	-8.32275	40.2313	-11.1314	4.21074	31.3053	1375.27	1477.05	104.067	-90.4846	0.000464373	235.139
37.9853	33.7909	-308.975	7.34837	392.294	-4.96744	57.3302	0.776611	25.2644	31.33	1375.59	1479.05	98.7306	-89.2639	0.000616981	233.302
37.9860	21.8906	-351.733	4.60117	69.7381	2.35921	77.4591	12.9694	43.8378	31.3477	1377.42	1483.04	93.2311	-87.5854	0.000616981	231.628
37.9867	16.6995	-139.011	0.938249	-155.184	9.37129	130.258	16.3347	39.5694	31.3783	1378.94	1487.92	87.5852	-86.3647	0.000311811	230.721
37.9873	15.7854	154.582	-2.72468	-119.796	11.5077	196.493	15.118	32.5899	31.403	1378.77	1491.99	80.719	-85.6018	0.000159203	229.35
37.9880	13.043	94.7457	-2.41693	-59.0404	10.9048	231.903	15.118	36.2239	31.4276	1378.94	1497.03	73.5436	-84.9915	0.000159203	229.024
37.9887	9.0762	-154.582	2.16173	-143.584	7.2349	302.986	19.9848	32.5899	31.4454	1378.5	1501.34	65.3106	-85.7544	-0.000145967	228.42
37.9893	6.02359	-313.559	6.43264	-321.517	0.825722	394.541	23.3501	27.3986	31.4759	1377.42	1504.7	55.8411	-87.1277	-0.000451137	226.908
37.9900	5.4196	-196.963	6.12489	-526.895	-4.04997	355.179	17.5514	51.7978	31.5006	1376.78	1508.93	47.4616	-87.4329	-0.000451137	225.839
37.9907	6.33375	185.41	5.20916	-592.48	-4.04997	191.619	10.536	78.9657	31.5183	1376.35	1512.93	39.9771	-87.4329	6.59448e-006	225.071
37.9913	6.33375	244.304	6.12489	-488.122	-1.61212	55.1962	10.8467	63.6802	31.5371	1376.51	1516.84	31.7441	-87.2803	0.000311811	224.304
37.9920	7.85189	-9.60642	3.3777	-378.572	-2.83105	-33.0123	9.00869	30.1096	31.5558	1376.35	1521.16	22.7302	-86.9751	6.59448e-006	223.095
37.9927	10.5943	-57.513	-0.893213	-320.886	-8.93877	-93.1089	1.37201	13.036	31.5795	1376.67	1525.39	14.0416	-87.738	0.000159203	221.863
37.9933	9.99035	37.1072	-0.585468	-265.366	-10.7606	-59.8595	-9.91474	1.15363	31.5982	1378.34	1530.19	5.4995	-75.6836	0.000159203	220.956
37.9940	7.2479	197.277	-0.585468	-197.885	-4.66598	30.483	-26.6895	-23.3032	31.616	1378.94	1534.42	-3.97005	-86.8225	-0.000145967	219.421
37.9947	6.33375	341.624	-4.55614	-157.306	1.74319	60.0703	-42.8689	-45.5682	31.6406	1378.18	1537.78	-15.4084	-129.547	6.59448e-006	218.05
37.9953	12.1288	300.436	-5.77211	-109.414	11.5077	0.869438	-34.0156	-46.145	31.6534	1376.67	1540.81	-28.3761	52.4902	-0.000298575	217.282
37.9960	19.7522	176.557	-2.41693	-4.42352	22.5042	-116.61	-1.96742	-38.5311	31.6653	1374.51	1543.45	-40.8883	-255.89	-0.000451137	216.515
37.9967	23.4251	48.346	3.99319	89.2828	27.6813	-247.553	22.4441	-38.8195	31.683	1373.59	1547.13	-51.269	-141.296	0.000464373	216.98
37.9973	21.2866	-117.977	5.51691	117.359	30.7352	-318.03	32.5141	-44.9337	31.7017	1374.08	1551.68	-60.1202	2825.47	0.000311811	216.375
37.9980	2.97098	-243.677	-2.11669	119.48	31.0367	-322.93	35.5688	-48.6253	31.7205	1373.75	1555.6	-68.6624	4999.85	-0.000451137	214.376
37.9987	-31.2117	-252.844	-6.68784	105.758	24.326	-261.279	35.8536	-46.4911	31.7323	1373.43	1558.55	-75.6913	4999.85	0.000311811	213.469
37.9993	-51.0454	24.5497	-2.72468	38.9089	13.6441	-116.926	44.7069	-37.9543	31.7511	1374.19	1560.07	-80.719	4857.64	0.000616981	213.004
38.0000	-33.644	427.392	1.24599	-81.6545	1.14028	2.39754	61.7924	-18.6887	31.7629	1375.27	1559.91	-83.9243	4999.85	6.59448e-006	212.26
38.0007	-21.1397	108.496	2.76971	-180.507	-11.3766	-39.7043	67.9017	1.44203	31.7747	1375.1	1557.03	-86.2185	4908.91	-0.000145967	211.33
38.0013	-58.375	-359.644	0.938249	-189.986	-19.9222	-127.307	26.4048	13.3244	31.7935	1375.1	1552.4	-87.4388	4909.52	-0.000145967	210.423
38.0020	-98.3527	200.981	-6.3876	-156.403	-24.195	-49.1891	-65.1577	22.2073	31.8053	1375	1546.33	-87.7316	4999.85	0.000159203	209.191
38.0027	-100.491	594.342	-12.1822	-124.671	-27.5503	52.7459	-123.429	24.3415	31.8181	1374.08	1538.1	-88.3499	3524.02	-0.000298575	208.284
38.0033	-76.6743	11.4272	-7.91132	-8.98245	-26.9343	11.5662	-105.438	16.0931	31.8181	1372.68	1528.59	-88.3499	232.239	-0.000298575	207.982
38.0040	-38.835	-428.647	0.630503	196.079	-16.8683	-78.4602	-72.4837	6.92176	31.824	1372.35	1519.48	-87.5852	-359.192	0.000311811	207.982
38.0047	14.8712	-321.219	7.95635	312.67	-1.31067	-52.219	-43.1796	-1.32667	31.8359	1372.35	1509.89	-87.1296	22.8882	0.000464373	206.749
38.0053	64.3169	-13.562	13.143	355.687	10.5902	125.99	-4.11604	-0.692176	31.8418	1372.68	1501.5	-85.9093	-100.708	0.000159203	204.471
38.0060	64.0068	198.219	13.7585	333.118	11.2062	164.745	14.4967	5.99886	31.8546	1374.67	1494.79	-84.2334	16.7847	-0.000145967	203.239
38.0067	36.5333	4.39509	12.8428	190.256	5.09851	-15.3074	13.5907	-2.82638	31.8605	1376.18	1487.6	-83.6151	-444.794	6.59448e-006	202.936
38.0073	20.9765	-432.603	12.2273	189.354	0.524268	-119.666	19.0788	-8.9406	31.8664	1377.26	1481.04	-83.4687	753.632	0.000616981	202.495
38.0080	-0.99577	-348.343	12.8428	264.734	-8.0213	-98.9315	27.9321	7.55625	31.8723	1377.42	1475.37	-84.3799	4162.29	0.000464373	201.867
38.0087	-26.0206	35.5375	14.3665	117.043	-15.6494	-79.0925	27.6215	13.3244	31.8792	1376.51	1469.14	-85.9093	4999.85	-0.000145967	200.658
38.0093	-36.4027	44.0765	15.2822	-84.092	-11.9926	-14.3853	21.2015	6.63335	31.8852	1376.35	1463.62	-86.5113	4850.46	-0.000145967	200.193
38.0100	-37.0067	113.08	13.7585	-170.125	-0.0786402	136.976	11.7527	1.15363	31.8911	1376.02	1459.07	-87.276	4948.88	-0.000145967	200.053
38.0107	-36.6966	314.814	16.8059	-179.92	15.1776	295.662	-1.68266	-14.4203	31.897	1375.59	1455.55	-87.4388	4999.85	-0.000145967	198.519
38.0113	-41.2836	312.931	23.5238	-135.324	30.1323	424.76	-15.0921	-29.3598	31.897	1375.43	1452.92	-87.4388	4951.48	6.59448e-006	197.612
38.0120	-44.9402	156.717	13.143	-107.88	35.3094	443.993	-16.9301	-28.4946	31.897	1375.75	1450.52	-87.8943	4847.87	6.59448e-006	196.984
38.0127	-34.5744	-39.807	-6.99559	-47.7559	30.4338	292.922	-4.42668	-9.22901	31.9029	1376.67	1448.84	-87.8943	4999.85	-0.000145967	195.775
38.0133	-1.30593	-83.444	-9.13479	139.025	22.8057	125.067	4.11604	23.4186	31.9088	1377.1	1447.88	-87.276	4197.39	-0.000451137	193.938
38.0140	39.5859	82.565	7.95635	315.379	19.1358	19.7863	5.95402	36.5123	31.9088	1377.86	1448.2	-84.9982	791.931	-0.000298575	193.171
38.0147	47.2256	304.706	24.7398	437.793	15.7805	-66.5779	15.118	12.7476	31.9088	1378.94	1447.72	-83.0131	-455.17	6.59448e-006	193.334
38.0153	33.1869	377.664	29.0182	593.428	1.74319	-70.2401	18.7681	-17.7658	31.9157	1377.59	1445.17	-83.7778	34.3323	-0.000298575	192.869
38.0160	37.1536	320.905	21.0768	612.341	-8.32275	-53.7471	0.465967	-43.7224	31.9157	1375.27	1441.97	-85.1446	-72.3267	-0.000603745	192.404
38.0167	42.9487	248.26	17.7217	279.675	3.27667	-126.701	-10.2254	-69.9674	31.9157	1374.08	1439.09	-85.9093	-122.986	-0.000298575	191.962
38.0173	35.0152	59.3338	32.0656	-197.885	16.095	-172.149	15.118	-72.1016	31.9157	1373.59	1436.14	-86.2185	-74.0051	0.000159203	191.334
38.0180	29.2201	-137.19	46.7173	-380.107	17.6154	-152.336	47.451	-47.0679	31.9088	1373.92	1434.14	-86.2185	-88.9587	-0.000145967	190.427
38.0187	26.4614	-151.505	43.9701	-216.211	11.5077	-116.61	51.7223	-19.0348	31.9029	1374.19	1433.1	-86.0557	-88.501	-0.000145967	189.055
38.0193	18.838	-105.419	25.9632	-24.555	-2.21503	2.08138	33.1095	13.036	31.9029	1374.51	1432.78	-85.4537	-87.2803	0.000464373	187.684
38.0200	12.7328	-98.4501	-0.285228	-43.4678	-9.24022	139.426	7.17071	44.1839	31.9088	1374.67	1432.94	-84.9982	-86.8225	0.000159203	186.777
38.0207	13.3531	-74.591	-22.8633	-252.818	-5.88491	140.954	-14.1861	54.8549	31.9029	1374.19	1432.94	-85.7466	-87.5854	-0.000451137	186.312
38.0213	15.4752	-109.438	-28.9656	-371.53	-5.58345	37.2014	-20.8908	51.7978	31.9029	1374.67	1434.3	-86.0557	-88.3484	-0.000298575	185.847
38.0220	15.1814	-206.444	-17.9844	-286.084	-10.4591	-46.7389	-19.0788	48.7407	31.9029	1375.27	1435.82	-84.3799	-88.0432	6.59448e-006	185.079
38.0227	13.6469	-208.579	-5.47187	-209.801	-14.4305	-53.1411	-17.5514	41.4152	31.897	1373.75	1435.26	-83.1596	-88.8062	0.000311811	184.638
38.0233	12.4226	-214.983	-1.5012	-216.527	-14.129	0.869438	-14.1861	19.727	31.8911	1372.68	1434.62	-81.7928	-90.1794	0.000159203	184.335
38.0240	11.8186	-282.73	-0.893213	-185.697	-15.3479	96.0861	-9.60409	-1.61508	31.897	1372.35	1433.26	-79.0431	-90.6372	0.000311811	183.708
38.0247	8.16205	-305.334	0.938249	-84.3628	-22.6615	181.238	-0.155322	-5.249	31.897	1372.84	1431.26	-75.8377	-90.332	6.59448e-006	183.103
38.0253	2.66083	-270.549	-6.3876	93.2098	-24.4964	144.011	17.8621	-9.8635	31.897	1373.59	1430.22	-72.0141	-88.6536	0.000311811	181.731
38.0260	1.74668	-96.8804	-26.8339	312.354	-17.7858	45.7377	32.7989	-24.5146	31.897	1374.51	1428.55	-69.1179	-87.4329	0.000769543	180.662
38.0267	6.93774	140.831	-39.0387	460.046	-16.5669	40.5474	32.5141	-32.763	31.897	1376.18	1426.55	-66.9865	-86.8225	0.000159203	180.197
38.0273	13.3531	294.346	-30.7971	417.932	-28.4677	62.5205	23.9714	-32.763	31.8911	1376.78	1425.03	-65.1479	-85.4492	0.000159203	179.592
38.0280	13.6469	307.782	-14.3214	71.8596	-36.7119	15.5182	18.1727	-31.8401	31.8911	1376.02	1423.19	-65.7662	-85.907	0.000769543	179.453
38.0287	6.33375	188.424	-0.893213	-390.759	-33.3434	-53.4573	16.3347	-31.494	31.8852	1375.27	1422.15	-67.5885	-87.5854	6.59448e-006	178.685
38.0293	-0.391778	100.271	6.43264	-499.406	-25.4139	-98.0094	20.2954	-29.3598	31.8852	1374.67	1422.15	-69.1179	-88.0432	0.000311811	177.616
38.0300	-3.13423	77.6676	9.48007	-171.66	-16.2654	-123.039	23.6608	-29.7059	31.8911	1374.35	1423.67	-70.9565	-88.1958	0.000464373	177.151
38.0307	-5.87667	-26.9984	8.87208	191.791	-14.4305	-144.09	13.5907	-34.5511	31.8852	1374.51	1427.19	-72.0141	-87.8906	6.59448e-006	176.244
38.0313	-7.10098	-126.516	4.60117	329.417	-24.4964	-173.071	-4.11604	-38.2427	31.8792	1375	1431.42	-72.3233	-86.5173	0.000464373	176.081
38.0320	-2.82407	145.729	3.99319	306.848	-37.6162	-225.58	-12.3481	-36.1085	31.8792	1375.1	1435.82	-73.5436	-86.2122	0.000159203	175.639
38.0327	1.43652	287	-11.882	145.434	-43.4225	-260.041	-14.1861	-25.4375	31.8852	1375.43	1441.49	-74.1619	-86.0596	-0.000451137	173.803
38.0333	1.74668	-345.894	-56.4376	-163.128	-40.0672	-218.545	-21.8228	-10.7864	31.8792	1376.67	1447.48	-74.1619	-85.2966	-0.000298575	172.873
38.0340	-1.59976	-730.151	-82.3783	-375.818	-32.1245	-125.779	-28.2169	3.28783	31.8792	1377.69	1453.24	-75.073	-84.3811	6.59448e-006	172.733
38.0347	-7.41114	-431.347	-58.5693	-327.927	-23.8935	-70.5299	-30.0549	10.6134	31.8792	1377.59	1457.95	-76.6025	-84.3811	6.59448e-006	172.128
38.0353	-10.4637	-333.085	-21.3395	-217.429	-17.7858	-101.672	-29.4336	0.230725	31.8792	1376.02	1460.75	-79.3522	-85.907	-0.000298575	171.966
38.0360	-9.54959	-488.107	0.330264	-214.992	-10.7606	-105.018	-19.6742	-4.38378	31.8723	1374.19	1462.99	-81.9393	-87.738	-0.000756307	171.966
38.0367	-6.18683	-283.672	9.48007	-233.905	0.825722	-32.6962	-10.2254	6.34494	31.8792	1373	1465.94	-83.1596	-88.3484	-0.000451137	171.059
38.0373	-3.73822	336.476	13.7585	-144.802	11.5077	-15.5972	-2.27806	1.44203	31.8792	1372.35	1468.18	-84.689	-89.1113	0.000311811	170.129
38.0380	-8.92928	667.552	22.6081	-44.0998	15.479	-56.8033	16.9301	-6.51799	31.8723	1372.51	1470.66	-85.4537	-89.7217	0.000159203	169.827
38.0387	-20.5357	511.338	44.5781	-74.929	11.8222	-87.3127	32.7989	2.01885	31.8723	1373.59	1474.01	-84.9982	-89.1113	-0.000145967	169.827
38.0393	-25.1065	376.408	58.3141	-131.983	2.66066	-115.398	28.8382	9.69046	31.8723	1374.08	1476.25	-85.1446	-88.8062	-0.000145967	169.059
38.0400	-19.6052	513.159	29.9264	-114.289	-8.93877	-135.553	12.0634	7.84466	31.8792	1374.35	1477.53	-85.4537	-88.8062	-0.000298575	168.153
38.0407	-11.0677	274.505	-22.2553	-82.2413	-19.9222	-138.899	-5.33273	5.42204	31.8792	1374.67	1478.41	-84.9982	-88.1958	-0.000756307	166.92
38.0413	-5.58284	-514.352	-45.7565	-71.2728	-25.4139	-130.653	-16.9301	11.8247	31.8792	1374.08	1477.85	-84.8354	-87.5854	-0.00106152	165.711
38.0420	-0.685612	-600.747	-34.46	-34.034	-23.5789	-98.2992	-26.0941	13.6705	31.8792	1373.16	1475.69	-85.291	-87.738	-0.000298575	164.944
38.0427	7.54173	52.6156	-12.7977	21.5308	-22.976	-45.8168	-30.3655	6.63335	31.8852	1372.35	1472.81	-86.674	-88.9587	0.000311811	165.246
38.0433	11.8186	251.902	3.3777	72.4915	-23.5789	-9.51113	-22.4182	4.78755	31.8852	1372.08	1470.5	-88.0408	-90.4846	0.000311811	165.874
38.0440	10.5943	47.1531	9.78782	71.2728	-19.3062	6.66569	-13.8755	-4.67219	31.8852	1371.43	1468.18	-88.3499	-90.6372	6.59448e-006	164.944
38.0447	15.7854	2.88821	13.7585	-29.1591	-9.54168	32.6171	-10.536	-22.3803	31.897	1371	1465.62	-88.3499	-90.0269	0.000311811	163.572
38.0453	23.1149	-102.971	14.9745	-109.098	0.825722	69.5287	-5.95402	-20.823	31.9029	1372.24	1464.66	-87.4388	-89.2639	0.000616981	163.433
38.0460	8.76604	-293.404	12.2273	-85.5815	7.85091	109.207	1.9933	-9.22901	31.9088	1374.67	1465.14	-85.7466	-88.0432	0.000159203	163.27
38.0467	-25.7104	-223.522	10.0956	24.2842	19.1358	137.292	10.536	-10.4403	31.9157	1376.51	1464.66	-84.0707	-86.2122	0.000159203	162.502
38.0473	-42.5079	-51.4226	2.76971	154.552	41.7186	142.482	11.4421	-16.9006	31.9217	1376.78	1462.75	-83.1596	-85.6018	0.000159203	161.433
38.0480	-33.04	56.32	-16.7609	274.213	63.3971	134.842	2.89935	-22.0343	31.9276	1376.02	1460.11	-83.7778	-86.5173	-0.000603745	160.828
38.0487	-18.3973	195.77	-28.9656	421.904	68.5742	129.652	0.465967	-36.1085	31.9394	1375.43	1457.07	-84.3799	-86.6699	-0.000298575	160.666
38.0493	-8.01513	253.157	-20.1161	548.245	59.4258	108.917	9.62998	-44.9337	31.9463	1375.59	1454.04	-84.3799	-86.5173	0.000311811	160.363
38.0500	-1.30593	160.044	-1.80894	548.877	42.0332	46.0275	15.4287	-25.0914	31.9522	1375.27	1450.68	-84.3799	-86.9751	0.000311811	159.922
38.0507	-3.73822	193.321	8.2641	306.261	21.5867	0.263466	9.00869	-2.24957	31.9581	1375	1447.72	-84.5263	-87.2803	6.59448e-006	159.294
38.0513	-13.5163	291.897	4.90892	-7.17693	4.19414	-21.7096	-6.86007	1.15363	31.9641	1374.83	1445.65	-84.689	-87.4329	-0.000298575	158.387
38.0520	-20.5357	148.177	-2.72468	-85.3107	-15.6494	-72.664	-20.8908	17.3044	31.97	1374.83	1443.65	-84.2334	-87.2803	6.59448e-006	157.922
38.0527	-33.644	-70.0704	-6.68784	-35.2527	-42.8065	-106.862	-14.4967	65.8144	31.9769	1376.18	1442.85	-83.0131	-86.2122	0.000159203	157.62
38.0533	-63.2559	-160.672	-6.07985	-65.134	-62.9515	-57.7254	4.11604	93.2707	31.9769	1377.42	1443.01	-81.4837	-84.5337	6.59448e-006	156.713
38.0540	-94.3859	-121.305	0.938249	-110.949	-65.3893	40.5474	19.9848	58.2004	31.9828	1377.86	1443.17	-81.0281	-83.4656	0.000311811	156.108
38.0547	-50.4414	-35.2235	8.87208	-95.6924	-57.1583	103.727	35.5688	14.2473	32.0005	1378.02	1442.53	-81.7928	-84.3811	0.000159203	156.411
38.0553	56.9874	-4.70903	6.74038	-70.6409	-55.6248	99.4321	49.5996	16.0931	32.0074	1376.78	1441.17	-83.4687	-85.7544	-0.000145967	156.411
38.0560	74.0787	7.15773	3.07746	-104.223	-63.5675	79.9093	65.4683	34.3781	32.0074	1373.92	1439.49	-85.291	-87.5854	-0.000298575	155.039
38.0567	31.0484	5.02297	2.46197	-170.125	-62.65	78.3812	75.2278	33.1668	32.0134	1371.92	1438.45	-86.674	-89.1113	-0.000298575	154.272
38.0573	30.1343	-33.0888	-11.2665	-146.021	-49.5171	10.0381	55.0876	13.9589	32.0193	1372.08	1438.61	-87.4388	-89.8743	-0.000298575	154.713
38.0580	47.5194	-59.3338	-28.6654	-66.3979	-33.042	-83.6505	19.9848	-7.7293	32.0252	1372.84	1439.81	-86.8205	-88.9587	-0.000298575	154.109
38.0587	80.7879	-94.1178	-28.6654	-50.8253	-7.71984	-69.0018	6.26466	-18.4003	32.0252	1373.59	1441.17	-85.7466	-88.0432	6.59448e-006	153.504
38.0593	94.8267	-120.677	-15.8452	-53.8496	19.1358	-11.0392	12.9694	-17.189	32.0311	1374.19	1442.45	-84.8354	-87.8906	6.59448e-006	153.504
38.0600	61.5582	-60.2756	1.85398	-21.5308	28.9134	5.74356	16.3347	-14.1319	32.0439	1374.67	1443.33	-84.3799	-87.738	6.59448e-006	152.9
38.0607	27.9958	10.8622	23.216	24.871	21.5867	-1.87061	15.4287	-11.3632	32.0498	1374.83	1443.65	-84.2334	-87.5854	-0.000145967	152.272
38.0613	-0.391778	27.3124	40.9152	86.5294	6.93344	-10.4069	17.5514	-3.11479	32.0498	1374.19	1443.17	-84.0707	-87.4329	0.000159203	151.667
38.0620	-40.9735	-21.222	37.2522	61.4779	-8.93877	-22.6317	6.86007	4.49914	32.0498	1373.75	1442.53	-84.8354	-88.1958	0.000311811	151.83
38.0627	-76.9844	-151.191	13.143	-89.5537	-17.1698	-39.7043	-12.9694	2.94175	32.0558	1373.16	1442.13	-85.7466	-89.5691	-0.000451137	151.226
38.0633	-65.0842	-228.733	-3.64041	-85.8975	-12.2941	-45.2108	-14.4967	-3.46088	32.0558	1371.33	1440.29	-86.674	-90.332	6.59448e-006	150.458
38.0640	-11.6717	-111.259	-9.43503	172.562	-1.61212	-43.9988	-4.11604	-8.9406	32.0558	1370.41	1438.93	-87.276	-90.6372	0.000616981	150.598
38.0647	21.8906	12.683	-17.0686	434.091	6.93344	-50.0849	1.37201	-15.6316	32.0558	1371.6	1439.81	-86.5113	-90.332	6.59448e-006	150.458
38.0653	26.7715	-77.6676	-18.9001	543.054	11.2062	-59.2535	-1.37201	-20.5345	32.0617	1373.16	1441.33	-84.5263	-88.6536	0.000159203	149.528
38.0660	20.3725	-43.1975	-11.882	443.254	16.3965	-57.1195	-18.4575	-19.0348	32.0617	1374.35	1442.13	-83.6151	-86.9751	0.000464373	148.924
38.0667	10.3005	257.113	-1.5012	139.612	33.173	-25.0556	-40.4356	-10.4403	32.0558	1375.59	1443.17	-83.6151	-86.5173	-0.000145967	148.459
38.0673	6.62758	301.692	3.3777	-228.127	56.9879	43.6036	-60.5757	0.519132	32.0558	1376.18	1443.65	-83.4687	-86.5173	-0.000145967	147.854
38.0680	6.33375	0.43951	-2.11669	-391.707	69.8063	96.4023	-82.8385	9.69046	32.0558	1375.27	1442.45	-83.9243	-87.1277	0.000159203	147.552
38.0687	-1.90992	-122.246	-13.7135	-278.772	63.6985	87.5498	-89.2585	23.9954	32.0558	1373.92	1441.49	-84.9982	-88.0432	0.000159203	147.552
38.0693	-19.3114	58.1408	-25.0025	-149.091	49.3598	66.1827	-88.9479	42.9149	32.0498	1374.08	1442.45	-84.689	-87.5854	-0.000145967	147.25
38.0700	-35.7824	185.975	-15.8452	-105.758	48.1278	78.0914	-105.438	51.5094	32.0498	1374.08	1442.85	-84.0707	-87.1277	-0.000298575	146.785
38.0707	-46.7685	152.447	12.535	-49.6066	61.2607	91.212	-102.383	42.3381	32.037	1373.59	1442.53	-84.5263	-87.4329	0.000311811	146.785
38.0713	-43.4221	85.5788	28.1024	69.1062	55.7559	68.6329	-56.615	31.0325	32.0311	1373.43	1442.53	-84.8354	-88.1958	0.000159203	146.645
38.0720	-24.5025	141.459	21.3846	223.252	26.4624	43.2875	-22.1334	37.4352	32.037	1373.92	1443.33	-84.2334	-87.5854	6.59448e-006	145.878
38.0727	-10.4637	362.721	13.143	288.251	10.9048	46.6599	-17.2408	42.3381	32.037	1375.27	1445.49	-82.2484	-85.6018	6.59448e-006	145.111
38.0733	-14.7243	455.457	20.7766	105.126	20.0532	55.8021	1.06137	26.4757	32.0311	1376.35	1447.32	-81.1745	-84.6863	-0.000145967	144.506
38.0740	-23.572	253.471	32.6736	-202.489	36.8429	82.3595	25.7835	1.44203	32.0252	1376.67	1447.56	-81.0281	-84.5337	6.59448e-006	143.576
38.0747	-17.7769	80.1163	26.271	-300.122	53.9341	139.11	17.5514	-24.5146	32.0193	1375.75	1447.32	-81.0281	-84.5337	0.000311811	143.134
38.0753	-1.59976	12.683	7.04062	-215.308	68.5742	152.547	-9.91474	-36.1085	32.0134	1374.19	1446.05	-83.1596	-86.6699	6.59448e-006	144.041
38.0760	9.68019	-190.873	0.022518	-159.472	69.4917	102.804	-31.2715	-23.5917	32.0074	1373.27	1445.17	-84.8354	-88.6536	-0.000298575	144.808
38.0767	17.9239	-325.488	3.07746	-136.587	65.8349	52.4561	-47.7616	-10.4403	32.0074	1372.68	1444.37	-84.8354	-88.8062	-0.000145967	144.343
38.0773	17.0097	-352.047	2.16173	-109.414	74.3805	17.0463	-51.101	-11.3632	32.0005	1372.51	1444.37	-84.9982	-88.9587	-0.000145967	144.506
38.0780	8.16205	-470.715	0.022518	-52.9468	69.1903	15.2283	-41.9629	-5.59509	32.0005	1372.51	1444.69	-84.5263	-88.8062	-0.000298575	143.576
38.0787	-0.0816205	-553.719	-3.03242	-20.3121	32.2687	13.3841	-28.2169	10.2673	31.9946	1372.08	1443.65	-84.2334	-88.501	-0.000298575	142.204
38.0793	-16.8628	-537.897	-9.74278	-62.1098	-8.93877	-76.6423	-8.3874	1.15363	31.9946	1372.35	1442.85	-84.5263	-88.3484	0.000311811	142.204
38.0800	-45.2504	-355.375	-14.0137	-83.46	-38.2322	-192.304	6.86007	-39.1656	31.9887	1372.84	1443.17	-84.2334	-88.0432	0.000159203	141.902
38.0807	-70.2752	-123.439	-12.1822	-88.0641	-69.0592	-200.234	18.1727	-65.699	31.9828	1373	1443.17	-84.2334	-88.1958	-0.000603745	141.762
38.0813	-81.2613	42.8836	-9.74278	-103.321	-84.3154	-127.307	32.7989	-64.4877	31.9887	1373.43	1442.53	-84.5263	-88.6536	-0.000298575	142.506
38.0820	-83.3998	441.456	-12.49	-3.83672	-62.9515	-77.5644	40.1249	-61.1422	31.9828	1373.43	1441.49	-84.8354	-89.1113	6.59448e-006	142.204
38.0827	-81.2613	702.336	-10.6585	130.449	-41.2861	-60.4655	33.7308	-55.028	31.9769	1371.92	1439.49	-85.9093	-89.4165	-0.000451137	141.297
38.0833	-78.8127	190.245	4.29343	140.514	-43.121	-52.5352	16.3347	-38.8195	31.9769	1370.68	1437.1	-86.9832	-89.8743	0.000311811	141.762
38.0840	-75.7601	-482.958	17.1137	105.758	-40.3686	-45.2108	-2.89935	-29.7059	31.97	1370.57	1435.42	-87.4388	-90.4846	0.000616981	142.204
38.0847	-75.1561	-428.333	20.1611	19.6801	-18.7033	-29.034	-4.11604	-28.783	31.97	1370.84	1433.74	-88.2035	-90.6372	0.000311811	141.6
38.0853	-56.2365	55.3782	18.9451	-75.8317	0.524268	2.08138	6.26466	-8.0177	31.97	1372.35	1433.58	-87.276	-89.5691	0.000159203	140.693
38.0860	54.245	231.182	12.8428	1.35414	2.35921	39.9415	11.1314	21.5728	31.97	1374.08	1434.06	-84.9982	-87.4329	6.59448e-006	139.926
38.0867	150.067	177.75	9.48007	187.232	-7.40528	27.7166	19.0788	20.6499	31.9641	1374.51	1432.38	-84.3799	-86.2122	0.000311811	139.623
38.0873	63.6966	193.321	11.3115	304.094	-13.513	-22.3156	38.9082	2.65334	31.9641	1375.59	1430.94	-84.5263	-86.3647	-0.000145967	139.926
38.0880	-69.9651	205.816	12.535	231.467	-14.4305	-15.3074	63.035	-9.8635	31.9641	1375.43	1429.43	-84.689	-86.5173	-0.000451137	139.158
38.0887	-111.771	184.782	7.95635	38.0061	-26.6328	29.2447	84.3918	-15.3432	31.9641	1373.75	1426.07	-85.291	-86.8225	0.000311811	138.554
38.0893	-111.477	-0.125574	-1.80894	-73.3943	-52.8855	43.8935	94.1512	-11.9977	31.9641	1373.27	1423.03	-85.7466	-86.9751	0.000769543	138.856
38.0900	-107.2	-255.606	2.16173	-105.758	-81.8775	37.2014	109.114	-6.51799	31.9641	1373.92	1421.35	-86.2185	-87.5854	0.000311811	139.461
38.0907	-105.976	-248.888	18.6374	-101.154	-105.063	24.9766	148.177	4.49914	31.9641	1374.35	1420.16	-86.5113	-88.0432	-0.000298575	139.461
38.0913	-109.339	-209.207	10.7035	-50.8253	-108.733	11.5662	141.757	25.2644	31.97	1374.08	1418.48	-86.3649	-87.738	-0.000451137	139.321
38.0920	-101.405	-291.897	-28.6654	22.1176	-98.6541	27.1107	59.0483	35.301	31.9641	1374.19	1416.8	-86.2185	-87.1277	6.59448e-006	139.158
38.0927	-72.7075	-360.586	-64.9794	61.4779	-89.1911	41.7594	-2.27806	25.8412	31.9581	1375.43	1416.48	-85.291	-86.0596	0.000159203	138.251
38.0933	-63.2559	-479.003	-62.5399	-41.0304	-80.3441	-16.5193	-19.9848	25.8412	31.9581	1376.35	1416.8	-83.7778	-84.6863	-0.000145967	137.019
38.0940	-19.6052	-236.644	-29.8814	-264.418	-64.1704	-93.7413	-50.5056	42.6265	31.9581	1376.67	1416.48	-82.704	-83.6182	-0.000451137	136.415
38.0947	145.186	388.338	-8.21906	-458.827	-32.7405	-89.7629	-89.2585	46.8949	31.9581	1375.86	1414.32	-83.6151	-84.0759	-0.000145967	136.415
38.0953	241.613	532.372	-3.03242	-504.913	-2.21503	-25.688	-94.1512	36.8584	31.9641	1374.08	1411.45	-85.4537	-86.3647	0.000159203	137.182
38.0960	169.591	290.39	3.3777	-326.979	7.2349	14.9122	-63.0091	33.8012	31.9641	1373	1409.77	-86.5113	-88.501	-0.000298575	137.949
38.0967	101.846	179.571	14.9745	-11.1491	9.37129	-30.5621	-33.1095	31.0325	31.9641	1372.35	1408.57	-86.9832	-89.4165	-0.000451137	137.624
38.0973	81.7021	66.052	33.2891	214.405	14.863	-64.1277	-20.2954	17.3044	31.9641	1372.35	1407.45	-87.276	-89.8743	-0.000298575	137.624
38.0980	67.0594	26.6845	44.8858	261.078	13.3426	113.475	-12.6588	4.21074	31.9581	1372.35	1407.05	-86.674	-89.2639	-0.000451137	137.019
38.0987	61.5582	125.574	28.4027	303.191	1.14028	322.825	-1.68266	-2.53798	31.9641	1372.84	1407.77	-85.1446	-88.3484	6.59448e-006	136.717
38.0993	60.644	160.672	0.330264	380.422	-4.04997	294.134	8.3874	-7.44089	31.9641	1373.43	1408.25	-83.9243	-88.0432	-0.000298575	136.88
38.1000	55.4529	172.853	-17.0686	326.979	4.4956	147.963	5.64338	-5.59509	31.9641	1373.59	1408.09	-83.7778	-87.738	-0.000451137	136.577
38.1007	51.1924	203.681	-26.5262	230.249	15.1776	53.6681	-7.76611	1.73044	31.9641	1373.75	1408.57	-84.0707	-87.738	0.000311811	136.415
38.1013	52.7105	171.346	-18.2846	172.878	15.479	64.3384	-19.3635	11.1902	31.9641	1373.59	1408.81	-83.9243	-87.8906	0.000311811	136.252
38.1020	50.572	125.574	12.8428	81.6545	6.31743	124.778	-24.2562	13.6705	31.9581	1373.16	1409.13	-84.0707	-88.1958	-0.000145967	136.415
38.1027	43.2588	138.069	47.3253	3.20479	-1.91358	160.477	-20.8908	6.63335	31.9641	1371.92	1408.57	-85.291	-89.4165	6.59448e-006	136.112
38.1033	40.2062	218.059	55.5669	14.4893	0.524268	162.611	-16.0241	17.9389	31.9641	1370.41	1407.45	-86.5113	-90.7898	0.000311811	136.112
38.1040	40.5001	363.286	30.2341	35.2527	12.4251	127.518	-12.3481	50.2404	31.9581	1370.25	1407.45	-87.1296	-91.095	0.000159203	136.717
38.1047	36.2395	253.157	-1.20096	-72.4915	18.5329	99.1423	-7.48136	72.8515	31.9522	1371.43	1409.45	-86.3649	-90.1794	-0.000145967	136.252
38.1053	32.8767	-65.4869	-15.8452	-185.111	14.5615	133.63	-11.4421	70.0828	31.9522	1372.51	1411.61	-84.8354	-88.1958	6.59448e-006	134.741
38.1060	36.8435	-97.5083	-17.6766	-53.5787	6.31743	211.748	-23.0395	52.3746	31.9522	1373.75	1413.28	-84.2334	-86.9751	0.000769543	135.043
38.1067	34.4112	-54.1852	-16.4531	213.186	-0.996109	265.469	-28.2169	39.5694	31.9463	1375.86	1415.84	-83.6151	-86.5173	0.000769543	136.252
38.1073	18.234	9.92036	-14.6292	244.286	-5.58345	316.423	-23.3501	37.4352	31.9522	1376.35	1417.84	-82.5575	-85.907	-0.000145967	135.647
38.1080	9.38635	211.655	-16.7609	13.9025	-7.71984	369.827	-14.4967	33.8012	31.9463	1374.83	1417.52	-83.4687	-86.2122	0.000311811	134.88
38.1087	17.6137	165.256	-24.3945	-167.371	-4.66598	295.978	-7.48136	19.727	31.9463	1374.19	1417.12	-84.689	-86.9751	0.000769543	135.81
38.1093	24.6331	-86.5206	-28.0499	-169.809	-1.61212	116.241	-4.73733	-4.38378	31.9522	1374.51	1418.16	-84.2334	-87.1277	0.000159203	136.415
38.1100	25.2534	-219.88	-24.0867	-99.6194	-6.18636	5.13759	-1.06137	-32.763	31.9463	1374.19	1418	-84.689	-87.5854	-0.000145967	136.252
38.1107	20.3725	-304.392	-15.5449	-94.1577	-12.5955	-3.08255	6.86007	-53.1822	31.9463	1373.43	1417.2	-85.1446	-88.1958	0.000159203	136.415
38.1113	9.68019	-238.779	-9.43503	-182.357	-13.8145	81.1212	17.5514	-54.1051	31.9463	1374.08	1417.84	-84.2334	-87.4329	6.59448e-006	136.577
38.1120	7.54173	20.9081	-10.9663	-258.008	-11.9926	136.054	28.2428	-39.7424	31.9522	1374.83	1418.32	-83.306	-86.5173	-0.000145967	136.88
38.1127	28.5998	116.721	-10.3508	-242.752	-4.66598	-75.4304	32.5141	-27.8601	31.9463	1375.59	1418.8	-82.3948	-85.7544	-0.000145967	137.019
38.1133	50.572	76.7258	-6.07985	-174.413	7.2349	-398.914	19.3894	-29.3598	31.9394	1377.1	1420	-81.1745	-84.6863	-0.000145967	136.717
38.1140	32.8767	67.6217	0.330264	-142.365	27.6813	-544.163	-3.8054	-36.6853	31.9335	1377.42	1419.84	-80.719	-84.2285	-0.000145967	136.415
38.1147	10.9045	-184.468	18.3296	-159.472	58.5083	-511.52	-6.86007	-42.7995	31.9394	1376.51	1418	-81.6301	-84.8389	6.59448e-006	136.717
38.1153	24.6331	-605.958	39.0837	-149.361	81.3926	-367.772	8.69805	-49.8367	31.9394	1374.83	1415.28	-83.306	-86.5173	-0.000298575	137.786
38.1160	41.4142	-586.368	43.3546	-150.309	87.1989	-146.224	13.5907	-47.7024	31.9463	1373.16	1413.6	-84.5263	-88.0432	-0.000298575	138.554
38.1167	42.0345	-293.153	34.5051	-192.423	78.6533	18.2582	4.73733	-35.1856	31.9394	1372.08	1412.33	-85.7466	-89.2639	-0.000145967	138.391
38.1173	27.3918	-323.039	34.8128	-175.316	58.2068	0.869438	-10.2254	-27.8601	31.9394	1371.76	1410.81	-86.674	-89.5691	-0.000298575	138.554
38.1180	11.8186	-517.114	40.6074	-140.514	43.2521	-82.4386	-21.8228	-29.7059	31.9522	1372.51	1410.81	-85.9093	-89.2639	-0.000603745	138.693
38.1187	4.48913	-327.937	43.0544	-140.244	38.6779	-127.597	-25.7835	-32.763	31.9522	1373.16	1411.29	-84.689	-88.501	-0.000603745	138.251
38.1193	-12.5859	100.271	38.168	-113.973	20.0532	-127.913	-30.9609	-38.2427	31.9463	1373	1411.13	-84.8354	-88.1958	6.59448e-006	138.391
38.1200	-55.6162	294.974	2.46197	-77.6824	-4.96744	-96.4813	-38.0022	-49.5482	31.9463	1373.27	1410.97	-85.291	-87.8906	-0.000145967	139.158
38.1207	-121.239	441.456	-36.2915	-59.9883	-5.88491	-126.385	-34.0156	-57.7967	31.9394	1374.08	1410.81	-85.291	-87.2803	-0.000145967	139.461
38.1213	-147.178	544.615	-59.1848	-31.5966	2.66066	-201.762	-17.8362	-54.1051	31.9394	1374.35	1410.65	-85.4537	-87.4329	0.000159203	139.321
38.1220	-112.995	326.995	-54.9063	4.42352	2.05775	-217.939	0.155322	-41.8766	31.9463	1373	1409.93	-85.9093	-88.3484	6.59448e-006	139.321
38.1227	-71.1894	157.909	7.34837	22.1176	3.57813	-162.084	11.4421	-32.763	31.9522	1371.76	1408.25	-87.1296	-89.2639	0.000159203	140.065
38.1233	-34.2643	202.488	61.3615	50.5093	11.5077	-91.897	12.374	-29.0714	31.9522	1371.16	1407.13	-88.3499	-90.0269	0.000464373	141.135
38.1240	-9.84343	144.787	52.8197	98.4007	20.3678	-67.4737	8.69805	-20.2461	31.9522	1370.41	1406.09	-88.9519	-90.6372	0.000159203	140.832
38.1247	9.38635	77.3537	24.1318	141.462	30.1323	-95.2694	2.5887	-8.0177	31.9522	1370.57	1406.25	-88.4964	-90.332	-0.000451137	140.065
38.1253	18.5278	123.125	12.8428	233.905	37.4458	-122.117	-1.68266	-2.82638	31.9522	1372.84	1407.77	-86.9832	-88.8062	-0.000298575	140.065
38.1260	12.1288	86.5206	25.6555	434.091	39.8968	-101.355	5.95402	5.99886	31.9581	1374.51	1408.73	-85.4537	-87.2803	0.000311811	140.065
38.1267	36.2395	-51.4226	36.952	681.312	40.1982	-47.0287	14.4967	33.4552	31.9581	1375.27	1409.45	-84.3799	-86.3647	0.000311811	140.391
38.1273	66.7492	-105.419	15.5899	854.642	32.5701	32.301	12.0634	65.2376	31.9581	1375.86	1409.45	-83.7778	-86.0596	0.000159203	140.53
38.1280	35.3253	68.8146	-14.0137	808.872	13.9586	144.011	9.31934	71.6402	31.9522	1375.27	1407.93	-84.2334	-86.3647	6.59448e-006	140.832
38.1287	-20.8295	432.289	-18.2846	554.971	-2.21503	249.898	11.1314	51.5094	31.9522	1374.51	1407.13	-84.8354	-86.8225	-0.000298575	141.762
38.1293	-39.7492	589.445	-28.3576	283.06	-15.3479	305.436	6.26466	30.7441	31.9522	1374.19	1406.89	-84.8354	-87.1277	-0.000145967	142.204
38.1300	-35.7824	138.383	-51.8589	-52.36	-22.976	300.562	-9.91474	28.8983	31.9581	1374.19	1405.93	-84.3799	-87.1277	-0.000145967	142.204
38.1307	-35.4886	-722.177	-49.7197	-428.946	-23.5789	246.841	-24.2562	51.1633	31.9641	1373.92	1405.37	-84.3799	-86.6699	-0.000145967	142.506
38.1313	-35.1784	-1136.01	-29.8814	-535.742	-23.5789	164.139	-27.3108	64.3147	31.9641	1373.75	1405.21	-84.2334	-86.3647	6.59448e-006	142.971
38.1320	-25.4166	-774.667	-19.8158	-410.304	-21.1411	79.3033	-27.3108	41.1268	31.9641	1374.19	1404.89	-83.7778	-86.2122	6.59448e-006	143.134
38.1327	-0.99577	-224.15	-16.4531	-266.855	-16.5669	75.9573	-24.5668	9.05597	31.9641	1375	1404.89	-82.704	-85.7544	-0.000603745	142.204
38.1333	27.9958	160.672	-8.5193	-122.82	-19.0047	240.439	-18.7681	-3.11479	31.9641	1375.86	1405.77	-81.4837	-84.5337	-0.000908915	141.762
38.1340	46.9154	305.02	0.938249	-71.2728	-17.7858	382.026	-18.1468	-3.11479	31.9581	1376.35	1405.77	-81.1745	-84.0759	-0.000298575	142.367
38.1347	43.8628	269.922	11.3115	-160.059	-5.58345	242.573	-23.6349	-9.5751	31.9581	1375.59	1405.21	-82.2484	-85.2966	-0.000145967	143.134
38.1353	27.6857	290.39	22.9083	-266.855	3.87958	-7.66687	-31.2715	-23.5917	31.9641	1373.75	1403.7	-83.7778	-86.8225	-0.000145967	144.506
38.1360	16.4057	278.775	27.1867	-304.094	13.0412	-157.816	-36.7596	-37.3198	31.9641	1372.35	1401.94	-84.9982	-88.1958	6.59448e-006	145.273
38.1367	8.45588	88.6553	24.4395	-272.994	19.7518	-335.735	-37.6915	-47.414	31.9641	1372.24	1401.94	-85.4537	-88.6536	-0.000451137	145.715
38.1373	3.28114	-27.6263	15.2822	-226.908	8.76838	-470.024	-35.5429	-50.7596	31.9641	1371.92	1401.86	-85.4537	-89.1113	-0.000298575	145.715
38.1380	5.10944	46.5252	-1.20096	-169.222	-8.0213	-357.102	-31.2715	-51.3364	31.9581	1371.6	1401.38	-85.6002	-89.1113	6.59448e-006	145.273
38.1387	6.93774	107.554	-18.5923	-105.126	-13.8145	-169.119	-18.1468	-51.6824	31.9581	1372.35	1402.58	-84.9982	-88.1958	-0.000145967	145.715
38.1393	2.36699	85.0137	-36.2915	-63.3285	-15.9509	-90.6851	5.95402	-47.414	31.9641	1373	1403.78	-84.2334	-88.0432	-0.000298575	146.017
38.1400	-5.87667	-49.9157	-52.4669	-19.3642	-22.36	-61.0715	30.0549	-37.6082	31.9522	1373	1404.26	-84.2334	-88.0432	-0.000145967	146.18
38.1407	-12.896	-199.726	-57.3533	39.5408	-25.1124	-56.1973	45.6389	-26.3604	31.9463	1373	1404.57	-84.5263	-87.5854	6.59448e-006	146.482
38.1413	-19.0012	-88.0275	-47.8882	155.5	-17.7858	-81.5164	52.6542	-16.5545	31.9522	1373	1404.89	-84.8354	-87.738	6.59448e-006	146.645
38.1420	-24.1923	97.5083	-32.3283	344.086	-8.62421	-79.0925	48.6676	-12.2861	31.9522	1372.51	1405.37	-85.4537	-88.3484	-0.000298575	146.785
38.1427	-16.2588	23.9847	-25.3102	580.293	-3.44706	-59.8595	45.3282	-11.9977	31.9463	1371.33	1405.21	-87.4388	-89.8743	-0.000298575	147.389
38.1433	0.832529	-87.7135	-27.7497	838.798	2.35921	-73.9023	52.033	-3.74928	31.9394	1370.25	1405.21	-88.3499	-90.6372	0.000311811	149.087
38.1440	7.85189	-73.712	-27.4419	871.117	6.31743	-98.0094	61.5076	10.2673	31.9394	1370.25	1406.57	-88.2035	-90.1794	0.000464373	149.993
38.1447	4.79928	-47.781	-18.9001	500.625	6.93344	-101.961	66.0637	18.2273	31.9394	1370.68	1408.09	-88.4964	-90.0269	0.000464373	149.226
38.1453	5.71343	-4.70903	-6.99559	-3.20479	8.45382	-97.0873	69.7397	18.5157	31.9335	1372.08	1410.09	-87.276	-88.6536	0.000464373	149.226
38.1460	20.6663	43.1975	-1.20096	-349.593	10.5902	-105.018	68.523	1.73044	31.9335	1373.92	1413.12	-84.9982	-86.6699	0.000464373	149.226
38.1467	33.7909	31.5819	-1.5012	-427.095	13.0412	-107.758	57.521	-23.8801	31.9276	1374.51	1414.96	-84.3799	-85.907	0.000311811	149.087
38.1473	27.0817	-10.5482	-1.20096	-276.018	14.5615	-63.5217	45.3282	-30.6288	31.9276	1374.83	1415.52	-84.3799	-85.7544	0.000159203	149.831
38.1480	10.5943	-57.513	1.85398	-77.9532	15.1776	-13.7793	36.7855	-15.0548	31.9276	1374.51	1415.52	-84.689	-86.3647	0.000311811	150.761
38.1487	1.14269	-254.978	3.07746	67.6166	15.1776	-9.51113	8.10264	1.15363	31.9276	1373.75	1414.8	-85.1446	-87.1277	6.59448e-006	151.063
38.1493	0.832529	-460.355	-0.585468	133.834	13.3426	-5.84895	-48.9783	4.49914	31.9276	1373.59	1414.48	-85.291	-86.9751	-0.000298575	151.528
38.1500	1.14269	-386.831	-3.03242	107.564	9.06983	11.5662	-89.5692	2.94175	31.9276	1373.92	1414.64	-85.6002	-86.8225	-0.000145967	151.97
38.1507	-0.685612	-423.122	0.938249	110.001	6.63199	25.2928	-79.1885	3.86465	31.9276	1373.75	1414	-85.4537	-87.1277	0.000311811	152.132
38.1513	-1.30593	-554.347	5.82465	210.117	6.93344	39.0193	-41.6523	1.73044	31.9276	1374.08	1413.6	-84.9982	-87.1277	0.000159203	153.202
38.1520	1.14269	-52.0505	7.34837	287.032	6.31743	46.9497	-8.07676	-2.82638	31.9276	1375.1	1414.32	-84.3799	-86.5173	6.59448e-006	153.807
38.1527	6.33375	575.13	3.68544	302.876	5.71452	55.1962	18.7681	-5.88349	31.9276	1376.02	1415.28	-83.0131	-85.144	-0.000298575	153.202
38.1533	9.99035	475.926	-0.585468	247.943	5.41307	69.8449	41.9629	-15.9777	31.9217	1376.02	1415.28	-82.0857	-84.2285	-0.000756307	152.597
38.1540	4.19529	282.416	3.99319	118.261	4.4956	82.3595	55.9937	-25.7259	31.9217	1376.35	1414.48	-82.5575	-84.2285	-0.000451137	153.504
38.1547	-1.59976	468.266	12.535	-73.3943	5.09851	78.3812	52.6542	-15.9777	31.9276	1375.86	1412.65	-83.7778	-85.2966	-0.000298575	154.713
38.1553	0.228537	531.493	16.1979	-324.858	7.2349	46.0275	41.0569	4.49914	31.9276	1374.08	1410.25	-85.1446	-86.9751	-0.000298575	155.643
38.1560	4.48913	156.403	23.824	-508.253	9.9873	-3.71487	44.1115	30.4557	31.9276	1372.68	1407.93	-86.674	-88.1958	6.59448e-006	156.411
38.1567	8.45588	-330.386	28.4027	-520.485	17.6154	-48.5568	47.1662	56.7007	31.9335	1371.76	1405.77	-87.8943	-89.1113	-0.000145967	156.852
38.1573	9.99035	-283.044	21.9926	-485.684	32.8716	-79.3824	32.2035	67.0257	31.9335	1371.33	1403.78	-88.0408	-89.7217	-0.000298575	157.015
38.1580	8.76604	-1.06738	23.824	-467.087	51.4962	-97.4034	20.2954	77.1199	31.9394	1372.08	1402.9	-87.4388	-89.1113	-0.000145967	157.317
38.1587	4.48913	-113.707	37.56	-358.756	65.2189	-125.463	15.7134	86.868	31.9394	1372.35	1403.06	-86.9832	-88.1958	6.59448e-006	157.62
38.1593	-2.22008	-249.453	48.849	-249.161	65.2189	-162.084	-4.73733	62.7573	31.9394	1372.35	1401.94	-87.1296	-88.0432	0.000464373	158.085
38.1600	-6.18683	-188.424	41.8309	-234.537	51.7977	-167.881	-37.3809	22.4957	31.9463	1372.51	1400.58	-87.276	-88.3484	0.000159203	158.55
38.1607	-2.22008	-379.485	8.87208	-207.048	33.7891	-116.61	-59.9544	9.97887	31.9463	1372.84	1400.02	-86.9832	-88.1958	-0.000145967	158.852
38.1613	4.19529	-703.278	-17.0686	-146.653	17.6154	-32.6962	-68.8078	22.2073	31.9522	1373	1399.54	-86.9832	-88.0432	6.59448e-006	159.294
38.1620	5.71343	-400.519	-21.6473	-87.7481	0.524268	37.2014	-65.1577	29.8212	31.9581	1372.35	1398.18	-87.7316	-88.1958	-0.000145967	159.922
38.1627	2.36699	486.914	-38.7309	-33.718	-25.4139	89.9737	-47.1403	24.6299	31.9522	1371.16	1396.18	-89.2611	-89.5691	6.59448e-006	161.131
38.1633	-1.30593	982.492	-56.7378	-56.9189	-57.4598	131.18	-21.8228	15.1702	31.9581	1370.41	1394.67	-90.4814	-90.6372	0.000311811	162.363
38.1640	-3.73822	655.371	-51.5512	-133.202	-72.0999	155.287	-6.54942	-0.115363	31.9641	1370.25	1393.71	-90.937	-90.9424	0.000159203	162.805
38.1647	-3.73822	73.712	-32.3283	-159.156	-57.1583	159.871	-5.33273	-21.4574	31.9641	1370.68	1393.31	-90.6441	-90.332	-0.000298575	162.665
38.1653	-2.53023	-151.505	-11.2665	-131.983	-33.658	144.011	-7.17071	-33.6859	31.9641	1372.51	1394.35	-88.4964	-88.0432	0.000311811	162.665
38.1660	-0.685612	-44.0765	-0.585468	-88.6509	-20.2236	122.327	-12.3481	-32.763	31.9641	1374.35	1396.34	-86.5113	-86.0596	0.000922151	163.107
38.1667	-2.22008	105.419	-3.64041	-45.0025	-17.7858	92.7401	-18.1468	-29.9943	31.9641	1375.27	1397.06	-86.0557	-85.4492	0.000311811	163.735
38.1673	-7.10098	174.988	-4.85638	-0.135414	-15.6494	46.6599	-17.5514	-28.1485	31.97	1375.1	1396.34	-86.5113	-85.6018	-0.000145967	164.339
38.1680	-9.23944	188.738	2.46197	40.1276	-4.66598	-0.948478	-12.9694	-19.3232	31.97	1374.51	1395.39	-87.1296	-86.5173	6.59448e-006	165.107
38.1687	-10.1536	183.589	11.6193	46.2212	7.2349	-40.6265	-7.48136	-4.67219	31.9769	1374.19	1394.67	-87.7316	-86.9751	-0.000145967	165.711
38.1693	-11.6717	140.831	11.927	25.187	5.71452	-81.2266	-3.8054	0.807538	31.9769	1374.19	1394.19	-87.276	-86.5173	6.59448e-006	166.013
38.1700	-8.61912	75.2189	1.54623	39.8117	-6.18636	-103.806	-12.3481	-7.7293	31.9769	1374.19	1394.67	-87.276	-87.1277	0.000311811	166.618
38.1707	-3.73822	37.1072	-5.77211	82.2413	-9.85624	-81.2266	-28.5275	-23.5917	31.9828	1374.08	1395.15	-87.4388	-87.2803	6.59448e-006	167.688
38.1713	-4.35853	25.8055	3.07746	92.939	-1.61212	-34.2243	-30.3655	-31.8401	31.9828	1373.92	1394.83	-86.674	-86.5173	-0.000451137	167.99
38.1720	-4.65237	64.2312	15.5899	35.2527	6.31743	9.7219	-17.8362	-23.3032	31.9828	1374.51	1395.23	-85.4537	-86.5173	-0.000451137	168.153
38.1727	1.74668	187.859	15.5899	-69.7381	6.31743	23.1587	-9.60409	-11.7093	31.9828	1376.02	1396.66	-84.5263	-85.6018	-0.000451137	168.757
38.1733	3.28114	230.554	9.48007	-56.603	5.41307	-5.53279	-6.86007	-2.24957	31.9828	1376.51	1397.22	-83.306	-84.2285	-0.000451137	168.92
38.1740	-15.9486	145.101	0.022518	138.709	13.9586	-30.8782	-2.89935	7.55625	31.9769	1376.51	1397.38	-82.8504	-84.0759	-0.000145967	169.222
38.1747	-40.6633	-91.104	-14.0137	294.028	23.1071	-18.9696	1.9933	17.016	31.9769	1376.02	1397.22	-83.7778	-85.144	-0.000145967	170.896
38.1753	-54.098	-512.531	-25.6105	321.202	19.7518	-0.948478	3.52064	17.5928	31.9769	1374.19	1395.86	-85.4537	-86.9751	-0.000451137	171.966
38.1760	-60.8072	-557.989	-30.4969	314.16	10.5902	-2.18677	2.30395	4.49914	31.97	1372.51	1394.35	-86.8205	-88.1958	-0.000298575	172.268
38.1767	-62.6355	-312.931	-24.3945	186.916	1.14028	23.1587	4.42668	-7.44089	31.97	1371.6	1394.19	-87.276	-88.6536	-0.000145967	173.035
38.1773	-64.4802	-172.602	-12.49	-107.248	-8.32275	62.8103	11.7527	-13.209	31.9769	1371.76	1394.83	-87.4388	-89.1113	-0.000145967	173.803
38.1780	-78.2087	157.596	-0.585468	-326.392	-11.9926	53.9842	18.1727	-17.4774	31.9769	1372.35	1395.39	-87.276	-88.9587	-0.000451137	173.942
38.1787	-73.3278	291.583	11.0113	-211.02	-9.54168	7.27167	19.3894	-15.3432	31.97	1372.24	1396.18	-86.5113	-88.0432	-0.000451137	173.64
38.1793	-29.9874	83.7579	11.3115	47.1691	-4.96744	-46.1329	14.1861	-9.5751	31.97	1371.92	1396.9	-86.5113	-87.5854	0.000159203	174.105
38.1800	18.838	153.075	2.46197	109.73	-4.04997	-57.4093	11.7527	-2.82638	31.97	1372.24	1397.06	-87.276	-88.501	6.59448e-006	175.477
38.1807	71.0261	305.02	-1.20096	56.0162	-4.96744	-14.3853	12.374	10.2673	31.9641	1372.68	1398.02	-87.1296	-88.6536	-0.000145967	176.244
38.1813	99.1036	36.1654	2.16173	16.6108	-1.31067	20.7084	5.33273	23.707	31.9581	1372.68	1399.22	-86.8205	-88.501	6.59448e-006	176.383
38.1820	74.3889	-323.353	15.8902	-6.545	2.05775	51.2178	-1.68266	27.3986	31.9641	1371.6	1399.06	-88.2035	-89.4165	6.59448e-006	177.453
38.1827	51.4862	-369.753	41.2229	12.6838	0.825722	95.77	0.465967	17.5928	31.9641	1370.68	1398.74	-89.5702	-90.0269	0.000159203	178.825
38.1833	47.5194	-419.166	48.849	96.2792	-3.74852	100.064	1.9933	7.21016	31.9581	1370.68	1399.22	-89.5702	-89.8743	-0.000145967	180.197
38.1840	40.5001	-633.71	25.9632	279.404	-8.93877	66.7887	-7.48136	8.76756	31.9581	1371	1399.86	-89.4238	-89.7217	-0.000298575	181.127
38.1847	8.16205	-600.119	0.330264	496.653	-10.1577	40.8636	-18.4575	11.4786	31.9463	1371.16	1400.18	-89.2611	-89.4165	0.000159203	180.964
38.1853	-44.6301	-360.272	-14.9294	659.33	-10.1577	9.7219	-16.6195	8.13306	31.9522	1372.51	1401.38	-87.8943	-88.501	-0.000145967	180.662
38.1860	-69.3611	-157.03	-21.6473	754.255	-10.7606	-20.1815	-9.29345	11.1902	31.9522	1374.19	1403.06	-86.674	-87.4329	-0.000451137	180.662
38.1867	-69.0509	108.81	-15.5449	610.491	-8.93877	-28.428	-12.3481	17.3044	31.9463	1374.67	1403.94	-86.2185	-86.5173	6.59448e-006	181.568
38.1873	-65.0842	310.545	-5.77211	124.355	-10.1577	-34.2243	-17.5514	15.4586	31.9463	1374.83	1404.41	-85.9093	-86.2122	0.000311811	182.964
38.1880	-46.1645	373.395	-0.893213	-299.851	-16.5669	-59.5434	-16.9301	17.3044	31.9463	1374.67	1403.7	-85.9093	-86.3647	6.59448e-006	183.708
38.1887	-36.4027	296.794	-9.74278	-367.603	-22.6615	-96.7711	-16.6195	22.7841	31.9394	1374.51	1402.58	-86.2185	-86.6699	6.59448e-006	185.079
38.1893	-39.7492	213.79	-23.4787	-261.981	-26.6328	-121.8	-19.3635	12.1131	31.9335	1374.08	1401.94	-86.5113	-86.9751	-0.000145967	186.149
38.1900	-8.92928	323.667	-18.5923	-252.547	-30.6041	-147.436	-19.9848	-4.03769	31.9335	1374.08	1401.06	-86.5113	-87.2803	-0.000451137	186.451
38.1907	40.5001	524.146	-3.64041	-394.731	-33.9595	-157.526	-17.8362	-9.8635	31.9335	1374.35	1400.42	-86.3649	-87.1277	-0.000145967	187.218
38.1913	54.849	652.923	4.29343	-424.342	-28.1663	-84.5726	-16.3347	-11.7093	31.9335	1373.92	1400.42	-86.2185	-86.3647	6.59448e-006	187.986
38.1920	38.6718	291.583	8.56434	-292.223	-11.0752	80.2254	-13.5648	-5.59509	31.9276	1374.35	1400.18	-85.4537	-85.6018	0.000159203	189.055
38.1927	14.5611	-268.415	16.1979	-204.023	7.54946	258.434	-6.54942	4.49914	31.9276	1376.18	1400.26	-84.0707	-84.6863	0.000311811	189.962
38.1933	7.2479	-213.79	24.7398	-181.409	20.0532	356.707	5.33273	8.13306	31.9276	1376.94	1400.42	-83.0131	-83.4656	-0.000451137	189.823
38.1940	40.2062	66.9938	24.7398	-164.934	28.5988	341.742	20.9167	9.05597	31.9276	1376.35	1399.54	-83.6151	-83.9233	-0.000756307	190.125
38.1947	77.1313	95.0596	17.7217	-157.622	37.7604	259.356	35.8536	6.34494	31.9276	1375.1	1396.9	-85.1446	-86.0596	-0.000451137	191.334
38.1953	65.2311	78.2955	14.3665	-152.431	45.3885	187.324	32.7989	-0.115363	31.9335	1373.92	1394.35	-86.674	-87.5854	-0.000145967	192.869
38.1960	35.3253	96.5665	16.8059	-62.4258	48.1278	133.024	14.1861	-0.115363	31.9276	1373	1392.67	-87.5852	-88.1958	6.59448e-006	194.101
38.1967	34.101	137.504	16.1979	116.411	51.7977	53.0621	1.68266	2.94175	31.9276	1371.92	1391.31	-88.3499	-88.8062	-0.000145967	194.543
38.1973	33.1869	202.802	3.99319	316.643	52.4006	-22.3156	-12.6588	1.73044	31.9276	1371.33	1389.95	-88.9519	-89.2639	6.59448e-006	194.845
38.1980	14.2673	215.297	-0.285228	558.311	43.855	-94.3472	-21.8228	2.65334	31.9276	1372.08	1389.63	-88.4964	-88.6536	0.000311811	195.612
38.1987	-0.391778	165.57	19.8609	687.406	38.9793	-186.798	-2.89935	6.92176	31.9276	1372.84	1389.63	-87.8943	-87.8906	0.000311811	196.542
38.1993	-4.04838	79.4884	31.4576	450.296	40.1982	-197.178	16.0241	6.92176	31.9217	1373	1388.67	-87.5852	-87.8906	6.59448e-006	196.984
38.2000	-3.44438	-149.37	17.4214	19.6801	30.7352	-129.441	13.5907	1.73044	31.9276	1373.27	1388.27	-87.276	-87.5854	6.59448e-006	198.054
38.2007	-3.44438	-330.951	4.29343	-187.232	16.095	-104.728	8.10264	-1.32667	31.9335	1373	1387.79	-87.5852	-87.4329	6.59448e-006	198.984
38.2013	-4.65237	-312.366	3.3777	-94.1577	9.37129	-101.961	4.42668	2.36493	31.9276	1372.68	1386.6	-88.0408	-87.738	-0.000145967	199.425
38.2020	-1.90992	-340.431	2.16173	117.043	-0.694655	-105.018	-1.37201	7.55625	31.9217	1372.68	1385.16	-88.6591	-88.501	-0.000145967	200.355
38.2027	3.57498	-369.125	-3.64041	235.755	-21.1411	-112.342	-6.23878	9.34437	31.9276	1371.43	1383.96	-89.8794	-89.5691	-0.000298575	201.425
38.2033	5.10944	-320.591	-7.60357	162.497	-38.8483	-52.219	-6.54942	13.6705	31.9217	1370.57	1382.76	-90.937	-90.1794	-0.000298575	202.936
38.2040	5.71343	-203.995	-6.68784	23.6523	-48.9142	-12.5673	0.465967	19.4386	31.9276	1370.08	1381.4	-91.5552	-90.6372	-0.000145967	203.401
38.2047	7.54173	-95.0596	-3.64041	-128.327	-48.6127	-51.3232	13.2801	17.9389	31.9335	1370.41	1381.56	-90.6441	-89.7217	0.000159203	202.797
38.2053	5.71343	-126.83	-1.80894	-270.828	-30.3027	-9.51113	25.1881	9.34437	31.9276	1371.92	1382.6	-88.6591	-87.738	0.000159203	203.239
38.2060	5.10944	-91.9831	-1.80894	-253.765	-14.129	133.024	35.2582	4.21074	31.9217	1374.08	1383.8	-87.1296	-86.2122	0.000464373	205.075
38.2067	9.0762	23.6707	-2.41693	-100.567	-13.2116	203.211	39.8402	7.55625	31.9276	1375.43	1384.92	-86.2185	-85.2966	0.000311811	206.308
38.2073	12.4226	-22.101	-3.94815	59.6723	-11.6781	164.745	36.4748	9.34437	31.9276	1375.1	1384.28	-86.5113	-85.7544	6.59448e-006	206.749
38.2080	10.3005	-109.438	-4.55614	189.354	-3.1325	126.912	28.5275	9.34437	31.9276	1374.51	1382.76	-87.1296	-86.6699	6.59448e-006	207.517
38.2087	5.4196	-136.876	-1.80894	254.352	8.45382	116.847	16.9301	14.2473	31.9276	1374.08	1381.72	-87.276	-86.9751	0.000159203	208.586
38.2093	2.66083	-136.562	3.07746	237.561	14.2601	100.96	6.86007	16.6699	31.9217	1373.92	1381.08	-87.276	-86.8225	0.000311811	209.819
38.2100	1.74668	49.2878	7.34837	86.2134	10.2888	105.255	2.89935	7.55625	31.9217	1373.75	1380.28	-87.4388	-86.9751	0.000159203	210.725
38.2107	0.228537	150.626	7.95635	-62.1098	7.54946	150.413	-3.20999	-19.6116	31.9217	1373.43	1379.88	-87.5852	-86.9751	6.59448e-006	211.493
38.2113	-1.90992	-132.606	3.68544	30.0619	13.0412	181.844	-4.73733	-47.414	31.9217	1374.08	1379.88	-86.8205	-86.6699	6.59448e-006	213.004
38.2120	-4.65237	-284.865	-3.94815	152.747	22.8057	137.582	4.11604	-48.9137	31.9217	1375.1	1380.04	-86.0557	-85.7544	0.000159203	213.771
38.2127	-3.73822	-102.72	-6.3876	16.6108	29.5163	52.4561	13.2801	-37.6082	31.9217	1375.43	1379.72	-85.1446	-84.9915	0.000311811	213.469
38.2133	1.74668	120.112	3.3777	-248.259	30.4338	-5.53279	21.8228	-29.7059	31.9217	1376.18	1380.04	-84.2334	-84.5337	6.59448e-006	214.236
38.2140	3.28114	221.701	14.9745	-269.925	28.9134	-86.7067	24.8774	-14.1319	31.9157	1376.94	1380.28	-83.7778	-84.3811	-0.000451137	215.306
38.2147	0.228537	169.839	19.8609	-95.9632	26.161	-191.698	23.9714	16.6699	31.9217	1375.75	1378.45	-84.9982	-85.2966	-0.000145967	216.817
38.2153	-2.22008	189.366	17.7217	-69.4221	23.4086	-238.7	20.6061	48.1062	31.9157	1373.43	1376.21	-86.9832	-87.2803	-0.000145967	218.352
38.2160	-2.82407	254.664	12.535	-161.278	19.1358	-223.13	4.73733	53.2975	31.9157	1372.24	1374.93	-87.7316	-88.501	-0.000298575	219.259
38.2167	-3.44438	204.623	8.56434	-224.742	7.54946	-140.427	-12.6588	27.687	31.9088	1371.92	1373.89	-87.8943	-88.9587	-0.000145967	220.189
38.2173	-5.27268	101.778	6.74038	-214.676	-1.91358	1.1856	-16.0241	-0.115363	31.9029	1371.6	1373.17	-88.6591	-89.2639	-0.000298575	220.956
38.2180	-6.18683	-22.415	-8.5193	-185.697	-1.91358	124.778	-17.8362	-6.1719	31.9029	1371.92	1373.57	-88.3499	-88.8062	-0.000451137	221.7
38.2187	-0.0816205	-139.638	-32.6286	-251.328	-2.21503	174.52	-28.2169	2.65334	31.9029	1372.84	1374.37	-87.5852	-87.738	0.000159203	222.63
38.2193	6.33375	-139.638	-30.7971	-372.478	-8.62421	171.78	-43.1796	4.49914	31.897	1373.27	1374.37	-87.7316	-87.4329	0.000464373	223.7
38.2200	6.02359	29.1332	-14.9294	-410.304	-10.1577	111.341	-72.4837	-1.90348	31.897	1373.27	1374.85	-87.5852	-87.738	6.59448e-006	224.769
38.2207	4.19529	222.329	-13.7135	-329.417	-1.91358	-11.0392	-99.6392	-0.115363	31.9029	1373.43	1375.41	-87.5852	-87.4329	-0.000145967	225.978
38.2213	1.74668	276.012	-12.7977	-223.252	4.4956	-91.897	-89.8798	11.1902	31.897	1373.27	1375.57	-88.3499	-87.738	-0.000145967	226.583
38.2220	-1.90992	229.361	-7.91132	-154.868	6.93344	-95.8753	-50.195	21.2844	31.897	1372.08	1374.93	-89.8794	-88.9587	6.59448e-006	227.211
38.2227	-0.685612	213.79	-12.49	-130.765	4.4956	-84.8888	-13.5648	23.9954	31.897	1371.43	1374.21	-90.7905	-89.7217	0.000311811	229.187
38.2233	4.48913	106.675	-19.5081	-133.834	-6.80238	-73.2963	7.17071	19.727	31.897	1371.43	1373.89	-91.2461	-90.1794	6.59448e-006	231.326
38.2240	6.33375	-247.318	-16.1529	-116.14	-15.6494	-47.9508	17.2408	15.1702	31.897	1370.84	1373.57	-91.5552	-90.4846	-0.000298575	231.93
38.2247	1.74668	-422.243	-6.68784	-68.8353	-25.4139	-1.5808	31.8928	15.1702	31.897	1371.33	1374.05	-90.6441	-89.2639	6.59448e-006	232.093
38.2253	-3.13423	-310.796	-1.20096	6.27417	-44.0254	49.6897	45.9236	15.4586	31.897	1373.16	1375.89	-88.4964	-87.2803	-0.000145967	232.233
38.2260	-4.35853	-457.278	-3.33266	55.3842	-49.8317	85.0996	37.0961	10.2673	31.8911	1374.51	1376.93	-86.8205	-86.0596	6.59448e-006	232.698
38.2267	-5.58284	-451.188	-4.24839	48.6587	-39.4512	92.7401	16.6454	3.86465	31.8911	1375.27	1377.41	-86.3649	-85.6018	0.000464373	233.907
38.2273	-6.18683	30.3889	0.630503	72.7623	-35.7944	59.7805	4.11604	-10.7864	31.8911	1375.1	1376.93	-86.3649	-85.907	6.59448e-006	234.976
38.2280	-5.58284	300.75	1.24599	113.071	-36.7119	1.47541	-3.8054	-41.8766	31.8911	1374.67	1375.89	-86.5113	-86.5173	-0.000298575	235.906
38.2287	-4.96252	329.444	-0.893213	121.015	-35.7944	-78.7764	-9.91474	-58.6619	31.8911	1374.08	1374.93	-86.9832	-86.9751	0.000311811	236.976
38.2293	-2.53023	330.637	0.330264	97.8139	-32.1245	-150.492	-8.69805	-43.7224	31.8852	1373.16	1374.37	-87.4388	-87.2803	0.000311811	238.046
38.2300	0.228537	168.018	1.54623	32.1833	-26.3314	-149.57	-1.96742	-28.4946	31.8852	1373.27	1373.89	-87.276	-87.5854	-0.000451137	239.255
38.2307	0.228537	-28.2542	1.54623	-19.9961	-20.5251	-84.5726	1.9933	-15.9777	31.8911	1373.75	1373.41	-86.8205	-87.5854	-0.000451137	240.324
38.2313	-1.30593	8.09953	3.07746	-20.3121	-17.1698	-27.822	-1.37201	15.8047	31.8911	1373.43	1373.25	-86.3649	-87.1277	0.000464373	241.696
38.2320	-2.22008	206.13	5.51691	19.0933	-17.7858	-36.3583	-6.54942	43.5494	31.8911	1374.19	1374.53	-85.4537	-85.907	0.000159203	242.766
38.2327	-3.73822	261.697	6.74038	98.7167	-15.3479	-69.0018	-1.96742	36.2239	31.8911	1375.59	1375.57	-84.3799	-84.6863	-0.000451137	242.766
38.2333	-6.18683	205.816	5.20916	178.069	-8.32275	-71.1359	0.776611	17.9389	31.8911	1376.51	1375.89	-83.9243	-84.3811	6.59448e-006	243.835
38.2340	-6.18683	233.631	2.46197	204.926	-1.61212	-59.5434	-9.00869	11.4786	31.897	1376.78	1376.37	-83.9243	-84.3811	6.59448e-006	245.811
38.2347	-4.65237	81.3093	1.54623	189.67	0.825722	-52.825	-27.9062	-0.403769	31.8911	1375.43	1375.57	-84.9982	-85.144	-0.000298575	247.648
38.2353	-5.27268	-251.337	1.24599	159.156	-0.694655	-45.8168	-50.195	-22.3803	31.897	1373.27	1373.57	-87.1296	-87.2803	-0.000298575	248.881
38.2360	-6.18683	-240.035	0.938249	121.015	-2.52959	-28.1118	-66.0637	-39.7424	31.897	1372.08	1372.05	-88.8055	-88.9587	6.59448e-006	249.625
38.2367	-5.27268	53.5574	3.07746	95.9632	-0.694655	-12.8571	-77.9718	-43.7224	31.9029	1372.08	1371.89	-89.1146	-88.8062	6.59448e-006	250.857
38.2373	-4.96252	194.828	4.90892	136.858	2.96211	-26.2939	-69.4291	-36.6853	31.9088	1371.92	1371.89	-89.2611	-88.8062	-0.000298575	251.764
38.2380	-4.04838	192.694	2.46197	255.887	5.71452	-43.0767	-29.4336	-25.0914	31.9029	1371.6	1372.05	-89.2611	-88.9587	-0.000298575	252.229
38.2387	12.1288	177.75	-1.80894	357.222	7.2349	-19.2594	1.68266	-8.0177	31.9029	1372.08	1372.37	-88.4964	-88.3484	0.000311811	253.136
38.2393	31.3586	9.92036	-3.94815	393.512	10.2888	22.5527	9.31934	7.55625	31.9088	1373.16	1372.85	-88.0408	-87.738	0.000311811	254.507
38.2400	25.2534	-228.733	-3.64041	297.098	13.0412	53.9842	17.2408	12.7476	31.9157	1373.27	1373.17	-88.0408	-87.738	6.59448e-006	255.74
38.2407	12.4226	-254.978	-3.03242	-0.451379	12.1237	84.1774	25.7835	9.05597	31.9088	1372.84	1372.69	-88.3499	-87.8906	0.000159203	256.507
38.2413	8.45588	-176.243	0.022518	-273.897	8.15237	121.721	30.3655	1.73044	31.9088	1372.68	1372.05	-89.1146	-88.3484	-0.000145967	257.274
38.2420	-2.82407	-276.954	6.74038	-336.774	3.57813	129.046	35.8536	0.230725	31.9217	1371.6	1371.33	-90.0258	-89.4165	-0.000451137	258.646
38.2427	-15.0345	-376.408	9.48007	-265.366	1.74319	61.9145	35.8536	8.47915	31.9157	1370.57	1370.38	-91.0997	-90.4846	-0.000145967	260.622
38.2433	-18.3973	87.4624	3.07746	-117.945	4.79705	-1.87061	24.2562	16.6699	31.9157	1370.41	1370.69	-90.937	-89.8743	0.000464373	261.994
38.2440	-17.4831	493.946	-7.60357	48.9747	9.06983	36.8853	-4.11604	22.2073	31.9217	1370.84	1371.33	-90.4814	-89.4165	0.000464373	263.064
38.2447	-13.5163	-49.9157	-15.5449	114.921	11.8222	94.2682	-20.2954	26.1296	31.9276	1371.92	1371.73	-90.1722	-89.2639	0.000311811	264.273
38.2453	-11.0677	-323.039	-14.9294	23.0203	12.1237	25.2928	9.31934	14.5357	31.9335	1373.59	1373.41	-88.2035	-87.5854	0.000464373	264.738
38.2460	-11.9819	179.571	-9.13479	-139.928	8.15237	-98.6154	52.033	-9.5751	31.9335	1374.83	1375.25	-86.674	-86.2122	0.000464373	265.04
38.2467	-10.7576	269.608	-8.21906	-257.422	4.79705	-111.736	74.3217	-21.4574	31.9335	1374.83	1375.73	-86.8205	-86.0596	0.000159203	265.807
38.2473	-7.41114	54.1852	-10.0505	-277.553	11.2062	-67.1839	84.3918	-23.5917	31.9276	1374.51	1375.41	-87.1296	-86.2122	0.000159203	267.04
38.2480	-2.22008	71.2633	-9.43503	-201.857	23.1071	-85.7846	86.8251	-35.1856	31.9276	1374.19	1374.85	-87.1296	-86.6699	0.000159203	268.551
38.2487	7.2479	93.5527	-5.16412	-62.1098	30.1323	-106.546	76.1338	-32.763	31.9394	1373.43	1374.53	-87.4388	-86.9751	0.000159203	269.783
38.2493	9.38635	38.3001	4.90892	50.5093	35.008	-82.4386	58.4529	0.230725	31.9463	1373.16	1374.21	-88.2035	-87.4329	-0.000145967	270.992
38.2500	3.57498	51.1087	17.4214	53.5787	38.6779	-58.0153	45.9236	21.8612	31.9335	1373.27	1374.21	-88.0408	-87.2803	6.59448e-006	272.364
38.2507	-6.79082	157.03	23.216	33.718	32.2687	-38.4924	43.1796	19.4386	31.9394	1373.16	1374.21	-87.5852	-87.1277	0.000464373	273.434
38.2513	-27.8489	286.686	21.6923	88.0641	16.3965	-15.3074	31.5822	19.4386	31.9522	1373.75	1374.37	-87.1296	-86.5173	0.000464373	274.806
38.2520	-58.375	259.562	25.3552	235.439	-6.48781	6.37588	5.04797	20.6499	31.9394	1375.27	1374.93	-86.2185	-85.2966	0.000159203	275.875
38.2527	-80.9512	-13.2481	33.2891	457.022	-34.8769	17.6522	-23.0395	16.3815	31.9394	1375.59	1375.57	-85.6002	-84.6863	-0.000145967	276.038
38.2533	-85.5383	-196.084	33.5893	606.518	-58.0627	24.0545	-45.613	12.4015	31.9522	1376.02	1375.89	-84.9982	-84.2285	-0.000298575	276.34
38.2540	-91.0231	-287.628	28.4027	613.244	-66.0053	39.9415	-54.777	10.9018	31.9522	1376.02	1375.25	-84.9982	-84.6863	-0.000145967	277.852
38.2547	-98.3527	-472.849	22.9083	431.654	-57.7612	67.3946	-52.033	6.34494	31.9463	1374.19	1373.17	-86.674	-86.3647	-0.000298575	279.549
38.2553	-87.6604	-445.098	19.5531	-62.1098	-36.3973	100.96	-41.031	-6.51799	31.9463	1372.51	1371.49	-88.3499	-88.0432	-0.000298575	281.362
38.2560	-77.8986	-91.9831	21.3846	-586.071	-9.24022	117.743	-20.8908	-17.4774	31.9463	1371.76	1370.38	-88.9519	-88.8062	0.000159203	283.199
38.2567	-64.17	245.811	26.271	-697.471	7.54946	98.5363	-6.54942	-19.3232	31.9463	1371.33	1369.66	-89.5702	-89.1113	0.000311811	284.734
38.2573	48.7437	185.096	22.9083	-428.63	6.01597	71.373	-1.96742	-21.7459	31.9463	1371	1369.5	-89.2611	-89.1113	-0.000145967	285.176
38.2580	179.369	-223.208	0.022518	-89.5537	-1.91358	85.0996	-4.11604	-20.5345	31.9463	1371	1369.34	-88.8055	-88.8062	-0.000298575	285.803
38.2587	139.995	-468.58	-34.7678	160.962	-4.96744	125.067	-14.1861	3.86465	31.9463	1371.92	1369.34	-88.8055	-88.501	-0.000298575	287.013
38.2593	39.2921	-239.721	-51.5512	246.137	-3.74852	114.713	-18.7681	39.5694	31.9463	1371.92	1369.18	-88.0408	-87.738	6.59448e-006	287.478
38.2600	15.7854	55.3782	-34.1598	137.49	-0.393201	45.1318	-15.4028	54.5088	31.9463	1371.6	1368.38	-88.2035	-87.5854	0.000616981	289.314
38.2607	22.8048	49.9157	-2.41693	35.2527	3.57813	-44.8946	-12.0375	45.0491	31.9463	1372.51	1368.38	-88.4964	-88.1958	6.59448e-006	291.291
38.2613	27.9958	-34.3445	19.5531	11.465	6.63199	-128.835	-9.00869	34.3781	31.9463	1372.51	1368.14	-88.3499	-88.3484	-0.000298575	291.593
38.2620	38.0678	3.20214	28.4027	-31.2806	9.68585	-144.379	-3.8054	32.8783	31.9463	1370.84	1366.3	-89.5702	-89.1113	-0.000145967	293.128
38.2627	47.5194	49.2878	29.6262	-13.5865	12.1237	-72.664	2.89935	28.8983	31.9463	1369.76	1364.62	-90.7905	-90.0269	0.000159203	295.569
38.2633	46.6053	-6.27871	29.6262	48.3879	12.7266	25.5826	5.33273	9.34437	31.9522	1369.65	1363.1	-91.2461	-90.4846	0.000311811	296.941
38.2640	45.3973	-28.5053	32.0656	32.1833	12.4251	71.979	-1.68266	-18.4003	31.9463	1369.76	1362.14	-91.2461	-90.7898	-0.000145967	297.708
38.2647	47.2256	8.09953	34.5051	95.9632	9.9873	111.947	-7.17071	-27.5717	31.9394	1371.16	1362.94	-89.7167	-89.4165	6.59448e-006	298.313
38.2653	48.4336	-62.4103	26.879	262.612	4.4956	185.507	-5.33273	-20.5345	31.9463	1372.84	1363.98	-88.0408	-87.2803	0.000464373	298.917
38.2660	71.0261	-168.897	2.46197	124.671	-2.52959	165.668	-5.64338	-16.9006	31.9463	1374.19	1364.3	-87.276	-86.0596	6.59448e-006	300.149
38.2667	89.3418	-108.81	-32.9363	-291.591	-9.54168	82.3595	-14.8074	-19.6116	31.9463	1374.83	1364.14	-86.3649	-85.2966	-0.000145967	301.963
38.2673	38.0678	-165.256	-64.9794	-345.305	-14.129	53.0621	-24.5668	-25.7259	31.9463	1374.35	1363.18	-86.5113	-85.7544	0.000159203	303.195
38.2680	-34.2643	-461.862	-74.7447	-75.8317	-15.3479	31.089	-27.0002	-26.6488	31.9463	1374.08	1361.51	-87.5852	-86.6699	6.59448e-006	304.102
38.2687	-46.7685	-342.566	-57.9613	38.3221	-15.0334	-15.5972	-25.1622	-19.0348	31.9463	1373.59	1360.15	-88.2035	-86.9751	-0.000298575	305.637
38.2693	-34.5744	25.8055	-33.244	88.6509	-14.129	-62.9157	-22.7288	-15.3432	31.9463	1373.27	1359.11	-88.0408	-87.1277	6.59448e-006	307.148
38.2700	-34.5744	115.214	-17.6766	153.965	-10.1577	-108.996	-18.4575	-18.1119	31.9394	1373.59	1358.31	-87.7316	-87.1277	0.000159203	308.218
38.2707	-30.5914	221.073	-11.2665	124.039	-3.74852	-141.35	-9.60409	-14.7664	31.9335	1373.43	1357.59	-87.8943	-87.1277	0.000159203	309.589
38.2713	-53.4941	380.678	-9.13479	23.9682	1.14028	-154.76	-2.27806	-3.46088	31.9394	1373.27	1356.95	-88.0408	-86.8225	0.000464373	310.984
38.2720	-116.652	453.637	-6.68784	-104.223	3.27667	-157.816	-3.8054	3.57624	31.9463	1374.08	1356.95	-87.1296	-85.7544	6.59448e-006	311.426
38.2727	-151.145	484.779	-0.285228	-228.127	5.09851	-139.505	0.465967	7.55625	31.9394	1375.27	1357.43	-85.7466	-84.5337	-0.000603745	312.031
38.2733	-149.61	467.387	5.20916	-281.525	11.8222	-101.672	15.7134	16.0931	31.9394	1376.02	1357.75	-85.291	-84.0759	-0.000145967	313.426
38.2740	-146.868	332.771	2.46197	-282.744	22.8057	-89.4468	22.4441	23.1302	31.9394	1375.86	1357.11	-85.7466	-84.6863	-0.000298575	314.937
38.2747	-144.125	38.3001	-3.64041	-281.209	32.2687	-100.433	18.4575	28.8983	31.9394	1374.67	1355.11	-86.9832	-86.0596	-0.000451137	316.774
38.2753	-150.835	-180.199	-5.77211	-256.203	31.3512	-90.9749	15.7134	39.281	31.9335	1372.68	1353.04	-88.9519	-87.738	-0.000298575	318.146
38.2760	-160.596	-192.442	-10.3508	-215.308	16.6979	-68.712	17.5514	42.0497	31.9276	1371.16	1351.76	-90.0258	-88.8062	-0.000145967	319.82
38.2767	-145.35	-117.035	-18.5923	-168.319	0.825722	-35.1464	19.3894	33.1668	31.9335	1371	1350.72	-90.1722	-88.9587	-0.000145967	321.355
38.2773	-113.306	102.72	-17.9844	-116.411	-6.48781	0.263466	15.118	31.0325	31.9335	1371.33	1350.56	-90.0258	-88.6536	-0.000298575	322.261
38.2780	-54.4082	248.574	-11.882	-48.0719	-11.9926	-0.658665	9.00869	35.0126	31.9335	1372.08	1351.04	-89.2611	-88.0432	-0.000298575	323.331
38.2787	90.8599	-0.753445	-7.91132	106.977	-19.6207	9.40574	12.6588	31.9554	31.9335	1372.51	1351.04	-88.9519	-87.5854	-0.000145967	324.4
38.2793	190.959	-281.223	-3.64041	272.362	-26.0299	73.7969	25.4987	18.5157	31.9276	1372.08	1350.72	-89.1146	-88.0432	6.59448e-006	325.307
38.2800	131.752	-336.476	-3.33266	331.899	-23.2775	148.885	33.1095	-3.74928	31.9276	1372.08	1350.4	-88.9519	-88.501	6.59448e-006	326.377
38.2807	69.8018	-359.016	-6.68784	304.41	-8.32275	199.549	30.0549	-20.2461	31.9276	1372.35	1350.56	-88.8055	-88.1958	-0.000145967	327.749
38.2813	71.6301	-333.085	-6.3876	195.763	4.19414	223.946	33.1095	-22.0343	31.9217	1372.08	1350.56	-88.6591	-87.8906	0.000464373	329.446
38.2820	74.6827	-164.063	-3.64041	43.7838	6.31743	223.656	41.3675	-22.9572	31.9217	1371.16	1349.52	-89.5702	-89.1113	0.000311811	331.12
38.2827	65.5249	181.141	-0.585468	-68.2034	11.2062	168.408	38.3128	-26.3604	31.9217	1369.92	1347.92	-90.7905	-90.4846	-0.000298575	332.027
38.2833	63.4028	436.872	1.85398	-69.1062	16.9994	81.1212	26.4048	-23.5917	31.9217	1369	1346.88	-91.0997	-90.9424	0.000159203	333.096
38.2840	78.9596	360.9	0.938249	43.4678	13.3426	16.1241	14.8074	-15.9777	31.9157	1369.49	1347.36	-90.6441	-90.4846	0.000464373	334.77
38.2847	93.6024	195.142	0.938249	93.2098	6.63199	-63.5217	8.69805	-10.4403	31.9088	1371.76	1349.68	-88.9519	-88.8062	0.000159203	336.305
38.2853	91.1701	165.883	2.16173	24.555	4.19414	-137.371	12.6588	-9.5751	31.9088	1373.27	1351.44	-86.9832	-86.8225	0.000922151	337.072
38.2860	49.0539	265.652	0.938249	-20.5829	0.825722	-114.792	21.5121	-7.0948	31.9029	1373.92	1352.08	-86.2185	-85.907	0.00137988	338.444
38.2867	-3.13423	207.386	0.938249	-73.3943	-8.0213	-62.3097	31.2974	-7.0948	31.9029	1374.35	1352.56	-86.0557	-86.2122	6.59448e-006	339.049
38.2873	-14.7243	-124.381	0.630503	-134.737	-15.6494	-101.961	34.3262	-17.4774	31.897	1373.27	1352.08	-86.2185	-86.6699	-0.000756307	339.351
38.2880	-22.364	-250.709	-4.85638	-119.796	-15.0334	-174.309	15.4287	-29.7059	31.897	1372.68	1351.44	-86.9832	-86.9751	0.000159203	341.792
38.2887	-37.9209	-53.8713	-9.74278	-116.14	-6.80238	-191.698	-16.9301	-32.4169	31.897	1372.84	1351.6	-87.276	-86.9751	0.000769543	343.629
38.2893	-32.1258	124.632	-7.91132	-148.775	-0.694655	-194.754	-34.3262	-18.1119	31.8911	1372.68	1351.6	-86.9832	-86.9751	0.000159203	344.234
38.2900	-4.96252	247.318	-5.47187	-120.699	-4.96744	-229.532	-24.2562	10.9018	31.8911	1372.35	1351.2	-87.276	-87.1277	-0.000451137	345.164
38.2907	25.8574	359.016	-5.47187	-22.7495	-8.0213	-191.092	-9.00869	34.3781	31.8911	1371.76	1350.24	-88.3499	-87.738	6.59448e-006	346.071
38.2913	29.2201	305.334	-7.91132	68.8353	-7.40528	-6.74473	-9.60409	47.241	31.8852	1372.68	1350.88	-87.8943	-87.2803	6.59448e-006	348.047
38.2920	24.3392	66.3659	-13.098	43.197	-11.3766	133.314	-10.2254	44.4723	31.8792	1374.19	1352.56	-86.5113	-85.6018	6.59448e-006	349.116
38.2927	24.6331	-31.8958	-15.5449	-80.1198	-8.93877	110.419	-3.20999	18.2273	31.8792	1375.27	1353.6	-85.4537	-84.6863	6.59448e-006	349.884
38.2933	3.88513	-113.393	-16.7609	-128.011	0.825722	22.8425	-1.37201	-9.5751	31.8723	1376.18	1354.71	-84.8354	-84.3811	-0.000451137	351.721
38.2940	-13.5163	-431.033	-16.4531	-64.2313	1.14028	-44.8946	-7.17071	-20.823	31.8723	1375.75	1354.07	-85.291	-84.8389	-0.000603745	353.092
38.2947	-13.8102	-491.811	-3.64041	27.3084	-6.48781	-55.5914	-11.7527	-20.5345	31.8723	1373.59	1351.44	-87.5852	-87.2803	-0.000298575	354.162
38.2953	-38.5412	-215.925	9.48007	102.689	-5.88491	-42.4707	-10.8208	-15.3432	31.8723	1371.92	1349.52	-89.2611	-88.8062	6.59448e-006	355.836
38.2960	-59.2891	-21.222	11.6193	158.524	-1.31067	-56.4871	-3.8054	-15.0548	31.8723	1371.16	1348.88	-89.5702	-88.8062	6.59448e-006	357.975
38.2967	-33.3501	45.0183	17.7217	211.652	-3.44706	-96.1652	8.69805	-23.3032	31.8723	1371	1348.56	-89.8794	-88.8062	-0.000451137	359.184
38.2973	-5.27268	14.1899	23.216	179.288	-6.80238	-133.103	13.5907	-32.1285	31.8664	1371	1348.4	-90.0258	-88.9587	-0.000603745	359.649
38.2980	35.0152	-51.7365	16.5057	-8.98245	-0.0786402	-37.2805	3.83128	-32.4169	31.8664	1371.6	1348.4	-89.5702	-88.8062	-0.000145967	360.719
38.2987	82.9264	-55.6921	12.2273	-200.954	13.3426	138.504	-0.465967	-21.7459	31.8723	1371.92	1348.72	-89.1146	-88.501	6.59448e-006	362.091
38.2993	89.0316	-40.7488	21.9926	-203.392	20.3678	123.566	8.10264	-2.53798	31.8664	1372.24	1349.36	-88.8055	-87.5854	0.000159203	363.927
38.3000	83.2365	-66.052	34.5051	-51.7281	27.6813	-11.6452	11.1314	18.2273	31.8605	1372.51	1349.52	-88.3499	-86.9751	0.000311811	365.904
38.3007	82.0122	-131.099	35.1205	43.4678	35.624	-32.6962	-5.33273	30.4557	31.8605	1372.35	1348.72	-88.4964	-87.738	-0.000145967	366.811
38.3013	64.6108	-173.481	29.6262	10.2012	24.6406	0.579626	-31.5822	34.7241	31.8605	1372.08	1348.08	-88.8055	-88.3484	-0.000145967	367.578
38.3020	42.3447	-52.6156	19.2454	-57.2349	4.19414	-16.5193	-44.7069	42.6265	31.8546	1371	1347.36	-89.7167	-88.9587	0.000311811	369.252
38.3027	29.8241	121.305	-3.94815	-102.689	-2.21503	-5.53279	-37.6915	51.1633	31.8546	1369.92	1346.24	-90.7905	-89.4165	0.000464373	371.554
38.3033	22.8048	120.677	-15.5449	-138.393	1.44174	73.1909	-27.3108	44.7607	31.8546	1370.25	1345.52	-91.2461	-89.8743	0.000311811	373.391
38.3040	16.4057	72.4563	-6.3876	-153.65	6.93344	137.292	-20.8908	29.1867	31.8546	1370.25	1345.05	-91.7017	-90.4846	-0.000145967	373.832
38.3047	9.68019	155.775	5.82465	-99.3486	10.2888	144.011	-13.5648	22.7841	31.8546	1371.16	1346.16	-90.3349	-89.2639	6.59448e-006	374.297
38.3053	4.79928	272.37	23.824	-7.17693	3.87958	127.518	-2.89935	24.3415	31.8487	1373.16	1347.84	-87.7316	-86.9751	0.000464373	375.669
38.3060	10.5943	172.602	44.2704	36.1555	-11.0752	116.847	7.17071	20.996	31.8418	1374.51	1348.4	-86.674	-85.7544	0.000311811	377.041
38.3067	15.7854	-78.2955	73.874	26.7217	-20.8396	115.003	10.8467	10.2673	31.8487	1374.83	1347.92	-86.674	-85.4492	6.59448e-006	377.646
38.3073	-3.44438	-177.75	98.899	0.135414	-21.1411	105.255	9.91474	3.57624	31.8487	1373.92	1347.04	-87.1296	-85.7544	6.59448e-006	379.017
38.3080	-19.9154	-50.4808	72.0425	-10.2012	-18.7033	87.2337	9.62998	-0.692176	31.8487	1373	1345.84	-88.0408	-86.8225	0.000311811	380.715
38.3087	0.832529	97.8223	26.879	61.207	-19.0047	91.818	10.2254	-12.2861	31.8487	1372.35	1343.85	-89.1146	-87.8906	0.000159203	382.087
38.3093	24.3392	-85.3276	28.1024	187.548	-19.9222	99.1423	6.86007	-24.803	31.8487	1372.51	1342.89	-89.2611	-88.0432	-0.000145967	383.156
38.3100	18.234	-256.485	59.53	276.966	-16.8683	73.7969	-2.27806	-33.0514	31.8487	1372.84	1343.05	-88.4964	-87.4329	-0.000145967	384.365
38.3107	-3.73822	-48.66	96.4595	323.323	-6.48781	40.2313	-7.48136	-35.8201	31.8546	1372.51	1342.81	-88.2035	-87.1277	6.59448e-006	385.9
38.3113	-29.0732	-90.1622	115.99	281.209	8.76838	10.644	-5.02209	-33.3398	31.8546	1372.68	1342.33	-87.7316	-86.6699	-0.000145967	387.272
38.3120	-49.2171	-345.894	79.0606	153.334	21.8882	-14.9912	-5.95402	-31.494	31.8487	1373.92	1342.65	-86.9832	-85.907	6.59448e-006	388.783
38.3127	-79.7269	-227.226	20.1611	112.755	24.0246	-1.87061	-10.8208	-29.9943	31.8487	1375.59	1343.85	-85.6002	-84.3811	6.59448e-006	389.853
38.3133	-108.718	-12.3691	-18.5923	203.076	13.0412	52.7459	-17.2408	-28.783	31.8546	1376.18	1344.01	-84.9982	-83.9233	0.000159203	390.783
38.3140	-47.3888	13.562	-53.9906	235.439	3.27667	90.2899	-26.6895	-28.783	31.8487	1375.43	1342.65	-86.0557	-85.2966	-0.000145967	392.294
38.3147	33.7909	48.9739	-68.0343	142.365	-0.694655	98.5363	-28.2169	-29.0714	31.8487	1373.92	1340.97	-87.4388	-86.8225	-0.000451137	394.433
38.3153	25.8574	75.2189	-73.829	123.136	-8.32275	96.6921	-14.1861	-26.6488	31.8487	1372.35	1338.97	-89.1146	-88.1958	-0.000298575	395.805
38.3160	10.3005	-125.26	-100.685	211.336	-11.0752	57.6464	-0.155322	-20.2461	31.8487	1371	1337.29	-90.0258	-89.4165	-0.000145967	397.037
38.3167	11.8186	-321.533	-124.187	147.24	-1.31067	13.7002	6.57531	-19.0348	31.8487	1370.84	1336.66	-89.7167	-89.1113	-0.000145967	399.176
38.3173	-8.61912	-312.931	-134.868	-57.8217	11.5077	24.9766	11.4421	-26.3604	31.8487	1371.43	1336.66	-89.1146	-88.6536	-0.000603745	400.246
38.3180	-15.6385	-285.493	-120.216	-112.168	22.5042	50.928	13.2801	-27.2256	31.8546	1371.92	1336.81	-89.1146	-88.8062	-0.00106152	400.385
38.3187	-3.73822	-224.15	-78.4076	-30.3778	26.4624	29.2447	10.8467	-15.0548	31.8487	1371.6	1336.34	-89.2611	-88.3484	-0.000908915	401.315
38.3193	8.16205	23.3568	-41.7859	-69.1062	27.3799	-30.5621	5.95402	-5.88349	31.8487	1371.92	1335.78	-89.1146	-87.8906	-0.000451137	403.129
38.3200	38.6718	382.813	-23.4787	-221.718	33.4876	-102.278	-1.37201	-11.7093	31.8487	1372.51	1335.62	-88.6591	-88.0432	6.59448e-006	405.57
38.3207	56.6773	468.015	-21.3395	-230.881	35.3094	-182.529	-3.20999	-10.1519	31.8487	1372.51	1336.1	-88.2035	-87.738	6.59448e-006	407.268
38.3213	46.0013	218.059	-29.8814	-64.2313	26.4624	-254.561	0.465967	13.036	31.8487	1371.92	1335.94	-88.4964	-88.1958	-0.000298575	408.012
38.3220	48.7437	58.1408	-31.4126	-6.545	15.1776	-291.789	-1.37201	35.5894	31.8487	1370.68	1333.94	-90.0258	-89.5691	-0.000298575	409.546
38.3227	54.849	26.1194	-12.1822	-164.347	3.57813	-266.47	-2.27806	50.5865	31.8487	1369.92	1332.42	-90.937	-90.0269	0.000159203	411.685
38.3233	46.3115	-3.20214	4.90892	-326.392	-8.0213	-163.929	1.9933	63.9686	31.8487	1369.65	1331.94	-90.7905	-89.8743	0.000464373	413.057
38.3240	31.3586	51.4226	-6.07985	-356.274	-13.2116	-39.7043	2.89935	65.8144	31.8418	1369.65	1331.46	-91.0997	-90.0269	0.000464373	414.127
38.3247	20.3725	74.905	-32.6286	-304.41	-8.32275	49.0837	-4.11604	46.8949	31.8359	1371.6	1332.58	-89.8794	-88.6536	0.000311811	414.894
38.3253	0.832529	10.2343	-43.6173	-228.714	-4.04997	138.504	-9.91474	17.9389	31.8359	1373.43	1334.42	-87.4388	-86.3647	0.000464373	415.638
38.3260	-45.5605	-17.2664	-36.2915	-130.449	-5.58345	199.233	-7.76611	-3.11479	31.8299	1374.19	1334.5	-86.674	-85.7544	0.000464373	417.033
38.3267	-76.6743	6.84379	-28.0499	-38.0061	-6.18636	171.464	-0.465967	-12.9206	31.8359	1374.67	1334.26	-86.674	-86.2122	-0.000145967	418.544
38.3273	-55.0122	113.959	-16.7609	36.4714	-10.7606	103.41	4.11604	-13.209	31.8359	1374.19	1333.78	-86.8205	-86.2122	0.000311811	420.381
38.3280	-13.2062	210.399	0.938249	154.281	-17.4843	36.8853	1.9933	-6.80639	31.8359	1373.27	1332.82	-87.5852	-86.5173	0.000464373	421.753
38.3287	7.2479	187.859	17.4214	328.514	-16.5669	0.869438	-3.49475	1.15363	31.8359	1373.16	1332.1	-88.2035	-87.4329	-0.000756307	422.358
38.3293	9.68019	84.3858	26.5712	465.237	-15.3479	-32.0902	-6.86007	7.55625	31.8359	1373.16	1331.94	-88.6591	-87.5854	-0.000603745	423.59
38.3300	13.9571	-7.47166	39.9994	460.362	-14.129	-74.1921	-5.33273	2.94175	31.8299	1373	1331.46	-88.6591	-87.4329	6.59448e-006	425.729
38.3307	16.4057	3.51608	71.1268	283.963	-7.71984	-56.8033	-1.06137	-4.67219	31.8299	1372.68	1331.06	-88.2035	-87.2803	0.000159203	427.101
38.3313	14.2673	-56.0061	68.6873	13.5865	-2.21503	10.644	3.83128	1.73044	31.8359	1373	1330.9	-88.2035	-86.6699	6.59448e-006	428.17
38.3320	9.0762	72.7702	-0.285228	-155.771	-0.694655	61.5984	10.536	4.78755	31.8299	1374.08	1330.9	-87.8943	-86.2122	6.59448e-006	429.077
38.3327	-2.82407	644.07	-51.5512	-121.286	-0.694655	61.3086	12.9694	-13.4974	31.824	1375.1	1331.46	-86.674	-85.4492	-0.000145967	430.147
38.3333	-0.99577	452.758	-35.6835	-4.42352	-0.0786402	28.349	8.3874	-33.0514	31.8299	1375.86	1332.26	-85.6002	-84.5337	-0.000451137	431.681
38.3340	24.0291	-597.356	-5.16412	57.8217	1.14028	16.1241	5.64338	-27.2256	31.8299	1375.27	1331.14	-86.3649	-85.144	-0.000145967	433.193
38.3347	42.0345	-601.94	5.51691	-20.5829	0.825722	6.37588	8.3874	-15.3432	31.8181	1373.27	1328.74	-88.2035	-87.1277	6.59448e-006	434.867
38.3353	38.3779	130.158	6.12489	-226.276	-2.21503	-25.9778	10.536	-25.7259	31.824	1371.43	1326.91	-89.8794	-88.501	-0.000145967	436.866
38.3360	22.8048	128.023	3.07746	-346.84	-5.58345	-28.1118	8.3874	-35.8201	31.8299	1370.68	1325.23	-90.7905	-89.2639	-0.000298575	438.54
38.3367	6.93774	-42.2557	-1.20096	-251.328	-7.40528	2.39754	7.792	-23.5917	31.8299	1370.84	1324.75	-90.7905	-89.2639	-0.000603745	439.61
38.3373	-11.3779	124.946	-2.41693	-35.8395	-6.48781	5.13759	13.5907	-2.53798	31.824	1371.76	1325.23	-89.8794	-88.501	-0.000451137	441.284
38.3380	-17.7769	139.011	-2.41693	165.882	-2.52959	-9.51113	16.6454	8.13306	31.824	1372.68	1325.55	-89.1146	-87.8906	0.000159203	442.958
38.3387	-19.0012	-22.415	-4.24839	289.154	3.27667	-17.1253	12.0634	7.55625	31.824	1372.35	1325.07	-89.2611	-87.8906	-0.000145967	443.725
38.3393	-61.4276	-93.8667	-3.94815	230.249	7.85091	-22.0258	5.95402	9.69046	31.8181	1372.08	1324.19	-89.4238	-88.1958	-0.000451137	444.795
38.3400	-94.9899	8.7274	-0.285228	-31.2806	8.76838	9.11593	2.30395	8.47915	31.8181	1371.6	1323.23	-89.7167	-88.1958	0.000159203	446.004
38.3407	-58.6688	193.635	3.3777	-189.354	6.01597	21.0246	3.20999	0.519132	31.8181	1371.92	1322.35	-90.0258	-88.3484	0.000464373	447.539
38.3413	-6.79082	226.599	1.54623	-116.411	6.63199	-65.0498	5.64338	1.15363	31.8181	1372.51	1321.87	-90.1722	-89.1113	-0.000298575	449.213
38.3420	12.1288	61.4685	-4.55614	-14.8052	13.9586	-163.323	4.11604	0.519132	31.824	1371	1320.51	-90.7905	-89.8743	-0.000451137	449.98
38.3427	8.45588	-166.762	-9.13479	61.7938	18.2314	-173.387	1.06137	-2.82638	31.8181	1369.17	1318.36	-91.8644	-90.6372	0.000159203	451.352
38.3433	5.10944	-271.742	-6.68784	186.329	17.3139	-109.918	7.48136	12.1131	31.8181	1369.17	1317.32	-92.7755	-91.2476	0.000311811	453.491
38.3440	6.62758	-181.141	0.022518	334.021	14.5615	-23.5539	19.7	35.0126	31.8181	1370.57	1317.72	-92.0108	-90.6372	6.59448e-006	454.863
38.3447	7.54173	-119.798	3.68544	386.2	10.2888	46.3437	15.118	42.6265	31.8112	1371.92	1319.16	-90.0258	-88.3484	6.59448e-006	455.328
38.3453	7.2479	-96.3154	3.07746	303.191	7.54946	90.2899	-2.27806	34.7241	31.8053	1373.27	1320.19	-87.8943	-86.2122	0.000464373	457.002
38.3460	6.62758	21.222	3.68544	103.908	5.41307	122.038	-9.91474	18.8041	31.8112	1374.83	1320.51	-87.1296	-85.6018	0.000616981	458.839
38.3467	3.28114	36.7932	6.74038	-88.0641	-5.26889	123.566	-17.5514	5.07595	31.8053	1375	1319.72	-87.4388	-86.0596	0.000464373	460.048
38.3473	-1.90992	0.125574	7.34837	18.1454	-15.0334	71.373	-33.7049	-1.90348	31.8053	1374.19	1318.68	-87.7316	-86.3647	0.000311811	461.117
38.3480	-7.41114	156.403	6.43264	305.629	-5.58345	-14.7014	-42.8689	-14.1319	31.8053	1373.43	1317.72	-88.0408	-86.5173	0.000159203	462.35
38.3487	-13.5163	353.554	7.64861	356.906	6.63199	-49.1891	-35.2323	-34.2627	31.7994	1373	1316.84	-88.2035	-87.1277	6.59448e-006	463.861
38.3493	-13.2062	304.078	6.74038	185.381	7.2349	6.05972	-18.7681	-45.8566	31.8053	1373.16	1316.52	-88.0408	-87.2803	-0.000145967	465.233
38.3500	-12.5859	96.0014	3.3777	-18.4614	4.4956	94.558	-11.1314	-40.6653	31.8053	1373.16	1316.2	-87.7316	-86.6699	-0.000145967	466.465
38.3507	-29.6772	102.406	3.07746	-193.958	1.44174	219.072	-10.8208	-25.4375	31.8053	1373.16	1315.8	-88.0408	-86.9751	-0.000451137	467.674
38.3513	-60.8072	63.6033	2.46197	-338.896	-1.91358	321.929	-8.07676	-15.0548	31.7994	1373.43	1315.16	-88.6591	-87.738	6.59448e-006	469.511
38.3520	-82.4856	-306.275	-4.85638	-399.922	-9.24022	313.367	-7.48136	-18.1119	31.7935	1374.08	1315.48	-87.5852	-86.6699	0.000159203	470.278
38.3527	-90.4192	-488.107	-7.30333	-313.889	-19.9222	219.072	-4.42668	-22.3803	31.7994	1375.1	1316.84	-85.7466	-84.6863	-0.000451137	470.418
38.3533	-99.2668	-402.088	3.3777	-174.413	-18.0872	89.0779	6.26466	-16.2661	31.7935	1375.75	1317	-85.9093	-84.3811	-0.000298575	471.813
38.3540	-111.167	-695.932	17.7217	-14.8052	0.524268	-2.47658	17.8621	-9.8635	31.7875	1375.27	1315.64	-87.1296	-86.0596	-0.000451137	473.789
38.3547	-106.286	-1079.25	27.1867	135.639	12.4251	-61.3876	17.2408	-9.22901	31.7816	1373.27	1314.12	-88.2035	-87.4329	-0.000603745	475.626
38.3553	-97.4385	-575.381	26.5712	94.4737	7.54946	-143.168	2.89935	-9.22901	31.7816	1371.43	1312.52	-89.4238	-88.3484	-0.000451137	477.602
38.3560	-80.641	126.516	15.2822	-42.881	1.14028	-173.993	-14.1861	-10.7864	31.7875	1371.33	1311.96	-90.1722	-88.6536	-0.000145967	479.137
38.3567	22.4946	123.753	5.82465	-115.192	-3.1325	-105.94	-27.3108	-15.0548	31.7816	1371.33	1311.8	-90.0258	-88.6536	-0.000145967	480.346
38.3573	121.99	171.032	7.34837	-195.176	-12.2941	-26.5837	-31.5822	-22.3803	31.7816	1371.43	1311.96	-89.7167	-88.501	-0.000603745	481.578
38.3580	91.4639	436.245	12.2273	-209.485	-22.0586	-28.428	-22.7288	-28.783	31.7747	1371.92	1312.12	-88.9519	-88.1958	-0.000603745	482.183
38.3587	35.6192	299.243	18.0294	-99.0326	-25.7153	-92.503	-8.3874	-25.7259	31.7747	1371.43	1311.8	-89.1146	-88.0432	6.59448e-006	482.625
38.3593	3.57498	37.3583	25.6555	23.3363	-21.1411	-127.597	4.11604	-13.4974	31.7688	1371.33	1311.33	-89.8794	-88.3484	0.000311811	484.02
38.3600	-11.3779	-15.6968	30.5419	105.758	-12.2941	-101.066	6.86007	-4.03769	31.7688	1372.08	1311.8	-89.8794	-88.1958	6.59448e-006	485.996
38.3607	8.45588	82.2511	23.824	168.319	-5.58345	-75.1142	3.83128	-1.61508	31.7747	1372.68	1312.44	-89.1146	-87.4329	0.000311811	487.972
38.3613	26.7715	230.24	-3.33266	153.965	-0.0786402	-80.6206	11.4421	2.01885	31.7688	1371.92	1311.8	-89.2611	-87.8906	0.000159203	489.205
38.3620	37.1536	235.138	-21.3395	-41.9783	7.2349	-94.9532	26.4048	7.21016	31.7688	1370.57	1310.45	-90.937	-89.4165	-0.000298575	490.414
38.3627	48.1398	133.485	-13.4057	-336.142	12.1237	-117.848	38.5976	20.6499	31.7688	1369.65	1309.49	-92.32	-90.6372	-0.000145967	492.088
38.3633	52.7105	116.721	-5.16412	-502.159	11.5077	-121.8	50.8163	43.8378	31.7688	1369.76	1309.65	-91.3925	-90.0269	0.000616981	493.925
38.3640	32.8767	126.516	-2.11669	-439.914	10.2888	-94.9532	53.8709	43.8378	31.7629	1371.16	1310.77	-90.0258	-88.8062	0.000616981	495.157
38.3647	0.522371	-24.8637	-1.5012	-240.63	14.5615	-72.664	38.0022	16.3815	31.7629	1372.51	1312.12	-89.1146	-88.1958	-0.000298575	495.599
38.3653	2.66083	-173.167	-9.13479	-86.8002	20.9707	-58.3314	16.9301	0.807538	31.7629	1373.27	1313.32	-87.8943	-87.1277	-0.000145967	496.227
38.3660	21.2866	-120.991	-26.8339	-60.8911	18.5329	-33.6183	5.95402	-0.980582	31.7629	1374.08	1314.52	-86.674	-85.7544	0.000311811	497.133
38.3667	26.7715	25.8055	-37.8227	-74.297	6.01597	3.60949	-0.465967	-2.24957	31.7629	1374.35	1315.16	-86.674	-85.2966	0.000464373	498.668
38.3673	34.705	190.873	-26.5262	-84.6788	-2.21503	32.0111	-12.0375	8.47915	31.7629	1374.08	1314.36	-87.276	-86.3647	0.000464373	500.342
38.3680	43.8628	371.825	2.46197	-90.1856	-0.996109	41.4696	-19.3635	27.687	31.7629	1373.92	1314.12	-87.4388	-87.2803	-0.000145967	501.853
38.3687	38.9819	455.143	32.9813	-91.7203	0.825722	54.88	-15.4028	32.2439	31.7629	1373.59	1314.52	-87.4388	-86.8225	-0.000145967	503.086
38.3693	27.6857	352.612	43.6624	-168.003	0.222814	78.3812	-15.4028	19.4386	31.7629	1372.84	1314.2	-88.4964	-87.5854	-0.000298575	504.155
38.3700	13.6469	94.4318	36.6443	-234.537	1.14028	115.609	-19.6742	10.9018	31.7629	1372.35	1313.48	-88.9519	-88.6536	-0.000451137	505.225
38.3707	-4.04838	-102.971	34.5051	-144.487	1.74319	167.512	-13.2801	12.1131	31.757	1372.24	1313.48	-88.4964	-88.1958	-0.000145967	506.434
38.3713	-15.9486	-19.4012	43.9701	-4.42352	0.825722	187.641	-1.06137	11.8247	31.7511	1373.27	1315.16	-87.8943	-86.6699	6.59448e-006	508.271
38.3720	-22.364	115.528	49.4645	46.5372	0.222814	151.335	4.73733	9.97887	31.757	1374.83	1317	-86.2185	-84.9915	-0.000145967	509.48
38.3727	-30.5914	106.361	35.7285	26.4057	2.05775	90.2899	2.5887	6.92176	31.757	1375.1	1317.32	-85.291	-84.0759	6.59448e-006	509.643
38.3733	-40.3695	90.1622	-3.03242	-1.35414	5.41307	20.1025	-5.95402	1.44203	31.757	1375.1	1317.48	-85.6002	-84.5337	-0.000145967	510.875
38.3740	-47.3888	17.2664	-35.9912	-26.9925	5.71452	-44.8946	-10.8208	-2.24957	31.7511	1374.67	1316.84	-86.674	-85.6018	-0.000603745	512.688
38.3747	-47.3888	-188.173	-26.5262	-61.4779	1.44174	-89.157	-7.76611	2.36493	31.7511	1373.16	1315.48	-88.2035	-87.5854	-0.000298575	514.525
38.3753	-23.572	-233.945	-7.60357	-77.3664	-3.44706	-123.329	-0.155322	18.5157	31.757	1371.6	1314.12	-89.5702	-88.9587	-0.000298575	515.595
38.3760	23.4251	-113.707	-20.1161	-54.7974	-8.62421	-135.843	9.62998	31.3209	31.757	1370.57	1313.16	-90.7905	-89.2639	-0.000451137	516.502
38.3767	20.0623	-105.419	-34.7678	13.2706	-14.7319	-128.835	8.3874	29.8212	31.757	1370.68	1313.32	-90.6441	-88.9587	-0.000145967	518.641
38.3773	-48.303	-102.406	-28.6654	116.14	-17.7858	-126.069	2.5887	30.4557	31.757	1371.92	1314.12	-89.5702	-88.501	-0.000298575	520.478
38.3780	-70.5691	1.38132	-15.5449	182.041	-17.1698	-107.152	2.5887	33.4552	31.757	1372.35	1314.68	-88.9519	-87.8906	-0.000451137	521.384
38.3787	-17.4831	205.565	-3.94815	172.562	-16.8683	-74.798	-3.49475	17.016	31.757	1372.35	1315	-88.6591	-87.4329	6.59448e-006	522.314
38.3793	18.838	477.747	-4.55614	123.768	-16.5669	-46.7389	-17.2408	-14.4203	31.7511	1372.24	1314.68	-88.8055	-87.5854	0.000311811	523.384
38.3800	-3.13423	562.258	-14.3214	63.3285	-15.0334	-11.935	-26.4048	-27.8601	31.7511	1372.68	1315	-88.6591	-87.738	6.59448e-006	524.895
38.3807	-40.0593	395.684	-14.0137	25.7738	-12.2941	4.84778	-25.4729	-16.2661	31.757	1372.84	1315.48	-88.4964	-87.5854	6.59448e-006	526.128
38.3813	-47.9928	-39.2419	-5.16412	12.9546	-10.1577	-18.9696	-19.0788	-11.9977	31.757	1371.6	1314.12	-89.8794	-88.0432	0.000159203	527.034
38.3820	-37.0067	-773.16	9.17983	-12.9546	-7.71984	-61.9936	-12.3481	-29.9943	31.7629	1370.08	1311.8	-91.5552	-89.8743	-0.000145967	528.406
38.3827	-25.4166	-1057.9	25.3552	13.2706	-3.44706	-110.814	-2.89935	-44.9337	31.757	1369.33	1310.85	-92.32	-91.2476	-0.000145967	529.778
38.3833	6.62758	-350.477	32.6736	101.786	-0.996109	-135.843	9.00869	-36.6853	31.757	1369	1310.77	-92.7755	-91.095	0.000311811	531.01
38.3840	50.2782	339.804	33.8971	129.862	-2.21503	-113.264	16.9301	-22.6688	31.7629	1370.08	1311.64	-91.5552	-89.7217	0.000464373	532.382
38.3847	75.5969	170.153	33.5893	64.5472	-4.66598	-107.468	30.0549	-21.7459	31.757	1372.35	1313.64	-89.1146	-87.4329	0.000616981	533.754
38.3853	72.8544	-149.057	31.4576	-37.6902	-4.35142	-137.977	48.0722	-23.8801	31.7629	1373.92	1314.84	-87.7316	-86.0596	0.000464373	534.824
38.3860	55.7631	-82.2511	26.271	-59.9883	-3.74852	-90.6851	50.5056	-15.3432	31.7629	1374.08	1315	-87.4388	-85.7544	-0.000145967	535.73
38.3867	39.8961	103.285	15.2822	39.2249	-3.74852	2.7137	41.9629	-3.74928	31.7629	1374.35	1315	-87.5852	-86.0596	-0.000145967	537.102
38.3873	27.3918	208.893	-1.5012	139.296	3.87958	72.9011	38.0022	1.73044	31.7629	1373.92	1314.2	-87.8943	-86.3647	0.000311811	538.032
38.3880	22.8048	221.073	-25.9182	176.85	13.3426	134.236	38.5976	4.21074	31.7629	1373.16	1313.32	-87.8943	-86.3647	0.000616981	539.404
38.3887	25.2534	223.208	-49.7197	197.298	17.6154	108.285	32.2035	8.47915	31.757	1373.16	1313	-88.3499	-86.8225	0.000311811	541.078
38.3893	27.0817	186.917	-54.6061	203.076	20.6693	40.5474	10.8467	6.34494	31.757	1372.68	1312.84	-88.8055	-87.4329	-0.000298575	541.845
38.3900	24.6331	-64.2312	-39.0387	160.375	22.1896	24.0545	-4.73733	5.07595	31.757	1372.35	1313	-88.4964	-87.4329	-0.000756307	542.613
38.3907	21.2866	-452.758	-20.7316	68.2034	20.0532	9.7219	-2.89935	20.6499	31.757	1372.68	1312.84	-88.6591	-87.4329	-0.000298575	544.426
38.3913	20.3725	-655.371	-16.4531	-30.6487	16.3965	-12.5673	-14.4967	28.8983	31.757	1373.43	1312.84	-88.4964	-86.8225	6.59448e-006	545.798
38.3920	19.442	-669.122	-20.4238	-61.4779	13.9586	-8.27284	-45.3023	6.34494	31.757	1374.83	1314.36	-86.9832	-85.2966	-0.000298575	546.868
38.3927	15.7854	-429.212	-18.5923	4.42352	10.5902	4.53162	-61.7924	-18.6887	31.757	1376.02	1315.88	-85.6002	-83.9233	-0.000145967	548.1
38.3933	12.7328	74.591	-13.4057	113.973	7.85091	-19.5755	-57.521	-18.4003	31.757	1375.86	1315.32	-85.6002	-83.7708	-0.000145967	549.611
38.3940	11.2147	372.453	-8.82705	200.954	6.01597	-33.3021	-48.6676	1.44203	31.757	1374.51	1313.32	-86.9832	-85.6018	-0.000451137	550.844
38.3947	9.68019	293.404	-3.94815	219.596	5.71452	-2.79274	-37.3809	12.1131	31.757	1373.27	1311.96	-88.8055	-87.4329	-0.000451137	552.378
38.3953	7.85189	117.663	-2.11669	151.212	9.68585	4.24181	-19.0788	5.71045	31.757	1371.76	1310.77	-89.7167	-88.501	-0.000298575	553.75
38.3960	6.02359	96.5665	-2.72468	0.767345	13.0412	22.2365	2.5887	-4.96059	31.757	1370.84	1309.65	-90.1722	-89.2639	-0.000451137	555.122
38.3967	1.74668	149.057	-3.94815	-168.319	11.8222	52.14	18.7681	-16.2661	31.7511	1371.33	1309.49	-90.4814	-88.9587	-0.000145967	556.494
38.3973	-7.10098	138.697	-6.68784	-212.555	5.09851	37.2014	21.5121	-17.7658	31.7511	1371.76	1309.81	-89.8794	-88.501	0.000159203	557.401
38.3980	-8.92928	116.721	-10.0505	-81.6545	-3.44706	45.1318	7.792	-8.30611	31.7511	1371.92	1310.13	-89.2611	-88.3484	6.59448e-006	558.331
38.3987	5.10944	101.15	-7.60357	179.604	-7.10383	93.3461	-7.17071	-0.403769	31.757	1372.08	1310.29	-88.9519	-88.0432	-0.000145967	559.54
38.3993	12.7328	109.375	-1.80894	411.207	-9.85624	107.679	-7.17071	4.78755	31.757	1371.92	1310.29	-89.1146	-87.8906	-0.000145967	560.609
38.4000	6.02359	65.7381	-0.585468	410.936	-18.0872	61.3086	-1.06137	5.07595	31.7511	1372.08	1309.97	-89.2611	-88.0432	6.59448e-006	561.679
38.4007	2.66083	-160.358	-3.64041	202.489	-25.4139	3.31967	-0.465967	-0.980582	31.7511	1372.51	1310.29	-89.1146	-87.738	6.59448e-006	563.051
38.4013	-0.0816205	-277.582	-2.11669	-15.1212	-22.36	-21.7096	-3.49475	-4.96059	31.7511	1371.6	1309.49	-89.7167	-88.501	6.59448e-006	564.585
38.4020	-5.58284	-143.594	3.3777	2.88883	-15.0334	-26.5837	-6.86007	-0.115363	31.757	1370.25	1307.41	-91.3925	-90.4846	0.000159203	566.096
38.4027	-5.27268	-301.943	5.51691	157.938	-9.54168	-25.3718	-6.23878	15.8047	31.757	1369.65	1306.45	-92.1573	-90.9424	-0.000145967	567.166
38.4033	-0.391778	-705.727	2.16173	83.1441	-3.44706	-18.9696	-4.73733	34.0897	31.7511	1369.49	1306.61	-92.0108	-90.6372	-0.000298575	568.236
38.4040	2.66083	-572.367	-2.41693	-141.146	2.66066	-2.79274	-8.69805	42.3381	31.7511	1370.25	1307.41	-91.0997	-89.8743	6.59448e-006	569.142
38.4047	4.19529	-14.8177	-3.03242	-260.175	5.41307	-12.2512	-10.8208	41.4152	31.757	1371.92	1309.33	-88.8055	-87.8906	0.000159203	569.77
38.4053	-2.82407	185.096	5.51691	-250.38	4.79705	-57.1195	-2.89935	37.4352	31.757	1373.27	1310.45	-87.276	-86.3647	0.000159203	570.677
38.4060	-8.92928	120.112	17.1137	-124.671	4.4956	16.4403	9.00869	27.9754	31.7442	1374.19	1310.45	-87.5852	-86.3647	0.000159203	572.816
38.4067	16.0956	229.047	16.5057	-76.4637	7.2349	209.614	12.374	9.97887	31.7511	1375	1311.01	-87.4388	-86.3647	6.59448e-006	574.188
38.4073	46.6053	228.105	6.43264	-183.847	10.2888	253.244	7.792	-11.3632	31.7511	1374.08	1309.97	-87.7316	-86.6699	6.59448e-006	574.351
38.4080	45.3973	-78.8606	2.46197	-200.954	11.8222	90.8958	3.20999	-26.6488	31.7511	1373	1308.13	-88.6591	-87.4329	6.59448e-006	575.257
38.4087	25.5472	-193.949	1.85398	-156.087	11.5077	-72.9801	-1.96742	-24.803	31.7511	1373.16	1308.13	-88.6591	-87.5854	-0.000145967	576.931
38.4093	9.38635	2.00919	0.630503	-163.399	6.31743	-105.624	-4.42668	-7.7293	31.757	1372.84	1307.65	-88.4964	-87.2803	-0.000145967	577.862
38.4100	9.68019	147.864	0.330264	-120.699	-0.694655	-8.90516	0.465967	9.97887	31.7511	1372.51	1306.61	-88.9519	-87.738	-0.000298575	579.071
38.4107	20.6663	215.925	-0.893213	-49.2906	-6.18636	105.255	2.5887	21.8612	31.7442	1372.68	1306.29	-89.1146	-87.5854	-0.000145967	580.442
38.4113	36.8435	230.24	-1.5012	20.5829	-12.2941	146.434	-1.37201	26.7641	31.757	1373.43	1306.77	-88.0408	-86.6699	-0.000298575	581.512
38.4120	51.7963	183.841	-1.20096	151.528	-10.1577	155.603	-3.20999	20.6499	31.757	1374.51	1307.09	-86.8205	-85.7544	-0.000451137	582.117
38.4127	43.8628	134.113	-2.11669	264.734	-5.58345	204.107	-5.33273	6.34494	31.7511	1375	1307.25	-85.7466	-84.8389	-0.000298575	582.581
38.4133	14.5611	105.419	-2.72468	320.299	-7.10383	276.455	-12.3481	-3.46088	31.7442	1375.27	1306.93	-85.9093	-84.5337	6.59448e-006	583.953
38.4140	-20.5357	110.003	-3.64041	420.686	-7.10383	277.351	-18.1468	-8.9406	31.7511	1374.51	1305.41	-87.4388	-85.907	-0.000298575	585.93
38.4147	-57.7546	102.092	-4.55614	493.628	-4.35142	201.973	-16.3347	-13.209	31.7511	1372.51	1302.78	-88.8055	-88.9587	-0.000451137	587.162
38.4153	-68.7408	46.5252	-3.03242	373.381	-4.35142	123.249	-9.91474	-18.1119	31.7442	1371	1300.7	-90.0258	-79.3457	-0.000451137	588.069
38.4160	-54.098	5.3369	-0.893213	74.613	-5.26889	47.2658	-6.23878	-33.9743	31.7511	1370.57	1299.58	-90.7905	-92.926	-0.000451137	589.603
38.4167	-38.231	25.1776	-0.285228	-195.447	-4.96744	-12.8571	-2.5887	-44.6453	31.7511	1370.84	1299.42	-90.6441	-134.277	-0.000298575	590.812
38.4173	-15.0345	86.2066	3.68544	-188.135	-5.88491	-25.688	7.792	-31.2056	31.7442	1371.33	1299.02	-90.3349	50.354	0.000311811	591.742
38.4180	-11.6717	213.162	11.3115	-48.3879	-6.80238	-17.7313	16.6454	-19.0348	31.7382	1371.33	1297.74	-89.8794	-260.62	0.000311811	592.184
38.4187	-27.8489	317.2	15.8902	-48.6587	-5.58345	1.79157	17.5514	-21.169	31.7382	1371.33	1297.34	-89.5702	-130.005	0.000464373	593.114
38.4193	-27.2449	169.211	12.8428	-86.2134	-7.10383	41.4696	14.4967	-26.0143	31.7442	1371.92	1297.02	-89.2611	2851.26	0.00107471	594.951
38.4200	-12.5859	-182.962	10.7035	-47.44	-10.4591	50.322	11.1314	-29.9943	31.7382	1372.68	1296.54	-88.9519	4999.85	0.000464373	596.625
38.4207	-0.391778	-330.386	12.8428	19.9961	-8.62421	-23.8437	8.10264	-21.7459	31.7323	1372.68	1296.7	-89.1146	4999.85	6.59448e-006	597.695
38.4213	0.228537	-124.695	8.56434	-35.2527	-1.61212	-176.127	3.20999	-2.53798	31.7382	1371.43	1295.18	-90.3349	4872.13	0.000464373	598.602
38.4220	-3.73822	151.505	-2.72468	-221.086	4.19414	-341.531	-4.73733	6.63335	31.7323	1370.08	1293.03	-91.5552	4999.85	0.000159203	599.973
38.4227	-4.65237	333.399	-10.0505	-337.677	8.15237	-415.987	-9.29345	5.71045	31.7264	1369.92	1292.23	-91.8644	4962.46	-0.000145967	601.647
38.4233	-7.10098	404.223	-8.82705	-331.267	11.8222	-360.158	-6.54942	8.13306	31.7323	1369.49	1291.35	-92.32	4965.67	-0.000145967	602.275
38.4240	-11.6717	391.98	-2.11669	-237.561	14.2601	-230.454	2.89935	16.0931	31.7323	1369.92	1291.03	-92.0108	4972.23	0.000311811	602.717
38.4247	-15.6385	457.592	3.99319	-115.508	14.863	-115.082	13.5907	30.4557	31.7323	1372.08	1292.87	-89.7167	4973.3	0.000769543	603.787
38.4253	-16.8628	523.205	6.43264	-58.7244	11.8222	-33.0123	17.5514	44.7607	31.7264	1374.19	1294.86	-87.7316	4975.13	0.000464373	605.019
38.4260	-13.8102	187.859	11.0113	-75.8317	7.85091	62.5205	18.1727	45.3952	31.7264	1374.67	1295.34	-87.4388	4975.43	-0.000145967	605.926
38.4267	-10.7576	-229.361	20.1611	-74.613	7.54946	147.673	22.4441	36.5123	31.7264	1374.19	1294.7	-87.8943	4975.28	-0.000145967	606.391
38.4273	-10.1536	-244.932	24.7398	-33.4021	9.06983	166.59	26.7154	27.0525	31.7264	1373.43	1293.51	-88.3499	4976.04	0.000159203	607.6
38.4280	-8.01513	-338.611	20.1611	21.5308	8.76838	100.96	21.2015	13.9589	31.7205	1373	1292.39	-88.9519	4968.87	6.59448e-006	609.134
38.4287	-2.82407	-557.11	11.6193	59.3564	5.09851	-18.6534	7.17071	-1.61508	31.7136	1372.68	1292.15	-89.1146	4965.82	-0.000145967	610.343
38.4293	-1.30593	-348.971	7.34837	-43.4678	-1.31067	-82.1224	-3.8054	-9.8635	31.7136	1372.84	1291.67	-89.2611	4999.85	0.000159203	611.576
38.4300	-5.58284	-64.5451	12.535	-193.642	-3.1325	-68.712	-9.00869	-6.80639	31.7205	1372.84	1290.71	-89.1146	4872.13	6.59448e-006	612.948
38.4307	-8.61912	-158.537	24.1318	-120.699	-0.996109	-75.4304	-10.8208	-5.59509	31.7205	1372.84	1290.71	-88.9519	4999.85	-0.000145967	614.319
38.4313	-6.79082	-217.746	24.4395	104.81	-2.52959	-72.664	-9.00869	-12.2861	31.7205	1373.75	1291.67	-88.2035	4999.85	0.000159203	615.087
38.4320	-3.44438	0.43951	2.16173	281.525	-5.88491	-44.6048	-9.00869	-13.209	31.7136	1375.1	1292.71	-86.8205	2824.1	-0.000298575	615.691
38.4327	-2.53023	86.2066	-21.6473	296.782	-6.48781	-45.8168	-8.69805	-3.74928	31.7077	1376.35	1293.51	-85.9093	-136.414	-0.000756307	616.598
38.4333	-3.44438	-8.09953	-16.7609	108.782	-5.26889	-12.5673	-5.02209	5.42204	31.7077	1376.18	1293.19	-86.2185	-249.481	-0.000298575	617.365
38.4340	-2.82407	-84.0719	5.51691	-97.8139	2.96211	48.7939	-5.33273	5.07595	31.7077	1374.67	1291.99	-87.276	52.3376	-0.000145967	618.9
38.4347	-2.53023	-235.138	21.3846	-222.304	14.863	52.7459	-8.69805	-4.96059	31.7077	1373	1290.31	-88.4964	-131.836	-0.000298575	620.574
38.4353	-4.65237	-250.395	32.9813	-299.851	16.095	21.9204	-9.29345	-14.4203	31.7077	1371.76	1288.87	-89.7167	-90.9424	-0.000145967	621.643
38.4360	-5.27268	-37.1072	35.4208	-273.581	11.8222	10.644	-7.76611	-16.2661	31.7017	1371	1288.47	-90.937	-79.8035	-0.000298575	623.015
38.4367	-4.96252	63.6033	8.87208	-172.878	10.5902	35.041	-8.3874	-18.1119	31.7077	1371	1288.31	-90.937	-90.332	-0.000603745	623.48
38.4373	6.02359	-31.5819	-33.852	-91.9911	7.85091	20.3923	-11.1314	-23.8801	31.7136	1371.43	1288.31	-90.3349	-88.501	0.000159203	623.922
38.4380	20.9765	-166.762	-56.1298	-38.277	6.63199	-73.9023	-12.9694	-24.5146	31.7077	1372.35	1289.51	-89.7167	-88.1958	0.000159203	625.154
38.4387	12.1288	-277.268	-49.1117	26.4057	6.31743	-116.926	-12.3481	-13.8435	31.7077	1372.24	1289.83	-88.9519	-87.8906	-0.000451137	625.294
38.4393	-9.54959	-384.069	-30.1891	125.574	-6.48781	-65.6558	-6.54942	-2.82638	31.7077	1371.33	1288.31	-89.5702	-88.0432	0.000464373	625.922
38.4400	-19.3114	-423.75	-16.7609	226.908	-22.36	-33.6183	1.37201	-4.67219	31.7077	1372.08	1288.63	-90.1722	-88.3484	0.000464373	628.363
38.4407	-17.4831	-253.471	-15.2372	353.565	-19.9222	-58.0153	5.95402	-10.4403	31.7077	1372.51	1289.67	-89.5702	-88.0432	-0.000298575	629.433
38.4413	-6.18683	72.1423	-17.6766	457.608	-9.85624	-76.9585	6.86007	-5.59509	31.7077	1371.43	1288.79	-90.3349	-88.6536	0.000159203	629.874
38.4420	3.28114	479.568	-10.0505	320.57	-4.66598	-43.9988	7.48136	-0.115363	31.7017	1370.08	1286.79	-91.7017	-90.1794	0.000159203	631.409
38.4427	0.832529	659.955	0.938249	56.603	1.74319	18.2582	11.4421	-4.38378	31.7017	1368.84	1285.68	-92.4664	-91.2476	-0.000298575	632.316
38.4433	-2.82407	298.929	5.51691	-9.29841	8.45382	75.0352	12.9694	-8.30611	31.7077	1369.49	1285.84	-92.1573	-90.7898	0.000311811	634.013
38.4440	-2.22008	61.2174	7.95635	41.9783	12.1237	114.081	8.3874	-10.7864	31.7077	1371.6	1287.51	-90.4814	-89.2639	0.000616981	635.059
38.4447	-2.82407	198.847	6.43264	14.4893	14.2601	130.574	3.83128	-12.2861	31.7077	1372.24	1288.87	-88.9519	-87.2803	0.000464373	634.153
38.4453	-1.90992	89.8483	-2.11669	-48.3879	12.1237	129.652	1.06137	-2.82638	31.7017	1372.84	1289.51	-88.2035	-85.907	0.000311811	634.315
38.4460	4.19529	-87.1485	-6.99559	-57.5057	6.63199	120.799	2.30395	15.8047	31.7017	1373.92	1290.15	-87.5852	-85.907	0.000311811	635.989
38.4467	7.2479	-47.1531	-2.72468	-73.3943	-0.393201	112.263	5.33273	31.9554	31.7077	1374.08	1290.31	-87.276	-86.2122	0.000311811	637.199
38.4473	2.66083	-130.158	3.68544	-162.181	-7.40528	80.2254	4.11604	40.2039	31.7077	1373.75	1290.15	-87.8943	-86.5173	0.000159203	638.268
38.4480	-5.87667	-182.962	3.07746	-218.648	-10.7606	-4.00469	0.155322	36.5123	31.7077	1373.43	1289.67	-88.4964	-86.8225	-0.000298575	639.803
38.4487	-11.0677	100.271	-7.30333	-207.364	-10.1577	-93.1089	-6.23878	29.8212	31.7077	1373.16	1289.19	-88.8055	-86.8225	-0.000298575	640.872
38.4493	-7.10098	249.202	-16.7609	-195.176	-8.62421	-139.216	-11.4421	27.0525	31.7017	1373.43	1288.87	-89.1146	-87.2803	-0.000451137	641.174
38.4500	-4.04838	23.0429	-13.098	-205.242	-4.66598	-150.202	-8.69805	18.2273	31.7017	1373.27	1288.47	-89.4238	-88.3484	-0.000451137	641.942
38.4507	-5.27268	-118.228	-3.64041	-226.908	1.44174	-107.758	-4.11604	8.47915	31.7136	1372.35	1288.31	-89.2611	-87.8906	-0.000298575	643.011
38.4513	-6.18683	-60.5895	-1.5012	-218.648	3.27667	-14.0691	-7.17071	8.13306	31.7077	1373.43	1288.87	-87.8943	-86.5173	0.000159203	643.918
38.4520	-5.87667	38.614	-6.99559	-186.916	1.14028	37.8074	-10.2254	5.07595	31.7077	1375.43	1290.31	-86.674	-85.2966	-0.000145967	644.383
38.4527	-2.82407	169.525	-11.2665	-142.997	-0.393201	18.5744	-4.73733	-2.53798	31.7077	1375.43	1290.71	-85.9093	-84.2285	-0.000145967	644.988
38.4533	0.228537	118.228	-7.91132	-90.1856	-0.0786402	-23.2377	6.26466	1.44203	31.7017	1375.1	1289.99	-86.0557	-84.5337	0.000464373	646.522
38.4540	2.36699	-134.741	-4.24839	-59.9883	0.825722	-55.2752	15.4287	11.1902	31.7077	1374.51	1288.63	-87.5852	-86.2122	6.59448e-006	647.592
38.4547	5.10944	-203.995	-6.68784	-38.277	0.524268	-75.1142	13.2801	5.07595	31.7136	1372.24	1286.79	-89.5702	-87.738	-0.000298575	648.034
38.4553	5.4196	-67.6217	-10.9663	-15.1212	-1.61212	-85.7846	5.04797	-9.5751	31.7136	1370.68	1285.12	-90.6441	-88.8062	-0.000145967	649.266
38.4560	5.10944	-45.3323	-10.6585	17.2427	-2.21503	-83.3607	-0.155322	-7.0948	31.7136	1370.41	1284.48	-90.937	-89.4165	-0.000451137	650.335
38.4567	6.62758	-185.724	-1.80894	88.0641	-1.31067	-97.0873	-1.37201	9.34437	31.7077	1371	1284.16	-90.6441	-89.1113	-0.000298575	651.242
38.4573	10.5943	-322.098	8.56434	152.115	-1.61212	-87.3127	-2.89935	14.8818	31.7017	1372.08	1284.48	-89.8794	-88.501	-0.000145967	652.312
38.4580	12.4226	-474.984	11.3115	131.397	-0.996109	-10.4069	-3.49475	6.34494	31.7077	1372.24	1285.28	-89.8794	-88.1958	-0.000451137	652.916
38.4587	12.4226	-593.087	15.5899	27.9404	2.05775	43.6036	-1.37201	2.36493	31.7136	1371.76	1285.28	-89.8794	-88.0432	-0.000451137	653.079
38.4593	7.85189	-349.912	26.271	-93.5258	3.27667	41.1534	-1.06137	4.21074	31.7136	1372.08	1284.96	-89.4238	-88.0432	-0.000145967	654.149
38.4600	-13.8102	44.0765	34.5051	-135.955	0.222814	32.6171	-3.20999	3.86465	31.7077	1372.51	1285.12	-88.8055	-87.738	0.000159203	655.66
38.4607	-45.2504	253.723	33.8971	-41.9783	-0.393201	28.0328	-5.64338	2.65334	31.7077	1372.51	1285.12	-88.6591	-87.738	0.000159203	656.729
38.4613	-64.17	348.971	24.1318	87.4322	4.19414	36.8853	-8.07676	2.94175	31.7077	1371.43	1283.76	-90.1722	-88.8062	-0.000145967	657.66
38.4620	-70.5691	254.036	15.2822	199.419	6.31743	48.7939	-9.00869	4.78755	31.7136	1369.65	1281.76	-92.1573	-90.332	0.000159203	658.264
38.4627	-73.0177	173.167	19.2454	359.659	0.222814	41.4696	-6.23878	5.99886	31.7136	1368.84	1280.64	-92.4664	-91.095	0.000464373	659.031
38.4633	-76.0703	266.845	29.9264	453.636	-6.48781	49.3999	-1.37201	-0.692176	31.7136	1369.33	1281.12	-92.1573	-90.9424	6.59448e-006	659.799
38.4640	-84.9179	218.373	39.0837	406.648	-8.93877	86.9438	1.06137	-14.7664	31.7136	1370.68	1282.64	-91.2461	-89.7217	-0.000145967	659.938
38.4647	-73.0177	114.586	29.0182	371.846	-9.85624	117.743	-0.750724	-24.2261	31.7077	1372.84	1284.64	-88.9519	-87.5854	0.000464373	660.705
38.4653	-28.1591	206.758	-5.77211	355.371	-9.24022	125.7	-2.89935	-21.4574	31.7077	1374.19	1285.84	-87.4388	-86.0596	0.000464373	661.612
38.4660	24.0291	254.978	-36.2915	263.199	-6.18636	131.786	-4.42668	-16.9006	31.7077	1374.35	1285.52	-86.9832	-85.4492	6.59448e-006	662.077
38.4667	70.716	117.977	-42.0936	65.45	-4.35142	123.855	-4.73733	-14.7664	31.7136	1374.35	1285.28	-87.1296	-85.6018	6.59448e-006	663.31
38.4673	73.7686	61.7825	-25.9182	-232.37	-5.26889	70.4509	-6.23878	-10.4403	31.7136	1373.59	1284.64	-87.5852	-86.0596	0.000159203	664.216
38.4680	42.6385	164.314	-7.30333	-389.54	-4.96744	13.7002	-10.8208	-12.2861	31.7077	1373	1284.16	-87.7316	-86.2122	6.59448e-006	664.984
38.4687	42.6385	0.753445	-3.94815	-240.946	-3.44706	-14.0691	-12.9694	-19.0348	31.7077	1373.59	1284.16	-88.2035	-86.8225	-0.000451137	666.356
38.4693	48.4336	-365.421	-6.99559	-19.6801	-2.52959	-40.3367	-8.07676	-15.3432	31.7077	1373.59	1283.84	-88.4964	-87.5854	-0.000603745	666.96
38.4700	17.6137	-244.932	-7.30333	56.603	-0.393201	-70.5299	0.465967	-6.1719	31.7077	1373.16	1283.28	-88.3499	-87.4329	-0.000298575	667.123
38.4707	-4.96252	125.888	-7.30333	15.392	2.35921	-84.2828	9.00869	-5.88349	31.7077	1373	1282.96	-88.6591	-87.1277	-0.000145967	668.03
38.4713	7.85189	165.256	-8.5193	-60.2591	5.09851	-69.3179	14.8074	-13.4974	31.7077	1374.19	1284	-87.5852	-86.0596	-0.000145967	669.099
38.4720	26.1675	173.481	-10.6585	-132.886	6.93344	-43.6827	11.4421	-14.4203	31.7017	1375.75	1285.52	-86.0557	-84.2285	-0.000145967	669.866
38.4727	31.6524	277.833	-10.6585	-120.699	6.93344	-25.0556	7.792	-5.59509	31.7017	1376.35	1285.84	-85.4537	-83.6182	-0.000298575	670.169
38.4733	27.3918	260.755	-6.68784	-38.9089	8.45382	-4.92682	14.8074	-0.115363	31.7017	1375.86	1285.44	-85.6002	-84.3811	-0.000451137	670.936
38.4740	18.838	56.32	-2.41693	-13.5865	10.2888	-1.87061	19.9848	0.230725	31.7077	1374.35	1283.84	-86.9832	-85.907	-0.000298575	672.006
38.4747	11.8186	-228.733	-2.72468	4.42352	9.06983	-34.2243	13.2801	2.01885	31.7077	1372.68	1282.16	-88.9519	-87.4329	-0.000298575	673.215
38.4753	9.0762	-197.277	-5.47187	63.3285	5.71452	-63.8115	3.52064	4.49914	31.7017	1371.6	1280.64	-90.1722	-88.8062	-0.000451137	674.145
38.4760	11.8186	28.2542	-8.5193	24.2842	4.19414	-65.9719	-3.49475	9.97887	31.7077	1371	1280.08	-90.6441	-89.2639	-0.000145967	674.889
38.4767	15.1814	38.928	-11.2665	-127.695	6.63199	-56.8033	-6.86007	14.2473	31.7017	1371.43	1280.08	-89.8794	-88.3484	0.000159203	675.656
38.4773	11.8186	-18.1455	-9.43503	-216.211	10.2888	-45.8168	-2.5887	13.6705	31.6958	1372.24	1280.08	-89.2611	-87.738	-0.000145967	676.121
38.4780	7.85189	19.6524	-6.3876	-159.156	14.5615	-12.5673	0.155322	15.8047	31.7017	1372.51	1280.48	-89.1146	-87.5854	-0.000298575	676.586
38.4787	14.8712	76.7258	-9.74278	-27.3084	16.3965	41.4696	-6.86007	16.0931	31.6958	1372.68	1280.8	-88.8055	-87.4329	-0.000298575	677.493
38.4793	29.8241	120.677	-18.9001	76.1477	12.1237	89.9737	-9.00869	12.4015	31.7017	1372.51	1280.4	-88.9519	-87.8906	-0.000451137	677.795
38.4800	35.6192	93.2388	-21.6473	79.8039	9.06983	115.925	-0.465967	16.0931	31.7017	1372.35	1279.92	-89.2611	-87.738	-0.000298575	678.097
38.4807	18.5278	-131.664	-4.24839	19.3642	8.45382	93.3461	11.4421	22.7841	31.6958	1371.92	1280.08	-89.4238	-87.738	6.59448e-006	678.865
38.4813	-10.4637	-430.468	16.8059	25.5029	2.66066	32.301	23.9714	17.3044	31.7017	1370.84	1279.12	-90.6441	-88.8062	0.000159203	680.074
38.4820	-19.9154	-536.955	18.6374	61.207	-5.88491	-12.8571	22.7288	1.44203	31.7017	1369.92	1277.61	-92.0108	-90.1794	0.000159203	681.143
38.4827	9.99035	-479.882	7.34837	41.6623	-12.5955	-12.5673	7.17071	-19.3232	31.7017	1369.65	1277.05	-92.1573	-90.6372	0.000311811	682.213
38.4833	25.8574	-384.696	0.330264	67.8875	-15.9509	16.1241	-5.95402	-37.6082	31.6958	1370.08	1277.45	-91.3925	-90.1794	0.000311811	682.515
38.4840	-22.968	-215.925	-0.585468	148.459	-15.3479	19.7863	-13.5648	-40.6653	31.6958	1371	1277.92	-90.1722	-88.9587	0.000311811	682.376
38.4847	-63.2559	75.5328	-4.24839	225.058	-13.2116	-11.6452	-17.8362	-36.3969	31.7017	1372.68	1279.44	-88.6591	-87.2803	0.000616981	682.98
38.4853	-50.4414	190.873	-11.5742	280.307	-11.3766	-14.7014	-21.2015	-36.1085	31.7017	1374.35	1281.12	-86.5113	-85.144	0.000159203	683.747
38.4860	-58.6688	-46.8392	-12.49	200.367	-10.1577	18.8905	-21.5121	-33.3398	31.7017	1375	1281.28	-85.9093	-84.6863	-0.000145967	684.352
38.4867	-102.923	-29.1332	-3.33266	-14.8052	-8.62421	18.8905	-15.7134	-26.9372	31.6958	1374.08	1279.92	-87.276	-86.2122	-0.000145967	684.352
38.4873	-108.114	244.932	7.34837	-228.443	-7.40528	-46.7389	-9.00869	-23.5917	31.6899	1372.51	1278.72	-88.0408	-86.8225	6.59448e-006	684.352
38.4880	-69.9651	206.13	11.927	-393.512	-8.0213	-120.272	-4.11604	-17.189	31.6899	1372.24	1278.08	-88.6591	-87.2803	0.000159203	685.584
38.4887	-51.6494	71.8912	13.143	-424.026	-10.4591	-161.795	-4.11604	-2.53798	31.6958	1373	1278.08	-88.6591	-87.5854	0.000311811	686.491
38.4893	-62.9457	166.197	13.7585	-282.744	-12.5955	-199.022	-6.86007	12.7476	31.6958	1373.16	1277.77	-88.4964	-87.1277	0.000311811	687.096
38.4900	-70.2752	350.791	14.3665	-121.015	-13.2116	-208.481	-8.07676	19.4386	31.7017	1372.68	1277.29	-88.8055	-87.2803	0.000159203	688.026
38.4907	-61.4276	466.131	15.8902	2.30203	-12.897	-129.731	-9.60409	14.5357	31.7017	1373	1277.45	-88.3499	-87.2803	-0.000298575	688.932
38.4913	26.1675	512.531	16.5057	138.077	-13.513	-35.1464	-12.3481	8.76756	31.6958	1374.19	1277.45	-87.8943	-86.6699	-0.000145967	689.235
38.4920	169.901	363.035	13.7585	238.193	-12.2941	-32.0902	-12.0375	7.84466	31.6899	1375.1	1277.92	-87.1296	-85.6018	-0.000145967	689.235
38.4927	175.092	122.246	7.95635	311.723	-4.96744	-36.6745	-6.23878	2.94175	31.6899	1375.86	1278.8	-85.4537	-84.3811	-0.000451137	689.397
38.4933	71.3363	81.6232	2.46197	399.606	3.57813	75.9573	0.155322	-8.6522	31.6958	1375.43	1278.08	-85.7466	-84.3811	-0.000145967	690.467
38.4940	32.2727	-163.121	-1.80894	441.72	7.85091	193.437	1.9933	-23.5917	31.7017	1373.75	1275.77	-87.8943	-86.2122	6.59448e-006	691.676
38.4947	44.4668	-661.462	-6.99559	467.358	12.1237	154.365	0.776611	-40.0885	31.6958	1372.08	1273.93	-89.5702	-88.1958	-0.000756307	692.281
38.4953	53.3308	-702.336	-10.6585	455.487	19.1358	59.1745	3.20999	-60.2193	31.6899	1371	1272.73	-90.4814	-88.9587	-0.000756307	693.048
38.4960	52.4167	-272.056	-6.3876	287.935	23.7231	30.7728	12.374	-69.3906	31.6958	1370.68	1271.69	-90.7905	-89.2639	-0.000451137	693.513
38.4967	46.0013	96.2526	3.3777	-34.35	22.5042	17.0463	23.9714	-52.6054	31.6958	1371	1271.69	-90.4814	-89.2639	-0.000451137	693.676
38.4973	37.7576	183.275	6.74038	-316.011	16.6979	-10.1171	26.0941	-27.5717	31.6958	1371.76	1272.09	-89.8794	-88.3484	-0.000145967	694.28
38.4980	23.4251	166.197	1.85398	-352.618	8.15237	-6.74473	13.5907	-4.03769	31.6958	1372.08	1272.01	-89.5702	-88.0432	6.59448e-006	694.885
38.4987	11.5085	165.57	-0.893213	-217.429	1.14028	6.37588	-1.06137	21.2844	31.6958	1371.92	1271.69	-89.7167	-89.5691	6.59448e-006	695.187
38.4993	18.838	119.484	0.330264	-108.782	-1.91358	-1.87061	-8.07676	35.301	31.6958	1372.24	1271.53	-89.7167	-78.2776	-0.000145967	695.489
38.5000	18.838	82.2511	2.46197	-119.48	-7.10383	-1.5808	-10.536	38.9926	31.6958	1372.68	1270.89	-89.5702	-91.8579	6.59448e-006	695.954
38.5007	2.66083	85.8927	3.68544	-204.61	-17.4843	1.1856	-9.60409	44.4723	31.6958	1372.35	1270.33	-89.8794	-133.057	0.000159203	696.559
38.5013	3.28114	77.0397	1.54623	-245.189	-18.7033	-10.4069	-7.76611	51.7978	31.6958	1371.33	1269.22	-90.6441	50.354	0.000159203	697.628
38.5020	18.5278	48.9739	-0.285228	-239.728	-9.54168	-4.00469	-6.54942	59.7002	31.6958	1369.92	1267.54	-91.8644	-266.266	6.59448e-006	698.396
38.5027	32.5666	-1.06738	1.54623	-241.533	-2.83105	4.53162	-2.89935	64.6031	31.6958	1369.17	1266.5	-92.32	-125.732	6.59448e-006	699
38.5033	28.306	-61.4685	3.68544	-193.326	-0.694655	-10.1171	0.776611	54.5088	31.6958	1369.92	1266.82	-91.7017	2867.28	0.000616981	699.93
38.5040	13.3531	-98.4501	3.3777	-82.8732	0.222814	-6.74473	-0.750724	30.7441	31.6958	1371.6	1268.34	-90.4814	4999.85	0.000616981	700.07
38.5047	10.5943	-157.03	0.630503	4.73948	2.05775	2.7137	-6.54942	9.34437	31.6958	1373	1269.69	-89.1146	4999.85	0.000159203	699.605
38.5053	9.99035	-224.778	0.022518	-56.603	3.57813	10.0381	-13.2801	3.86465	31.6899	1373.92	1270.33	-88.2035	4875.79	6.59448e-006	699.767
38.5060	5.4196	-175.929	2.16173	-207.364	2.66066	46.6599	-15.7134	7.84466	31.6899	1374.51	1270.89	-87.5852	4999.85	6.59448e-006	700.535
38.5067	3.57498	-156.717	2.76971	-182.041	1.44174	73.1909	-10.536	4.49914	31.6958	1374.19	1270.17	-87.8943	4966.13	6.59448e-006	701
38.5073	2.36699	-165.256	1.85398	-0.767345	1.14028	73.5071	-2.27806	-6.80639	31.6899	1373.27	1268.74	-88.6591	4969.48	6.59448e-006	701.302
38.5080	0.832529	161.865	1.54623	140.83	-0.694655	82.3595	3.52064	-11.0748	31.6899	1372.84	1268.34	-88.9519	4974.82	-0.000451137	701.604
38.5087	0.522371	569.918	1.54623	167.687	-2.52959	83.5715	6.86007	-8.6522	31.6899	1372.68	1268.18	-89.2611	4973.45	-0.000298575	702.046
38.5093	1.14269	515.294	1.54623	42.5651	-4.66598	66.7887	10.8467	-3.74928	31.683	1373.16	1267.54	-89.5702	4973.14	0.000159203	702.976
38.5100	1.43652	143.594	1.54623	-115.824	-6.80238	48.7939	13.5907	6.92176	31.683	1373	1267.38	-89.4238	4973.75	-0.000145967	703.441
38.5107	1.43652	-77.3537	1.54623	-138.077	-7.71984	36.5691	12.9694	16.0931	31.6899	1372.84	1267.86	-88.9519	4974.52	-0.000145967	703.743
38.5113	1.74668	-53.5574	0.938249	-64.2313	-6.48781	32.301	11.7527	12.7476	31.683	1374.08	1269.06	-88.0408	4975.43	-0.000145967	704.348
38.5120	2.36699	-90.4762	-0.285228	-4.10755	-3.1325	16.4403	9.00869	0.807538	31.683	1375.59	1270.57	-86.2185	4976.81	-0.000298575	704.348
38.5127	2.66083	-285.807	-1.20096	17.5587	1.74319	0.869438	5.64338	-3.11479	31.683	1375.86	1270.57	-85.9093	4977.26	-0.000145967	704.65
38.5133	2.36699	-209.52	-1.80894	27.9404	6.31743	14.596	5.04797	10.6134	31.6771	1375.1	1269.37	-87.276	4975.89	-0.000298575	705.115
38.5140	2.05684	141.145	-1.20096	11.7359	9.9873	46.6599	5.33273	27.0525	31.6771	1373.43	1267.7	-88.8055	4974.06	-0.000298575	705.72
38.5147	2.36699	216.49	-1.5012	-51.4121	11.2062	87.5498	4.42668	31.0325	31.6712	1372.08	1266.66	-89.8794	4972.99	-0.000298575	706.627
38.5153	2.97098	47.467	-1.5012	-153.965	9.9873	109.813	2.5887	24.3415	31.6712	1371.43	1265.54	-90.1722	4972.38	-0.000298575	707.394
38.5160	1.74668	-17.2664	-0.893213	-221.718	8.15237	98.5363	-0.155322	12.7476	31.6712	1371	1264.34	-91.2461	4971.31	-0.000451137	707.859
38.5167	-0.685612	-108.496	0.630503	-124.355	5.71452	68.6329	-1.96742	-3.11479	31.6771	1371.16	1264.34	-91.7017	4971.62	-0.000603745	707.998
38.5173	-2.53023	-241.542	2.76971	44.4157	1.44174	32.6171	-3.20999	-20.2461	31.6712	1371.6	1265.14	-90.6441	4972.84	-0.000145967	707.696
38.5180	-2.82407	-233.317	3.3777	128.011	-4.35142	-0.342506	-5.33273	-24.2261	31.6712	1371.76	1264.98	-90.3349	4973.14	0.000311811	708.161
38.5187	-0.99577	-225.971	1.54623	158.254	-10.7606	-53.1411	-4.42668	-13.4974	31.6653	1371.6	1264.34	-90.6441	4972.69	0.000464373	709.068
38.5193	1.14269	-171.346	0.022518	133.834	-15.0334	-93.7413	-0.750724	-4.03769	31.6653	1371.76	1264.5	-90.3349	4972.69	0.000311811	709.231
38.5200	1.43652	-28.8193	-0.893213	68.8353	-16.2654	-75.7202	-1.68266	-6.1719	31.6712	1372.51	1265.22	-89.5702	4973.45	6.59448e-006	709.37
38.5207	2.36699	51.1087	-2.72468	84.6788	-15.0334	-55.8812	-5.95402	-10.4403	31.6653	1372.68	1265.14	-89.5702	4973.45	6.59448e-006	709.696
38.5213	3.88513	68.1868	-2.41693	169.809	-10.7606	-109.286	-6.86007	-8.9406	31.6593	1371.33	1263.3	-90.6441	4972.38	-0.000145967	710.3
38.5220	4.48913	-3.20214	-1.5012	207.048	-2.83105	-233.8	-5.02209	-7.0948	31.6653	1370.08	1261.78	-92.0108	4971.31	0.000311811	711.207
38.5227	5.4196	-126.516	-0.893213	145.434	4.79705	-299.429	-6.86007	-5.59509	31.6653	1369.65	1261.3	-92.32	4970.55	0.000464373	711.812
38.5233	5.10944	-188.424	-0.285228	14.1733	8.45382	-120.588	-11.1314	0.807538	31.6593	1370.57	1262.18	-91.5552	4971.47	0.000311811	712.439
38.5240	-0.391778	-243.049	-0.893213	-117.359	9.37129	206.268	-10.536	13.9589	31.6534	1372.35	1263.7	-89.8794	4973.75	0.000159203	712.137
38.5247	-7.41114	-417.346	-3.94815	-188.451	7.2349	302.696	-7.76611	21.2844	31.6534	1373.43	1264.5	-88.3499	4974.82	-0.000298575	711.068
38.5253	-12.5859	-449.995	-6.68784	-164.663	4.19414	121.721	-6.23878	14.2473	31.6593	1373.92	1264.66	-87.5852	4975.13	-0.000145967	711.068
38.5260	-16.8628	-86.8345	-0.893213	-97.4979	2.35921	-25.688	-1.37201	8.13306	31.6534	1374.51	1265.14	-87.5852	4975.43	0.000311811	711.812
38.5267	-17.4831	262.01	12.8428	-73.3943	2.66066	-36.3583	3.83128	13.3244	31.6534	1374.19	1265.14	-87.8943	4975.74	0.000311811	711.974
38.5273	-18.3973	379.485	22.3003	-109.414	6.31743	-22.0258	3.20999	18.5157	31.6534	1372.84	1264.02	-88.6591	4975.28	0.000311811	712.439
38.5280	-26.3308	467.387	25.6555	-150.309	10.2888	-4.00469	1.9933	19.727	31.6534	1372.84	1263.3	-88.8055	4974.82	6.59448e-006	713.207
38.5287	-28.1591	338.925	28.1024	-135.955	12.1237	41.1534	1.9933	17.3044	31.6534	1372.68	1262.82	-89.2611	4973.91	6.59448e-006	713.346
38.5293	-3.44438	-6.27871	26.879	-79.4879	10.2888	51.2178	-4.73733	5.42204	31.6465	1372.08	1262.18	-90.1722	4973.3	0.000311811	713.509
38.5300	28.306	-19.7151	24.7398	-30.0619	6.63199	18.5744	-14.8074	-7.44089	31.6406	1372.24	1262.5	-89.8794	4973.6	0.000159203	714.113
38.5307	16.6995	185.975	22.3003	-3.20479	3.57813	-3.71487	-15.7134	-7.0948	31.6465	1372.84	1262.98	-89.1146	4974.06	-0.000145967	714.253
38.5313	-19.9154	125.574	14.9745	5.64224	0.825722	-29.9561	-8.07676	-0.115363	31.6534	1373.92	1263.46	-88.0408	4975.28	0.000159203	713.951
38.5320	-22.0539	18.1455	3.3777	9.93034	-3.1325	-29.034	-0.465967	2.01885	31.6465	1374.83	1264.34	-86.8205	4976.35	6.59448e-006	713.951
38.5327	-2.53023	24.2358	-15.2372	6.27417	-7.40528	4.24181	2.30395	-6.1719	31.6406	1375.59	1264.82	-86.3649	4976.81	-0.000451137	713.811
38.5333	8.76604	-59.6477	-34.46	-17.2427	-11.6781	15.5182	2.5887	-26.0143	31.6406	1375.1	1264.34	-87.276	4976.35	-0.000145967	714.416
38.5340	5.10944	-167.39	-37.2072	-26.0897	-12.5955	-8.589	1.9933	-44.3569	31.6465	1373.27	1262.82	-88.9519	4974.21	-0.000145967	715.485
38.5347	-23.2782	-187.859	-22.8633	-3.52076	-6.18636	-58.9374	1.9933	-43.1456	31.6465	1371.33	1260.83	-90.3349	4972.38	-0.000145967	715.788
38.5353	-40.0593	-188.738	-8.82705	9.93034	-2.52959	-78.1704	2.89935	-26.9372	31.6406	1370.68	1259.79	-91.2461	4971.77	-0.000145967	716.392
38.5360	-16.569	-177.185	-4.24839	-6.27417	-4.96744	-46.1329	4.73733	-18.4003	31.6406	1370.84	1259.63	-91.0997	4971.62	-0.000451137	716.555
38.5367	-1.59976	-48.66	-3.03242	-5.05545	-5.58345	1.1856	4.42668	-18.6887	31.6406	1371	1259.79	-90.4814	4972.38	-0.000451137	716.392
38.5373	-22.364	153.64	-7.30333	70.6409	-4.35142	9.11593	1.68266	-17.4774	31.6406	1371.6	1260.35	-89.8794	4973.14	-0.000298575	716.694
38.5380	-41.8876	234.196	-18.5923	179.92	-4.04997	-52.5352	-0.155322	-22.0343	31.6406	1372.24	1260.19	-89.7167	4973.3	6.59448e-006	717.02
38.5387	-17.1729	182.334	-25.6105	269.338	-2.83105	-84.5726	-0.155322	-29.3598	31.6406	1372.35	1259.95	-90.0258	4973.45	0.000311811	717.322
38.5393	18.838	109.124	-24.0867	354.152	-1.31067	-27.2161	2.5887	-25.4375	31.6406	1372.51	1260.35	-89.8794	4973.75	6.59448e-006	717.322
38.5400	16.4057	89.2832	-16.1529	443.57	-0.694655	17.0463	4.42668	-12.5745	31.6406	1372.68	1260.19	-89.8794	4973.91	6.59448e-006	717.322
38.5407	9.99035	107.24	-4.24839	499.135	0.222814	27.1107	1.06137	0.230725	31.6406	1372.08	1259.15	-90.1722	4973.14	0.000464373	717.927
38.5413	14.5611	55.0643	3.68544	440.817	0.222814	52.4561	-2.89935	3.28783	31.6406	1370.84	1257.95	-91.0997	4971.77	0.000311811	718.392
38.5420	3.57498	7.15773	1.85398	241.849	-4.04997	66.7887	-4.11604	0.807538	31.6347	1369.49	1256.75	-92.1573	4970.55	0.000311811	718.531
38.5427	-10.7576	-5.02297	-4.55614	-0.767345	-13.2116	62.5205	-2.5887	6.92176	31.6406	1369	1255.79	-92.32	4970.4	0.000159203	719.136
38.5433	-10.4637	-139.011	-6.99559	-100.838	-20.5251	48.188	0.465967	21.8612	31.6347	1370.08	1255.95	-91.7017	4971.47	6.59448e-006	719.298
38.5440	7.54173	-240.035	-6.3876	-39.2249	-21.1411	30.483	-0.155322	24.3415	31.6347	1371.76	1257.63	-90.4814	4973.14	6.59448e-006	718.833
38.5447	38.9819	-104.854	-5.16412	-89.8696	-16.2654	35.3572	-5.64338	5.07595	31.6406	1373	1258.99	-88.9519	4974.52	0.000311811	718.531
38.5453	60.9542	134.741	-5.16412	-228.443	-7.71984	42.9977	-11.1314	-9.5751	31.6406	1374.08	1259.31	-87.8943	4975.28	0.000311811	718.229
38.5460	60.3502	272.37	-4.55614	-80.1198	2.66066	30.7728	-11.7527	-10.7864	31.6406	1374.51	1259.31	-87.7316	4975.43	-0.000145967	718.694
38.5467	44.4668	308.41	-3.03242	273.581	13.9586	26.8209	-6.54942	-10.4403	31.6347	1374.08	1258.67	-88.3499	4974.98	6.59448e-006	718.996
38.5473	29.2201	234.51	-2.11669	425.876	21.5867	41.4696	6.57531	-9.5751	31.6406	1373.16	1258.11	-88.6591	4974.37	0.000311811	718.996
38.5480	20.9765	-32.2098	-3.64041	301.973	20.3678	72.5849	20.9167	-6.1719	31.6406	1372.84	1257.63	-88.8055	4973.91	0.000311811	719.461
38.5487	16.0956	-68.8146	-9.13479	57.5057	12.1237	86.9438	24.2562	-0.692176	31.6406	1373	1257.31	-88.9519	4973.91	0.000159203	719.763
38.5493	11.2147	87.7135	-8.21906	-168.003	5.41307	15.5182	21.5121	2.36493	31.6465	1373	1256.75	-89.4238	4973.91	-0.000298575	719.601
38.5500	8.45588	-103.913	4.60117	-318.132	5.09851	-77.5644	22.1334	-1.90348	31.6406	1372.51	1256.11	-89.7167	4973.6	-0.000298575	719.461
38.5507	8.45588	-132.606	18.6374	-401.457	4.79705	-95.2694	22.4441	-9.22901	31.6347	1372.51	1256.43	-88.8055	4974.37	-0.000145967	719.601
38.5513	8.16205	194.577	25.6555	-347.427	4.79705	-60.7816	17.8621	-13.4974	31.6406	1374.19	1258.11	-87.276	4976.04	-0.000298575	719.903
38.5520	7.85189	276.64	24.4395	-193.642	14.2601	-33.3021	10.8467	-13.209	31.6406	1375.75	1258.67	-87.1296	4976.5	-0.000298575	719.903
38.5527	7.85189	214.669	18.3296	-89.2828	28.9134	-61.6774	9.31934	-8.0177	31.6406	1375.43	1257.95	-87.4388	4976.04	-0.000145967	719.763
38.5533	7.54173	95.0596	14.3665	-29.4299	35.008	-105.334	17.2408	-8.0177	31.6465	1374.67	1257.31	-87.7316	4975.28	-0.000451137	720.368
38.5540	6.93774	-154.896	12.2273	15.1212	31.9541	-100.433	23.3501	-14.4203	31.6406	1373.27	1255.79	-88.9519	4973.91	-0.000756307	720.833
38.5547	5.71343	-156.403	8.87208	8.07969	24.6406	-79.0925	21.2015	-6.1719	31.6406	1371.16	1253.39	-90.3349	4972.69	-0.000145967	720.833
38.5553	2.97098	83.444	6.12489	-67.6166	17.6154	-63.5217	15.7134	13.3244	31.6465	1370.84	1252.43	-91.2461	4972.08	-0.000145967	721.577
38.5560	1.43652	218.939	3.3777	-130.765	15.1776	-37.5703	-0.465967	20.0731	31.6406	1370.68	1252.28	-91.0997	4972.23	-0.000603745	721.74
38.5567	3.57498	316.635	0.330264	-93.2098	12.1237	-2.79274	-22.4182	19.1502	31.6406	1370.68	1251.96	-90.7905	4972.38	-0.000298575	721.577
38.5573	4.19529	426.513	-0.893213	-26.7217	-6.80238	37.4912	-30.9609	21.5728	31.6406	1372.08	1252.28	-89.8794	4973.75	-0.000145967	722.205
38.5580	0.522371	55.3782	-0.285228	41.3463	-33.042	52.4561	-25.1622	24.6299	31.6347	1372.84	1253.23	-88.6591	4975.13	-0.000298575	722.647
38.5587	-2.22008	-621.215	-0.585468	148.775	-37.3148	16.7301	-17.2408	16.0931	31.6406	1372.68	1253.39	-89.2611	4973.91	-0.000451137	722.809
38.5593	-2.82407	-710.938	-1.5012	234.537	-22.36	-38.8086	-15.4028	1.15363	31.6406	1372.68	1253.07	-89.8794	4973.45	-0.000145967	722.205
38.5600	-4.35853	-468.266	-2.41693	294.931	-12.2941	-80.6206	-18.1468	1.15363	31.6406	1372.84	1252.75	-89.4238	4974.37	0.000159203	721.577
38.5607	-4.96252	-399.326	-2.72468	288.251	-10.4591	-83.6505	-16.9301	0.519132	31.6465	1372.35	1252.12	-89.8794	4973.6	6.59448e-006	721.74
38.5613	-2.53023	-361.465	-2.11669	196.666	-9.24022	-49.4789	-7.17071	-10.1519	31.6534	1371.16	1250.6	-91.3925	4971.77	6.59448e-006	722.042
38.5620	-0.99577	-271.742	-0.285228	197.885	-6.48781	-4.92682	-1.37201	-10.7864	31.6465	1369.49	1248.76	-92.6128	4970.25	6.59448e-006	721.74
38.5627	-2.22008	-83.7579	0.938249	223.839	-3.74852	36.5691	-4.11604	-2.82638	31.6465	1368.84	1247.88	-92.7755	4970.09	0.000159203	721.438
38.5633	-4.04838	123.439	1.54623	104.81	-3.74852	60.9924	-7.17071	9.97887	31.6534	1370.08	1248.2	-92.1573	4971.47	0.000464373	721.135
38.5640	-6.79082	256.799	0.330264	-95.6924	-6.80238	92.7401	-8.69805	20.3615	31.6593	1371.6	1249.4	-90.4814	4972.99	0.000464373	720.368
38.5647	-0.0816205	303.513	-3.03242	-275.748	-7.71984	151.625	-11.7527	6.63335	31.6593	1373.16	1251.24	-88.3499	4974.52	0.000464373	720.368
38.5653	18.234	260.19	-4.55614	-334.607	-8.0213	182.766	-12.6588	-10.7864	31.6534	1375	1252.43	-87.4388	4975.74	0.000159203	720.368
38.5660	21.2866	97.5083	-1.80894	-276.018	-8.32275	140.032	-9.60409	-3.11479	31.6465	1374.67	1251.72	-87.8943	4975.74	6.59448e-006	719.763
38.5667	4.48913	-79.8024	1.85398	-180.507	-6.48781	82.0434	-5.02209	8.13306	31.6534	1373.59	1250.28	-88.6591	4974.82	0.000311811	719.461
38.5673	-6.79082	5.65084	2.16173	-109.73	-4.35142	98.2202	0.776611	12.1131	31.6534	1373.16	1249.88	-88.9519	4974.37	-0.000145967	719.298
38.5680	-8.61912	124.946	2.76971	-85.8975	-2.52959	143.694	5.04797	14.2473	31.6534	1373.43	1249.72	-88.8055	4974.52	-0.000451137	719.903
38.5687	-8.01513	58.1408	6.12489	-118.848	-1.31067	133.63	6.57531	8.13306	31.6593	1373.43	1249.4	-88.4964	4974.37	-0.000298575	720.066
38.5693	-5.27268	34.9724	5.51691	-175.632	-0.996109	75.0352	5.95402	1.15363	31.6593	1372.51	1248.36	-88.8055	4974.37	-0.000145967	718.833
38.5700	-2.53023	-13.8759	0.330264	-193.326	-0.694655	-35.4362	5.04797	0.807538	31.6534	1372.24	1248.04	-89.1146	4974.21	6.59448e-006	718.833
38.5707	-1.90992	-79.4884	-1.5012	-220.499	-0.0786402	-149.57	6.26466	-3.46088	31.6534	1373.59	1249.24	-88.8055	4974.67	6.59448e-006	719.136
38.5713	-0.391778	45.8974	-0.585468	-257.106	0.222814	-164.535	5.04797	-7.7293	31.6593	1375.27	1250.12	-87.5852	4976.2	-0.000145967	718.996
38.5720	1.14269	119.798	-1.20096	-219.867	-0.694655	-100.143	-1.06137	-1.90348	31.6593	1376.18	1250.44	-86.2185	4977.42	6.59448e-006	718.531
38.5727	0.522371	27.6263	-2.41693	-135.053	-2.21503	-53.1411	-8.07676	12.7476	31.6534	1376.02	1250.92	-85.7466	4977.42	0.000159203	718.392
38.5733	1.14269	-21.222	-2.72468	-97.4979	-3.1325	-53.4573	-14.1861	22.7841	31.6593	1375.1	1249.88	-86.674	4976.2	-0.000451137	718.531
38.5740	-0.99577	9.92036	-3.03242	-111.22	-2.21503	-54.0633	-15.7134	17.9389	31.6593	1373.75	1247.24	-88.4964	4974.06	-0.000451137	718.531
38.5747	-5.27268	49.6018	-2.41693	-118.577	-1.91358	-22.9216	-12.0375	7.55625	31.6593	1372.24	1245.24	-89.7167	4972.69	-0.000145967	718.694
38.5753	-5.87667	41.6278	-0.585468	-107.88	1.14028	22.8425	-5.64338	-0.403769	31.6653	1371.16	1244.04	-90.4814	4972.23	-0.000145967	718.392
38.5760	-8.61912	-30.954	2.16173	-90.1856	6.63199	36.8853	2.89935	-6.51799	31.6593	1370.84	1243.73	-90.4814	4972.69	0.000159203	718.392
38.5767	-13.8102	-125.26	5.51691	-69.7381	6.63199	2.7137	9.00869	-8.6522	31.6534	1371.43	1244.2	-89.8794	4973.75	0.000159203	718.089
38.5773	-15.6385	-172.602	7.34837	-53.2628	3.87958	-46.4227	10.2254	-6.1719	31.6593	1372.08	1244.36	-89.8794	4973.6	6.59448e-006	717.462
38.5780	-12.896	-221.701	6.43264	-41.3463	2.35921	-94.0311	9.00869	-1.90348	31.6593	1372.24	1244.04	-90.3349	4972.69	-0.000145967	716.857
38.5787	-9.84343	-251.902	6.74038	-33.718	3.27667	-131.259	6.86007	0.519132	31.6534	1372.24	1243.89	-90.1722	4972.99	-0.000298575	716.555
38.5793	-5.27268	-81.6232	7.34837	-27.9404	6.63199	-140.717	2.89935	-0.403769	31.6534	1372.68	1244.2	-89.4238	4973.91	0.000159203	716.555
38.5800	-2.53023	164	6.12489	-18.1454	7.2349	-130.653	-5.64338	-4.96059	31.6593	1372.68	1243.89	-89.2611	4973.6	0.000311811	716.392
38.5807	-4.65237	230.24	3.07746	-1.08331	6.31743	-107.758	-13.2801	-10.4403	31.6653	1371.76	1243.01	-90.1722	4972.84	-0.000145967	715.95
38.5813	-4.35853	183.589	-3.64041	13.2706	6.31743	-72.664	-16.6195	-13.209	31.6534	1370.57	1241.73	-91.7017	4971.77	6.59448e-006	716.09
38.5820	-1.59976	119.484	-9.13479	25.5029	6.01597	-43.9988	-15.7134	-11.0748	31.6534	1369.76	1240.53	-92.6128	4970.55	0.000159203	716.392
38.5827	0.522371	6.52986	-10.6585	41.0304	6.63199	-31.774	-7.76611	-8.0177	31.6593	1369.65	1240.05	-92.32	4970.86	0.000159203	716.392
38.5833	2.05684	-86.8345	-8.21906	52.9468	6.31743	-34.5404	0.465967	-7.0948	31.6534	1370.57	1241.33	-90.6441	4972.69	0.000464373	716.09
38.5840	2.97098	-84.6998	1.54623	61.207	4.79705	-44.6048	5.33273	-10.1519	31.6534	1372.35	1243.33	-89.4238	4973.91	0.000311811	715.788
38.5847	3.88513	-32.2098	12.2273	65.134	7.85091	-41.2325	12.9694	-13.8435	31.6534	1374.19	1244.84	-88.8055	4974.37	-0.000298575	715.02
38.5853	5.4196	-0.753445	18.0294	56.603	12.4251	-26.8999	19.7	-9.22901	31.6534	1374.83	1245.56	-87.7316	4975.59	6.59448e-006	713.951
38.5860	5.4196	7.7856	23.216	42.2491	13.6441	-15.5972	19.7	-0.692176	31.6465	1374.51	1245.24	-87.1296	4975.89	0.000311811	713.648
38.5867	3.28114	19.4012	27.1867	31.5966	13.6441	-8.589	16.3347	2.65334	31.6534	1374.08	1245	-87.7316	4975.43	0.000311811	713.951
38.5873	2.05684	0.125574	29.9264	27.6244	11.2062	-7.37705	13.9013	9.97887	31.6534	1373.59	1244.52	-88.6591	4974.67	0.000159203	713.811
38.5880	4.79928	-33.0888	32.9813	28.8431	7.54946	-12.8571	12.6588	25.2644	31.6465	1373.43	1244.04	-88.8055	4974.37	0.000464373	713.811
38.5887	9.0762	13.2481	34.8128	40.1276	6.63199	-17.7313	12.0634	32.8783	31.6465	1373.27	1244.04	-88.3499	4974.98	0.000616981	713.346
38.5893	8.76604	86.2066	29.9264	91.0883	2.66066	-17.7313	10.2254	32.5899	31.6534	1372.35	1243.41	-88.9519	4974.67	0.000464373	712.579
38.5900	6.02359	64.859	5.51691	176.85	-3.74852	-13.1733	9.00869	34.3781	31.6465	1372.51	1243.17	-89.4238	4973.91	0.000159203	712.742
38.5907	4.19529	28.2542	-24.3945	242.481	-7.40528	-11.0392	9.91474	32.5899	31.6465	1373.75	1243.73	-88.3499	4974.52	-0.000145967	712.137
38.5913	-0.0816205	4.70903	-35.0755	294.344	-8.0213	-9.19497	9.62998	12.4015	31.6465	1374.51	1245	-87.1296	4975.89	0.000159203	711.37
38.5920	-6.18683	-147.55	-31.4126	344.718	-6.80238	3.92565	5.95402	-22.3803	31.6406	1375.43	1245.72	-86.5113	4976.65	6.59448e-006	711.207
38.5927	-8.32529	-415.525	-19.2003	339.528	-3.1325	19.4965	3.20999	-40.0885	31.6465	1375.86	1245.56	-86.2185	4976.5	-0.000603745	710.44
38.5933	-7.10098	-610.793	-4.55614	251.915	0.222814	33.2231	3.52064	-30.9172	31.6465	1375	1244.04	-87.1296	4975.89	-0.000298575	710.602
38.5940	-12.5859	-496.96	4.60117	146.021	-2.21503	62.5205	6.26466	-16.5545	31.6465	1373.43	1242.37	-88.9519	4974.06	6.59448e-006	711.207
38.5947	-18.0871	-70.3215	5.51691	138.709	-6.48781	93.0299	6.57531	-7.44089	31.6406	1372.08	1241.01	-90.0258	4972.69	-0.000451137	710.905
38.5953	-11.6717	262.576	-9.74278	166.153	-6.18636	97.0082	2.5887	-6.1719	31.6347	1371.16	1239.81	-90.7905	4972.08	-0.000603745	710.765
38.5960	-2.22008	281.223	-37.515	48.9747	-6.80238	74.4292	-2.89935	-10.4403	31.6406	1370.68	1239.33	-91.0997	4972.08	-0.000145967	710.44
38.5967	4.79928	172.602	-47.8882	-159.156	-10.1577	47.5556	-6.23878	-9.22901	31.6465	1371.16	1239.17	-90.3349	4972.69	0.000311811	709.37
38.5973	5.10944	57.513	-30.7971	-310.82	-11.3766	24.9766	-5.02209	-3.74928	31.6347	1371.76	1239.01	-89.5702	4972.99	6.59448e-006	708.766
38.5980	-3.44438	-59.9617	-18.9001	-348.059	-9.85624	-8.589	-2.5887	-5.88349	31.6288	1372.08	1238.69	-89.7167	4973.6	-0.000145967	708.766
38.5987	-10.7576	-37.9862	-20.1161	-178.069	-7.10383	-39.7043	-2.5887	-7.0948	31.6347	1372.24	1238.53	-90.0258	4973.75	0.000159203	708.324
38.5993	-11.6717	91.9831	-17.0686	107.88	-4.04997	-38.8086	-0.750724	-0.115363	31.6347	1372.51	1238.37	-89.7167	4973.6	6.59448e-006	707.998
38.6000	-8.92928	174.988	-11.882	213.186	-1.61212	-10.1171	5.04797	-3.46088	31.6288	1372.51	1238.13	-89.4238	4973.6	-0.000298575	707.557
38.6007	-5.58284	173.167	-10.9663	139.296	-1.31067	18.5744	9.62998	-18.1119	31.6288	1371.43	1236.53	-90.4814	4972.84	-0.000145967	706.789
38.6013	-4.96252	-52.0505	-10.9663	87.4322	-1.91358	30.1669	9.62998	-25.0914	31.6288	1370.08	1234.62	-91.5552	4971.47	6.59448e-006	706.929
38.6020	-10.4637	-101.778	-10.3508	34.6208	-1.91358	28.6388	3.20999	-21.7459	31.6229	1369.33	1233.5	-92.4664	4970.55	-0.000145967	706.789
38.6027	-20.5357	199.098	-10.0505	-60.8911	-2.21503	14.596	-7.48136	-11.7093	31.6229	1369.33	1233.34	-93.0847	4970.7	0.000159203	706.487
38.6033	-29.9874	217.746	-9.43503	-147.24	-4.04997	-5.84895	-12.6588	-2.24957	31.6229	1370.57	1233.98	-92.0108	4971.47	0.000159203	706.022
38.6040	-30.5914	-44.0765	-5.47187	-161.594	-4.96744	-13.7793	-10.2254	-0.115363	31.6229	1371.92	1234.86	-90.0258	4973.45	-0.000451137	704.348
38.6047	-16.2588	-202.802	-0.893213	-35.5687	-2.21503	1.47541	-8.3874	-2.53798	31.616	1373	1235.5	-88.3499	4975.43	6.59448e-006	703.581
38.6053	-0.391778	-103.913	0.630503	100.567	1.14028	24.9766	-8.07676	-8.6522	31.616	1374.67	1235.97	-87.4388	4976.2	0.000464373	703.743
38.6060	-5.58284	94.7457	-0.285228	81.9253	-0.0786402	13.7002	-6.86007	-10.1519	31.6229	1374.83	1235.81	-87.276	4976.2	0.000464373	703.743
38.6067	-23.8821	144.787	-2.72468	-45.3185	-5.88491	-12.5673	-8.69805	-3.46088	31.6229	1373.59	1234.62	-87.8943	4975.43	0.000311811	703.441
38.6073	-33.04	222.643	-3.33266	-161.91	-10.7606	-2.47658	-9.29345	5.42204	31.616	1373.16	1233.5	-88.8055	4974.06	-0.000298575	702.674
38.6080	-29.9874	273.877	1.24599	-206.461	-12.2941	9.11593	-6.86007	14.2473	31.6229	1372.84	1232.78	-89.2611	4973.6	-0.000298575	702.046
38.6087	-24.1923	163.121	7.04062	-182.628	-11.0752	-6.13876	-4.11604	27.3986	31.616	1372.84	1231.98	-88.9519	4973.91	0.000159203	701.907
38.6093	-12.896	124.632	12.2273	-122.549	-10.4591	-15.9134	0.465967	41.4152	31.616	1373.27	1231.5	-88.4964	4974.37	6.59448e-006	701.907
38.6100	5.4196	-2.26033	16.5057	-81.6545	-8.0213	-15.3074	4.73733	48.7407	31.616	1373.16	1231.42	-88.6591	4974.67	6.59448e-006	701.442
38.6107	13.3531	-227.226	11.927	-70.0541	1.44174	-18.9696	5.95402	38.6465	31.616	1374.35	1231.98	-87.7316	4975.74	6.59448e-006	701.302
38.6113	23.1149	-87.1485	0.022518	-30.6487	9.06983	-24.1598	8.10264	19.4386	31.616	1376.18	1232.3	-86.3649	4976.81	6.59448e-006	700.837
38.6120	48.4336	74.591	-0.585468	33.718	8.45382	-26.8999	9.62998	9.97887	31.61	1375.86	1231.5	-86.3649	4976.96	6.59448e-006	699.767
38.6127	38.6718	-48.0949	8.87208	82.5573	6.93344	-27.2161	8.69805	4.49914	31.616	1375.75	1231.66	-86.674	4976.96	-0.000298575	699.163
38.6133	-8.61912	-51.7365	12.2273	118.261	5.71452	-19.8917	7.48136	-4.38378	31.616	1375.1	1230.78	-86.9832	4975.89	-0.000298575	698.861
38.6140	-29.3834	99.0152	9.48007	176.85	2.96211	-9.19497	3.52064	-4.67219	31.61	1373.16	1227.9	-88.9519	4973.91	-0.000145967	698.558
38.6147	-23.8821	223.836	11.927	248.891	1.14028	-12.2512	-1.96742	-3.46088	31.6041	1371.76	1226.23	-90.6441	4972.84	-0.000298575	698.396
38.6153	-15.3446	280.909	18.6374	275.748	2.35921	-29.034	-2.5887	-9.8635	31.61	1371.43	1225.59	-90.6441	4972.38	-0.000145967	698.093
38.6160	-2.53023	246.125	27.1867	224.155	4.79705	-20.4977	3.20999	-17.189	31.6041	1371.43	1224.95	-90.3349	4972.38	-0.000298575	697.163
38.6167	7.85189	214.983	40.9152	175	8.15237	44.5258	8.69805	-19.9001	31.6041	1371.92	1224.79	-90.3349	4972.84	-0.000451137	696.419
38.6173	11.2147	308.096	54.0356	250.109	10.2888	99.7483	7.792	-19.3232	31.61	1372.08	1224.55	-90.1722	4972.99	-0.000298575	695.489
38.6180	9.68019	247.946	54.9514	352.933	9.06983	66.7887	1.37201	-17.4774	31.6041	1371.76	1223.59	-90.1722	4972.99	6.59448e-006	694.722
38.6187	5.71343	-146.608	34.5051	363.631	7.2349	41.4696	-4.73733	-10.1519	31.6041	1371.92	1223.27	-89.7167	4973.45	0.000311811	694.885
38.6193	5.71343	-354.433	19.8609	397.169	6.31743	107.679	-3.49475	3.86465	31.6041	1372.51	1223.75	-89.2611	4974.06	0.000159203	694.42
38.6200	8.16205	-328.816	29.9264	503.378	5.41307	137.898	3.20999	13.6705	31.6041	1372.35	1223.59	-89.4238	4974.37	6.59448e-006	693.676
38.6207	9.0762	-553.468	27.4869	474.986	4.79705	88.4456	4.73733	17.3044	31.5982	1371.6	1221.91	-90.7905	4972.84	-0.000145967	693.048
38.6213	11.8186	-833.875	8.56434	161.278	3.57813	35.3572	-1.06137	20.6499	31.5982	1370.57	1220.39	-92.0108	4971.01	-0.000145967	692.746
38.6220	12.7328	-779.564	-6.07985	-212.239	3.27667	7.27167	-5.64338	13.3244	31.6041	1369.33	1218.87	-92.6128	4970.09	-0.000298575	692.281
38.6227	7.54173	-345.329	-25.9182	-334.021	4.19414	43.2875	-4.42668	-0.980582	31.6041	1368.84	1217.2	-92.922	4970.09	6.59448e-006	691.536
38.6233	1.74668	213.476	-37.515	-238.78	4.4956	122.644	-3.20999	0.519132	31.5982	1370.25	1218.24	-91.3925	4972.53	0.000922151	691.072
38.6240	0.228537	312.052	-28.0499	-106.345	4.19414	184.584	-4.73733	8.13306	31.5923	1372.24	1220.39	-89.1146	4975.13	0.000769543	689.7
38.6247	2.05684	117.349	-20.7316	3.20479	6.93344	205.635	-5.33273	14.8818	31.5982	1373.27	1220.87	-87.8943	4975.74	0.000311811	688.63
38.6253	2.05684	241.542	-22.563	-49.2906	12.4251	204.107	-4.42668	27.9754	31.5923	1374.19	1221.19	-87.5852	4976.04	0.000464373	689.095
38.6260	-0.99577	383.755	-31.7128	-290.688	15.1776	238.595	-1.37201	34.0897	31.5854	1374.67	1221.19	-87.5852	4976.2	0.000464373	688.793
38.6267	-3.13423	296.794	-41.7859	-408.498	15.1776	300.246	3.52064	31.667	31.5923	1374.35	1219.91	-88.0408	4975.43	0.000159203	688.165
38.6273	-2.53023	217.118	-33.852	-307.164	21.2722	314.289	6.26466	29.8212	31.5923	1373.59	1218.87	-88.4964	4974.98	6.59448e-006	687.561
38.6280	-1.90992	239.407	-22.563	-154.868	31.9541	226.713	1.68266	29.1867	31.5923	1373.27	1218.87	-87.8943	4975.59	-0.000145967	686.654
38.6287	-2.22008	301.692	-22.563	-96.9111	31.3512	125.384	-8.07676	25.5528	31.5854	1373	1218.24	-88.0408	4975.28	-0.000451137	685.724
38.6293	-1.30593	178.692	-22.2553	-224.155	14.2601	122.644	-12.0375	10.9018	31.5854	1372.68	1216.88	-89.2611	4974.21	-0.000451137	685.421
38.6300	-0.0816205	-249.453	-16.4531	-395.047	-4.66598	113.791	-8.69805	-9.22901	31.5854	1372.68	1216.32	-89.4238	4973.91	-0.000145967	684.956
38.6307	-1.59976	-547.943	-9.13479	-413.057	-15.3479	-29.3501	-4.42668	-21.4574	31.5854	1373.27	1216.72	-88.4964	4974.98	0.000159203	683.91
38.6313	-6.18683	-382.876	-10.9663	-291.275	-15.9509	-224.947	-2.89935	-29.0714	31.5854	1375	1218.08	-87.1296	4976.5	0.000159203	682.98
38.6320	-9.23944	-84.0719	-17.0686	-186.013	-8.0213	-291.183	-2.27806	-36.6853	31.5795	1375.86	1218.24	-86.5113	4976.96	-0.000451137	681.771
38.6327	-8.32529	93.8667	-13.7135	-190.572	-4.66598	-223.735	1.06137	-34.5511	31.5795	1375.43	1217.36	-86.8205	4976.65	-0.000298575	681.306
38.6333	-7.41114	163.121	-7.60357	-189.038	-13.513	-185.902	6.26466	-22.0343	31.5854	1374.83	1216.72	-87.4388	4976.04	0.000159203	681.771
38.6340	-8.32529	163.435	-3.33266	-110.633	-19.9222	-230.744	7.792	-16.2661	31.5795	1373.27	1214.56	-88.8055	4974.06	6.59448e-006	681.771
38.6347	-7.41114	131.351	-1.5012	-67.3007	-16.8683	-258.829	5.04797	-22.0343	31.5795	1371.76	1212.16	-90.4814	4972.23	-0.000145967	681.004
38.6353	-5.87667	70.9494	1.54623	-83.46	-10.4591	-231.06	4.11604	-28.1485	31.5736	1371.33	1211.68	-91.0997	4972.23	-0.000145967	680.399
38.6360	-4.35853	11.7412	6.74038	-95.9632	-6.80238	-218.861	7.48136	-27.8601	31.5736	1371.76	1211.84	-90.4814	4972.84	6.59448e-006	679.934
38.6367	-4.65237	20.2802	7.34837	-105.442	-5.26889	-230.744	7.48136	-22.6688	31.5736	1372.35	1211.84	-89.8794	4973.75	-0.000145967	679.027
38.6373	-6.49699	76.4747	4.60117	-139.296	-2.52959	-210.931	2.30395	-13.4974	31.5795	1372.24	1211.68	-90.0258	4973.6	-0.000451137	677.632
38.6380	-7.10098	129.844	1.54623	-174.413	2.05775	-195.044	-0.155322	-4.96059	31.5736	1372.08	1211.2	-89.8794	4973.45	-0.000298575	676.423
38.6387	-4.96252	194.263	-3.33266	-159.472	5.41307	-178.577	1.37201	1.15363	31.5736	1372.35	1211.12	-89.7167	4974.21	6.59448e-006	675.958
38.6393	-1.90992	248.26	-6.3876	-79.8039	6.31743	-43.3665	2.5887	3.57624	31.5676	1372.51	1211.12	-89.5702	4973.91	-0.000145967	675.354
38.6400	-0.391778	150.626	-6.68784	14.8052	5.09851	105.545	2.5887	0.519132	31.5676	1372.51	1210.96	-89.2611	4973.6	6.59448e-006	675.051
38.6407	1.74668	-348.657	-5.77211	65.766	2.66066	105.545	5.64338	4.21074	31.5617	1371.76	1210.17	-89.7167	4973.3	0.000311811	674.889
38.6413	4.48913	-740.825	-4.24839	79.1719	-0.996109	68.0006	12.374	20.0731	31.5617	1370.25	1208.33	-91.5552	4971.47	6.59448e-006	673.982
38.6420	4.48913	-382.562	-2.41693	59.9883	-6.48781	78.6973	19.7	30.1096	31.5676	1369.33	1207.29	-92.4664	4970.25	6.59448e-006	672.75
38.6427	3.28114	-3.20214	-2.41693	15.392	-12.5955	79.9093	21.5121	19.727	31.5676	1369.49	1207.85	-92.0108	4971.16	0.000159203	672.61
38.6433	0.832529	-26.9984	-3.03242	35.8395	-16.8683	63.1265	16.6454	1.73044	31.5676	1371	1209.45	-90.4814	4973.45	0.000311811	672.006
38.6440	-4.04838	164.942	-2.41693	181.725	-17.7858	83.8876	12.0634	-7.44089	31.5676	1373.16	1210.8	-88.3499	4975.43	0.000311811	670.471
38.6447	-8.32529	435.303	-3.64041	295.879	-12.897	118.059	10.8467	-13.8435	31.5617	1373.75	1211.12	-87.7316	4975.74	0.000159203	669.099
38.6453	-8.61912	306.213	-3.94815	164.663	-5.26889	34.435	8.69805	-23.8801	31.5617	1373.75	1211.2	-88.0408	4975.43	0.000159203	668.192
38.6460	-7.70497	0.43951	1.85398	-14.4893	-1.91358	-133.393	5.33273	-28.1485	31.5617	1374.08	1211.2	-88.0408	4975.28	0.000311811	667.425
38.6467	-5.87667	-186.289	7.04062	7.76372	-0.0786402	-198.1	1.68266	-18.4003	31.5558	1373.43	1209.85	-88.6591	4974.37	0.000464373	666.658
38.6473	-2.53023	-153.075	5.51691	104.223	6.31743	-149.57	1.9933	-9.5751	31.5617	1372.68	1209.13	-89.4238	4973.6	0.000464373	666.658
38.6480	-0.391778	15.3828	4.29343	137.806	11.8222	-70.2401	4.42668	-11.7093	31.5617	1373.27	1210.01	-89.1146	4973.91	6.59448e-006	666.356
38.6487	2.36699	123.439	2.16173	121.286	12.4251	21.0246	2.30395	-15.3432	31.5617	1373.27	1209.45	-89.4238	4973.6	0.000159203	664.984
38.6493	4.79928	201.546	1.85398	124.355	11.2062	63.4427	3.20999	-12.9206	31.5558	1372.51	1207.77	-90.1722	4972.69	0.000159203	663.914
38.6500	4.19529	250.395	6.12489	135.955	9.37129	52.7459	8.3874	-10.1519	31.5558	1372.24	1207.61	-89.7167	4973.45	0.000159203	663.449
38.6507	2.97098	222.643	6.74038	159.472	7.2349	52.4561	2.89935	-5.59509	31.5558	1373.43	1208.65	-88.3499	4975.43	0.000159203	662.845
38.6513	3.57498	243.049	2.16173	215.624	4.79705	50.6119	-8.69805	0.807538	31.5489	1375.27	1210.32	-86.8205	4976.96	6.59448e-006	661.938
38.6520	2.66083	130.785	0.938249	253.134	1.14028	30.7728	-10.536	1.44203	31.5489	1376.35	1211.12	-85.7466	4977.57	-0.000298575	661.17
38.6527	-0.0816205	-189.366	3.07746	290.688	-3.74852	-11.0392	-8.3874	-2.82638	31.5558	1376.35	1210.64	-86.2185	4977.11	-0.000145967	660.543
38.6533	-0.685612	-345.643	3.99319	245.505	-6.18636	-75.7202	-8.69805	-6.80639	31.5489	1374.83	1209.45	-87.5852	4975.74	-0.000298575	659.496
38.6540	0.832529	-377.036	4.60117	32.8153	-4.35142	-106.546	-8.07676	-11.3632	31.5489	1372.84	1207.29	-89.5702	4974.21	-0.000451137	659.171
38.6547	2.05684	-404.788	3.99319	-223.523	-0.996109	-87.0229	-7.48136	-13.8435	31.5558	1371.43	1205.61	-90.6441	4972.84	-0.000298575	658.566
38.6553	2.66083	-294.974	2.16173	-384.079	2.66066	-62.9157	-8.07676	-10.7864	31.5489	1370.84	1204.81	-90.6441	4972.08	6.59448e-006	657.195
38.6560	2.36699	-208.893	3.99319	-363.902	6.31743	-51.9292	-4.73733	-6.51799	31.5489	1371.16	1204.49	-90.7905	4972.23	-0.000298575	656.288
38.6567	-0.391778	-124.946	8.56434	-200.954	8.76838	-45.2108	4.73733	-4.03769	31.5558	1371.76	1204.41	-90.4814	4972.84	-0.000451137	655.358
38.6573	-1.59976	110.003	10.0956	-85.5815	8.45382	-11.935	10.8467	-4.96059	31.5558	1372.08	1204.81	-89.5702	4973.6	6.59448e-006	654.753
38.6580	-0.391778	34.0306	6.12489	-126.476	6.93344	30.483	8.10264	-10.1519	31.5489	1372.51	1205.29	-89.2611	4973.75	-0.000145967	654.288
38.6587	1.74668	-159.165	4.90892	-264.418	3.87958	31.695	3.20999	-15.3432	31.5489	1372.51	1205.13	-89.5702	4973.75	-0.000451137	653.079
38.6593	1.74668	141.459	13.143	-307.164	-1.91358	16.1241	-3.20999	-8.6522	31.543	1372.84	1205.13	-89.2611	4974.37	6.59448e-006	652.01
38.6600	1.14269	328.188	22.9083	-146.021	-4.66598	14.3062	-7.76611	5.42204	31.543	1373.16	1205.45	-89.2611	4974.52	0.000159203	651.544
38.6607	3.28114	52.6156	24.7398	46.8532	-6.48781	28.6388	-9.29345	7.21016	31.5489	1372.08	1204.49	-90.0258	4973.45	0.000159203	650.777
38.6613	2.97098	-80.1163	25.9632	154.552	-13.8145	31.089	-12.6588	5.42204	31.5489	1370.41	1202.57	-90.937	4971.77	0.000159203	650.173
38.6620	-0.99577	-103.599	31.4576	286.084	-18.0872	-4.00469	-7.76611	18.2273	31.543	1369.76	1201.06	-92.1573	4970.86	0.000159203	649.568
38.6627	2.97098	-323.039	32.3734	470.743	-11.0752	-33.6183	-2.27806	25.2644	31.543	1369.92	1201.46	-92.1573	4971.31	0.000159203	648.661
38.6633	6.62758	-260.441	27.4869	548.245	-0.393201	-38.4924	-8.3874	11.8247	31.5489	1371.33	1202.97	-90.6441	4973.14	6.59448e-006	647.266
38.6640	-0.99577	117.349	21.9926	466.139	7.54946	-40.3367	-10.2254	4.49914	31.543	1373.16	1204.25	-89.1146	4974.98	0.000159203	645.755
38.6647	-8.01513	228.733	11.0113	358.756	12.4251	-34.2243	1.68266	8.76756	31.543	1373.59	1204.65	-88.4964	4975.43	0.000616981	644.22
38.6653	-7.10098	143.28	-13.098	256.203	17.3139	-22.0258	9.62998	-4.03769	31.543	1373.75	1205.13	-88.4964	4974.98	0.000311811	643.151
38.6660	-2.82407	148.177	-41.4781	84.3628	21.8882	-6.13876	1.9933	-32.4169	31.543	1374.19	1204.97	-88.3499	4975.28	6.59448e-006	642.709
38.6667	0.228537	77.9815	-50.6354	-138.077	18.5329	32.9069	-10.2254	-51.6824	31.543	1373.92	1204.09	-88.2035	4974.98	-0.000145967	642.081
38.6673	-4.35853	-129.844	-37.515	-306.848	8.15237	78.6973	-16.0241	-54.7396	31.5371	1373	1203.61	-88.4964	4974.67	-0.000145967	641.174
38.6680	-12.292	-51.1087	-20.7316	-291.275	-5.26889	81.7535	-14.4967	-36.3969	31.543	1372.51	1203.29	-88.9519	4974.37	-0.000298575	640.407
38.6687	-22.364	190.245	-13.7135	-125.258	-18.0872	45.4216	-9.91474	-8.6522	31.5371	1373	1203.45	-88.3499	4974.52	-0.000603745	639.338
38.6693	-31.8157	88.9693	-14.3214	28.5272	-22.976	11.856	-6.23878	14.8818	31.5371	1372.84	1202.57	-88.4964	4974.52	-0.000451137	638.268
38.6700	-12.292	-2.57427	-14.3214	120.383	-16.5669	-8.90516	-3.8054	41.4152	31.5371	1373.16	1202.09	-88.9519	4974.67	0.000464373	638.268
38.6707	31.3586	141.773	-13.4057	154.552	-6.80238	-13.4631	-1.37201	50.5865	31.5311	1374.35	1202.97	-88.0408	4975.59	0.000616981	637.059
38.6713	46.3115	171.974	-15.2372	85.3107	-2.52959	-16.5193	-4.73733	35.5894	31.5311	1374.67	1203.29	-86.9832	4976.5	-0.000451137	634.455
38.6720	30.7383	135.62	-15.5449	-80.7066	0.524268	-38.8086	-10.8208	41.1268	31.5311	1375.1	1203.77	-85.9093	4977.42	-0.000298575	633.083
38.6727	11.8186	143.28	-11.882	-201.27	5.09851	-65.3396	-8.07676	55.7778	31.5311	1375.27	1203.77	-86.3649	4976.96	0.000159203	632.479
38.6733	-1.59976	35.8514	-7.91132	-187.819	12.1237	-82.4386	-1.68266	43.5494	31.5311	1374.83	1202.09	-88.0408	4974.98	-0.000298575	632.316
38.6740	-7.10098	-97.1944	-7.30333	-158.84	23.1071	-61.9936	-0.155322	26.4757	31.5311	1373.16	1200.42	-88.9519	4973.6	-0.000298575	632.316
38.6747	-12.292	-96.8804	-7.91132	-227.495	27.6813	-3.39871	1.37201	18.5157	31.5311	1371.43	1199.38	-89.8794	4972.84	-0.000145967	631.572
38.6753	-16.2588	-55.6921	-5.77211	-284.595	23.7231	39.0193	2.89935	8.76756	31.5311	1371.16	1198.58	-90.3349	4972.38	-0.000298575	630.502
38.6760	-15.6385	-19.9663	-3.64041	-255.571	18.8343	46.9497	2.5887	1.44203	31.5311	1371.6	1198.1	-90.3349	4972.38	-0.000145967	629.735
38.6767	-11.6717	63.3522	-2.11669	-203.076	13.0412	87.8396	3.83128	5.07595	31.5311	1371.92	1198.58	-90.0258	4973.14	-0.000145967	628.665
38.6773	2.97098	91.104	1.24599	-149.361	7.2349	193.753	2.5887	8.47915	31.5252	1372.35	1199.06	-89.8794	4973.91	-0.000145967	627.131
38.6780	19.442	-69.7564	5.51691	-113.973	3.87958	255.694	0.155322	5.71045	31.5252	1372.24	1198.42	-89.7167	4973.75	6.59448e-006	625.922
38.6787	15.4752	-350.163	7.64861	-102.102	-3.74852	205.346	2.30395	5.42204	31.5311	1371.76	1197.78	-89.8794	4973.3	6.59448e-006	625.154
38.6793	-6.79082	-493.946	9.17983	-74.0262	-17.4843	105.861	11.1314	6.34494	31.5311	1372.35	1198.26	-89.5702	4973.6	0.000159203	624.387
38.6800	-22.0539	-412.134	12.2273	-38.277	-23.8935	10.3279	23.3501	3.57624	31.5311	1373	1197.78	-89.4238	4973.91	0.000311811	623.015
38.6807	-25.7104	-276.012	12.535	-13.9025	-16.5669	-64.1277	27.9321	-0.692176	31.5252	1371.6	1196.26	-90.4814	4972.69	0.000159203	622.411
38.6813	-29.6772	-44.0765	10.0956	36.1555	-6.18636	-102.884	24.2562	-3.74928	31.5183	1369.92	1194.9	-91.8644	4971.31	6.59448e-006	621.643
38.6820	-35.1784	180.199	8.2641	55.0683	1.44174	-100.749	22.7288	-8.0177	31.5183	1369.17	1193.23	-92.7755	4970.55	6.59448e-006	620.411
38.6827	-33.644	257.427	6.43264	-29.7459	9.68585	-72.664	21.5121	-12.9206	31.5252	1369.33	1193.54	-92.6128	4970.7	0.000311811	619.504
38.6833	-25.7104	318.142	3.68544	-96.5952	15.479	-29.034	14.8074	-14.1319	31.5311	1371.16	1196.02	-90.3349	4972.69	0.000311811	618.435
38.6840	-23.8821	266.845	2.76971	-91.4043	17.3139	16.7301	8.10264	-15.6316	31.5311	1373.43	1197.54	-88.0408	4975.43	6.59448e-006	617.063
38.6847	-31.2117	97.8223	5.51691	-72.4915	15.7805	40.2313	5.04797	-17.7658	31.5252	1374.35	1197.54	-87.8943	4975.74	-0.000145967	615.854
38.6853	-38.835	17.5176	4.90892	-16.6108	13.3426	47.8718	0.776611	-16.9006	31.5252	1374.35	1197.7	-88.0408	4975.28	0.000159203	614.784
38.6860	-19.9154	23.6707	0.022518	69.1062	8.45382	60.9924	-3.8054	-13.209	31.5252	1374.51	1197.7	-87.5852	4975.74	0.000616981	613.552
38.6867	38.6718	36.1654	-3.94815	136.587	-1.31067	74.4292	-6.54942	-8.0177	31.5252	1374.19	1197.22	-88.2035	4975.13	0.000464373	612.645
38.6873	79.2698	78.6094	-4.85638	152.115	-10.1577	74.113	-9.00869	-4.96059	31.5183	1373.16	1196.42	-88.9519	4974.52	-0.000298575	611.413
38.6880	61.5582	136.248	-2.72468	124.355	-12.897	43.6036	-10.536	-3.74928	31.5252	1373	1196.1	-88.9519	4974.67	-0.000145967	611.111
38.6887	33.7909	160.672	0.330264	89.2828	-15.3479	-20.4977	-11.4421	1.73044	31.5252	1373.92	1196.58	-88.4964	4974.82	0.000464373	610.646
38.6893	28.306	162.807	1.54623	56.9189	-19.0047	-81.2266	-13.5648	7.21016	31.5183	1373.27	1196.26	-88.4964	4974.82	-0.000145967	608.367
38.6900	28.91	138.069	1.54623	39.8117	-19.9222	-103.806	-16.3347	9.34437	31.5183	1372.84	1195.54	-88.6591	4974.82	-0.000603745	606.693
38.6907	27.0817	13.2481	3.07746	28.2112	-16.2654	-95.8753	-16.9301	12.1131	31.5311	1374.08	1196.1	-87.8943	4975.59	-0.000145967	605.926
38.6913	27.3918	-179.571	4.29343	-25.7738	-9.24022	-75.1142	-15.7134	12.1131	31.5252	1375.43	1197.06	-86.5113	4976.96	-0.000145967	604.554
38.6920	27.0817	-257.741	4.90892	-100.567	-4.35142	-54.6692	-13.5648	4.21074	31.5183	1376.18	1197.54	-85.6002	4978.03	-0.000145967	603.484
38.6927	23.4251	-196.712	6.74038	-113.657	-4.04997	-52.219	-11.7527	-4.03769	31.5183	1375.59	1197.22	-86.0557	4977.57	-0.000145967	602.578
38.6933	22.2008	-113.08	4.90892	-62.4258	-5.26889	-64.4438	-9.91474	-3.11479	31.5252	1373.92	1195.38	-88.0408	4975.43	-0.000145967	601.81
38.6940	8.45588	-41.0627	-2.11669	-9.29841	-6.18636	-65.0498	-7.48136	4.21074	31.5183	1372.24	1193.07	-89.7167	4973.45	-0.000145967	601.043
38.6947	-19.3114	8.09953	-6.07985	-1.08331	-5.58345	-47.0287	-4.11604	5.71045	31.5183	1371.33	1191.39	-90.4814	4972.69	-0.000451137	600.276
38.6953	-24.7963	50.2297	-1.80894	-29.1591	-4.66598	-29.9561	-1.37201	-0.115363	31.5183	1371	1190.67	-90.937	4971.92	-0.000298575	598.904
38.6960	-6.79082	64.2312	4.29343	-55.7002	-4.35142	-25.688	0.465967	-2.24957	31.5183	1370.68	1190.35	-91.3925	4972.08	-0.000145967	597.067
38.6967	5.71343	37.3583	2.76971	-66.9847	-2.83105	-32.38	1.06137	-2.24957	31.5124	1371.16	1190.51	-90.7905	4972.84	-0.000298575	595.858
38.6973	6.93774	12.0551	-1.5012	-60.8911	-0.694655	-39.0984	1.9933	-4.67219	31.5183	1372.24	1190.83	-89.7167	4973.3	6.59448e-006	595.091
38.6980	5.4196	8.97855	-2.11669	-44.0998	-0.0786402	-34.8302	4.11604	-5.249	31.5183	1372.24	1190.83	-89.7167	4973.6	6.59448e-006	594.184
38.6987	4.19529	60.2756	-9.13479	-1.98607	-2.52959	-24.1598	5.04797	-3.11479	31.5124	1372.08	1190.35	-90.0258	4973.45	0.000159203	593.114
38.6993	4.19529	86.5206	-19.8158	52.044	-5.26889	-14.0691	5.95402	-3.74928	31.5124	1373	1190.51	-89.1146	4973.91	0.000464373	592.347
38.7000	4.19529	18.4594	-15.2372	51.0961	-6.80238	-7.06089	7.792	-7.7293	31.5124	1372.84	1189.71	-89.1146	4973.91	0.000159203	591.277
38.7007	3.28114	-62.4103	-3.33266	27.3084	-7.71984	-4.92682	5.04797	-8.30611	31.5124	1371	1187.15	-91.0997	4972.08	6.59448e-006	589.441
38.7013	4.48913	-111.824	0.022518	15.708	-8.32275	-4.32085	-1.68266	-2.53798	31.5124	1369.76	1185.31	-92.4664	4970.4	6.59448e-006	588.371
38.7020	7.54173	-131.978	0.022518	-15.1212	-6.48781	-7.37705	-5.33273	1.73044	31.5065	1368.84	1184.36	-92.922	4969.94	6.59448e-006	587.464
38.7027	8.16205	-135.934	1.85398	0.767345	-0.694655	-11.935	-4.42668	-0.403769	31.5006	1369.17	1184.12	-92.922	4970.7	0.000311811	586.232
38.7033	6.02359	-130.472	5.20916	126.206	6.31743	-12.2512	-2.5887	-9.8635	31.5006	1371	1185.15	-90.937	4972.53	-0.000298575	584.256
38.7040	4.79928	-37.6722	13.4507	277.553	11.2062	-9.80094	-3.8054	-17.189	31.5065	1372.35	1186.35	-88.9519	4974.67	-0.000451137	583.047
38.7047	3.57498	130.785	19.5531	395.047	11.8222	-9.80094	-8.69805	-4.96059	31.5065	1374.08	1187.55	-88.0408	4975.74	0.000464373	582.744
38.7053	1.74668	203.116	10.7035	507.034	9.06983	-16.8355	-11.4421	20.6499	31.5006	1375	1188.35	-87.276	4976.2	0.000311811	581.512
38.7060	0.228537	183.275	-5.77211	616.629	5.71452	-4.61066	-8.07676	35.301	31.5006	1374.35	1187.31	-87.276	4975.59	0.000159203	580.442
38.7067	-1.59976	129.53	-17.0686	559.214	2.35921	43.6036	-5.95402	39.281	31.5006	1373.59	1185.63	-88.3499	4974.52	0.000311811	579.675
38.7073	-2.82407	-48.346	-19.2003	160.962	0.524268	82.6493	-7.17071	35.9355	31.5006	1373.27	1184.99	-88.6591	4974.21	-0.000145967	578.768
38.7080	-3.73822	-143.594	-9.13479	-241.849	0.524268	97.0082	-5.02209	20.996	31.5006	1373.92	1185.15	-88.0408	4974.52	-0.000145967	577.862
38.7087	-4.35853	7.15773	1.85398	-251.599	-0.0786402	115.609	0.776611	7.21016	31.5006	1373.16	1183.8	-88.3499	4974.21	6.59448e-006	575.862
38.7093	-3.44438	60.5895	4.60117	-90.1856	0.222814	107.389	3.83128	-0.692176	31.5006	1372.24	1182.44	-88.9519	4973.91	-0.000145967	574.351
38.7100	-2.53023	-127.395	3.68544	-25.5029	0.825722	68.9228	3.52064	-13.8435	31.4947	1373.16	1182.28	-88.8055	4974.21	-0.000298575	573.583
38.7107	-2.82407	-236.079	0.330264	-23.6523	0.825722	70.4509	2.89935	-24.2261	31.4947	1374.19	1182.44	-87.7316	4975.59	-0.000145967	572.211
38.7113	-2.53023	-172.853	-3.64041	-39.2249	0.222814	81.1212	1.9933	-20.5345	31.4947	1375	1182.68	-86.9832	4976.35	6.59448e-006	570.537
38.7120	-1.30593	-126.83	-5.16412	-89.8696	-0.694655	32.9069	2.5887	-8.6522	31.4878	1375.59	1183	-86.5113	4976.96	6.59448e-006	569.305
38.7127	-0.391778	-114.586	-4.24839	-203.076	-1.91358	-24.1598	5.64338	3.86465	31.4878	1375.43	1181.96	-86.5113	4976.81	-0.000145967	568.538
38.7133	0.832529	-66.052	-3.64041	-287.032	-0.996109	-31.4842	9.00869	4.49914	31.4947	1374.35	1179.64	-88.0408	4974.67	-0.000298575	567.771
38.7140	1.43652	25.8055	-2.72468	-253.765	0.222814	-11.935	10.2254	-5.88349	31.4878	1372.35	1176.92	-90.0258	4972.69	-0.000298575	566.864
38.7147	0.228537	102.971	0.630503	-171.66	0.524268	1.47541	11.1314	-7.44089	31.4878	1371.33	1175.09	-90.6441	4972.38	-0.000298575	566.399
38.7153	-4.04838	95.6875	5.51691	-106.029	0.825722	3.60949	13.5907	-1.90348	31.4878	1371.33	1174.45	-90.4814	4972.38	-0.000298575	565.492
38.7160	-11.9819	35.2235	8.87208	-74.613	1.14028	-17.1253	16.0241	0.519132	31.4878	1371.6	1174.05	-90.3349	4972.84	-0.000145967	563.655
38.7167	-15.0345	118.542	7.95635	-66.9847	0.825722	-53.7471	16.0241	0.807538	31.4878	1372.08	1173.73	-89.8794	4973.6	6.59448e-006	562.283
38.7173	-9.84343	313.873	5.20916	-65.134	0.825722	-50.6909	11.4421	-3.11479	31.4818	1372.35	1173.41	-89.5702	4973.75	-0.000145967	561.074
38.7180	-5.87667	266.594	3.99319	-47.44	1.14028	-11.329	4.42668	-9.22901	31.4818	1372.24	1172.77	-89.4238	4973.45	-0.000451137	560.005
38.7187	-5.87667	1.06738	3.68544	101.154	0.524268	2.7137	-1.68266	-17.7658	31.4878	1372.35	1171.89	-89.4238	4973.45	0.000159203	558.935
38.7193	-4.04838	-237.586	2.76971	383.131	0.524268	-1.87061	-4.73733	-27.8601	31.4818	1372.51	1170.53	-89.7167	4973.6	0.000616981	557.563
38.7200	-0.99577	-296.167	1.24599	581.512	2.35921	6.05972	-4.42668	-36.3969	31.4818	1372.35	1169.57	-90.0258	4972.99	0.000159203	556.191
38.7207	-0.0816205	-107.24	0.630503	622.407	3.27667	12.1721	-3.8054	-37.6082	31.4759	1371.33	1167.9	-90.6441	4971.92	-0.000145967	554.657
38.7213	-0.99577	41.0627	1.24599	531.454	2.05775	5.13759	-3.49475	-29.3598	31.4759	1370.08	1165.9	-92.0108	4971.01	6.59448e-006	553.587
38.7220	-1.59976	-27.9402	1.54623	330.68	2.05775	-0.658665	-2.5887	-15.9777	31.4759	1369.49	1164.86	-92.4664	4970.55	6.59448e-006	552.68
38.7227	-2.22008	-114.9	1.54623	43.4678	1.74319	-5.24298	-2.5887	-1.32667	31.4759	1369.76	1164.86	-91.7017	4971.31	0.000159203	551.448
38.7233	-3.13423	-42.2557	0.630503	-272.046	0.825722	-19.8917	-4.42668	12.4015	31.4759	1371.6	1165.5	-90.3349	4973.3	0.000159203	549.937
38.7240	-0.391778	88.3414	-0.893213	-355.371	1.14028	-38.2026	-4.73733	20.3615	31.4818	1373.27	1166.22	-89.1146	4975.13	0.000159203	548.24
38.7247	3.28114	43.5114	-2.41693	-205.558	1.14028	-46.7389	-2.5887	24.3415	31.47	1374.35	1167.34	-87.7316	4975.89	0.000311811	547.495
38.7253	2.05684	12.3691	-2.41693	-97.4979	0.825722	-52.219	-0.155322	16.3815	31.4641	1374.83	1167.18	-87.276	4976.04	6.59448e-006	546.124
38.7260	-1.59976	202.174	-0.585468	-81.0226	0.825722	-69.6341	0.776611	6.92176	31.4641	1373.59	1164.86	-88.2035	4975.28	6.59448e-006	543.52
38.7267	-0.99577	281.537	1.85398	-140.244	-0.0786402	-84.8888	0.776611	19.1502	31.47	1372.68	1163.02	-89.1146	4974.21	0.000159203	542.148
38.7273	0.832529	153.64	3.3777	-251.915	-1.61212	-95.8753	1.06137	28.8983	31.47	1372.68	1162.38	-89.1146	4973.91	6.59448e-006	541.845
38.7280	-0.391778	62.7243	4.60117	-305.629	-1.91358	-120.588	4.73733	15.4586	31.4641	1372.68	1161.98	-89.1146	4974.37	-0.000145967	540.776
38.7287	-0.685612	20.9081	3.99319	-289.47	-1.61212	-144.09	7.792	4.21074	31.4641	1372.84	1160.86	-88.9519	4974.21	6.59448e-006	539.706
38.7293	1.14269	-26.3706	1.85398	-265.953	-1.31067	-132.497	7.17071	5.99886	31.4641	1373	1160.46	-89.1146	4974.21	0.000159203	539.404
38.7300	0.832529	-41.6278	0.938249	-205.558	-1.61212	-22.6317	5.64338	10.9018	31.4572	1373.43	1160.3	-88.8055	4974.67	0.000311811	538.172
38.7307	-0.391778	-30.3889	0.330264	-99.6194	-2.52959	143.088	5.04797	13.9589	31.4513	1374.08	1159.51	-87.8943	4975.43	0.000159203	535.893
38.7313	2.05684	-15.1317	0.330264	-30.6487	-2.52959	211.142	3.83128	14.8818	31.4513	1375.43	1159.82	-86.2185	4976.96	6.59448e-006	534.219
38.7320	3.28114	45.0183	3.07746	-16.3399	-2.21503	170.252	2.5887	14.5357	31.4572	1376.51	1160.46	-85.4537	4977.88	-0.000145967	533.15
38.7327	2.36699	115.214	5.51691	-70.9568	-1.31067	120.799	2.5887	13.036	31.4572	1375.86	1158.87	-86.3649	4976.96	-0.000298575	531.917
38.7333	2.05684	121.619	3.68544	-178.972	0.524268	97.9304	2.89935	8.76756	31.4513	1374.19	1155.83	-88.0408	4975.13	-0.000145967	531.313
38.7340	-0.685612	72.4563	2.16173	-218.061	1.44174	93.6359	1.37201	2.01885	31.4513	1372.51	1153.43	-89.5702	4973.45	6.59448e-006	530.243
38.7347	-2.82407	16.0107	8.56434	-141.733	1.74319	89.0779	-0.465967	-1.90348	31.4513	1371.16	1151.75	-90.7905	4972.08	-0.000298575	528.569
38.7353	-1.30593	12.3691	18.0294	21.2148	1.74319	75.325	-0.465967	3.28783	31.4513	1370.57	1150.24	-91.3925	4971.31	-0.000451137	527.337
38.7360	0.228537	23.6707	22.9083	184.479	2.35921	83.2817	-0.750724	9.05597	31.4513	1371.16	1149.92	-90.7905	4972.38	-0.000145967	526.267
38.7367	1.14269	-4.70903	23.216	268.39	6.01597	102.199	0.776611	5.99886	31.4454	1372.08	1149.92	-90.0258	4973.45	6.59448e-006	524.895
38.7373	2.05684	10.8622	18.3296	291.591	10.2888	85.0996	4.11604	-0.115363	31.4454	1372.35	1149.76	-89.5702	4973.45	6.59448e-006	523.686
38.7380	1.74668	157.596	12.535	178.972	10.5902	39.9415	4.11604	-4.96059	31.4454	1372.84	1149.44	-89.1146	4973.91	0.000311811	522.617
38.7387	1.74668	363.035	12.2273	-24.2391	9.68585	0.869438	-0.155322	-12.2861	31.4394	1373.16	1148.72	-89.1146	4974.52	0.000311811	521.384
38.7393	2.36699	400.519	18.3296	-37.3742	9.06983	-15.9134	-5.02209	-19.6116	31.4335	1373.16	1148.08	-88.9519	4974.52	0.000311811	520.175
38.7400	1.74668	108.81	26.879	152.115	8.45382	-4.92682	-8.69805	-24.5146	31.4335	1373	1146.88	-89.4238	4973.6	0.000311811	519.106
38.7407	2.97098	-380.992	13.143	314.16	7.54946	8.1938	-9.29345	-28.4946	31.4335	1371.33	1144.4	-90.7905	4972.53	0.000159203	517.571
38.7413	3.88513	-718.535	-25.6105	351.715	3.87958	-7.66687	-6.23878	-31.8401	31.4335	1369.17	1141.53	-92.4664	4971.16	0.000311811	515.595
38.7420	2.05684	-641.307	-47.8882	262.612	-3.44706	-23.5539	-0.750724	-25.7259	31.4335	1368.84	1140.33	-92.7755	4970.25	0.000616981	514.828
38.7427	-1.30593	-232.689	-38.1229	139.296	-8.62421	-9.19497	3.20999	-5.88349	31.4335	1370.08	1140.41	-91.8644	4971.47	0.000616981	514.06
38.7433	-3.44438	94.7457	-21.6473	90.5015	-7.40528	-4.92682	2.5887	9.05597	31.4276	1372.08	1141.37	-90.1722	4973.14	0.000464373	512.386
38.7440	-3.44438	55.6921	-15.5449	12.3678	-4.04997	-36.6745	-0.465967	8.47915	31.4207	1373.92	1142.41	-88.3499	4974.67	0.000311811	510.41
38.7447	-1.90992	-131.351	-17.0686	-130.765	-4.04997	-61.6774	-3.8054	-1.90348	31.4276	1374.35	1142.41	-87.8943	4975.74	0.000159203	508.875
38.7453	-2.82407	-233.945	-18.2846	-192.423	-4.96744	-36.0422	-5.02209	-17.189	31.4276	1374.67	1141.53	-87.7316	4975.89	6.59448e-006	508.108
38.7460	-4.04838	-269.922	-17.9844	-231.783	-4.66598	32.0111	-4.73733	-25.7259	31.4207	1374.19	1140.17	-87.7316	4975.28	0.000159203	507.038
38.7467	-3.13423	-294.032	-18.2846	-287.935	-4.04997	71.6628	-4.11604	-21.169	31.4207	1373.92	1139.37	-87.7316	4975.43	6.59448e-006	505.829
38.7473	-2.22008	-374.023	-16.1529	-230.881	-3.74852	45.7377	-4.42668	-11.0748	31.4207	1373.75	1138.01	-87.8943	4975.59	6.59448e-006	504.458
38.7480	-3.73822	-264.71	-11.882	-94.4737	-1.91358	17.6522	-2.89935	-1.90348	31.4207	1372.51	1135.53	-88.9519	4974.37	0.000311811	502.621
38.7487	-5.27268	146.608	-7.91132	11.465	-0.0786402	19.7863	-0.750724	5.42204	31.4148	1372.35	1134.49	-89.8794	4973.6	0.000311811	501.714
38.7493	-5.27268	380.992	-5.47187	22.7495	0.222814	19.7863	-0.750724	9.97887	31.4148	1373.43	1134.81	-89.2611	4974.21	-0.000145967	500.644
38.7500	-5.87667	272.684	-3.03242	-62.6966	-0.0786402	-1.26464	-2.5887	8.76756	31.4089	1373.27	1133.7	-88.4964	4974.82	6.59448e-006	498.97
38.7507	-6.18683	117.663	-0.585468	-173.194	1.44174	-39.7043	-3.49475	2.65334	31.403	1373.43	1132.66	-88.3499	4975.28	0.000616981	497.738
38.7513	-5.27268	14.5038	2.76971	-213.773	4.79705	-75.1142	-4.11604	2.94175	31.403	1375.1	1133.46	-87.276	4976.81	0.000311811	496.366
38.7520	-4.35853	-69.4425	6.74038	-160.962	7.2349	-85.7846	-4.11604	9.97887	31.397	1375.86	1133.46	-86.5113	4977.26	-0.000451137	494.39
38.7527	-2.22008	-49.9157	8.87208	-90.7724	8.45382	-72.3742	-2.5887	20.3615	31.397	1375.1	1131.62	-87.276	4975.74	6.59448e-006	493.622
38.7533	-0.99577	115.528	8.2641	-69.1062	11.2062	-47.3449	-0.155322	28.6099	31.403	1373.75	1129.78	-88.6591	4974.21	0.000311811	493.018
38.7540	-1.59976	224.15	7.95635	-71.8596	13.6441	-11.0392	4.11604	22.7841	31.397	1371.76	1127.46	-90.0258	4973.14	-0.000298575	491.646
38.7547	-2.22008	156.717	8.2641	-56.287	12.7266	23.4485	7.48136	15.1702	31.3901	1370.68	1125.31	-90.7905	4972.08	-0.000451137	490.274
38.7553	0.522371	94.4318	6.12489	-72.4915	8.45382	34.435	6.86007	17.3044	31.397	1370.84	1124.75	-90.7905	4972.23	-0.000145967	489.205
38.7560	5.10944	153.64	3.07746	-106.029	2.66066	32.301	2.5887	10.2673	31.397	1371.33	1124.27	-90.6441	4972.84	6.59448e-006	488.135
38.7567	8.16205	222.643	2.16173	-68.8353	-0.694655	18.5744	-4.42668	-4.67219	31.3783	1372.24	1124.27	-90.0258	4973.3	6.59448e-006	486.903
38.7573	6.62758	193.949	1.54623	-0.451379	-1.91358	-30.5621	-7.17071	-9.22901	31.3783	1372.51	1124.27	-89.4238	4973.91	-0.000298575	485.066
38.7580	1.43652	165.883	3.07746	36.1555	-1.31067	-81.2266	0.155322	-8.9406	31.3842	1371.92	1123.07	-89.4238	4974.37	-0.000298575	483.252
38.7587	-2.82407	137.504	10.7035	61.207	-0.393201	-64.7336	12.0634	-10.7864	31.3783	1372.08	1121.95	-89.7167	4973.45	0.000311811	482.787
38.7593	-2.22008	-96.3154	16.1979	84.3628	-4.96744	-21.1036	19.7	-10.4403	31.3724	1372.68	1121.79	-89.4238	4973.14	-0.000451137	481.253
38.7600	0.832529	-317.2	11.927	60.2591	-11.6781	-32.0902	20.9167	-6.80639	31.3724	1371.43	1120.43	-89.8794	4973.3	6.59448e-006	479.137
38.7607	5.4196	-173.167	4.29343	-26.4057	-13.2116	-72.3742	20.9167	-4.38378	31.3724	1370.25	1117.87	-91.3925	4971.92	0.000922151	478.672
38.7613	5.71343	63.9172	2.46197	-87.4322	-13.2116	-68.106	20.6061	-4.03769	31.3596	1369.65	1116.2	-92.1573	4970.7	0.000159203	477.602
38.7620	0.522371	80.7442	3.99319	-73.7102	-15.3479	-7.06089	17.5514	-3.46088	31.3596	1369	1115.08	-92.6128	4970.55	6.59448e-006	475.928
38.7627	-4.96252	28.5053	5.20916	-40.4436	-18.7033	53.6681	11.7527	-3.74928	31.3596	1369.92	1115.08	-92.0108	4971.31	0.000159203	474.859
38.7633	-7.10098	62.7243	4.90892	-12.6838	-19.6207	52.7459	6.26466	-4.03769	31.3596	1372.35	1116.68	-89.5702	4973.6	0.000616981	474.092
38.7640	-4.96252	116.093	-6.07985	6.27417	-13.513	6.05972	-0.155322	-1.32667	31.3596	1374.19	1117.87	-87.7316	4975.59	0.00107471	472.72
38.7647	-4.96252	125.26	-28.6654	3.83672	-6.18636	-11.6452	-8.69805	0.519132	31.3596	1373.92	1117.24	-87.4388	4976.2	0.000616981	469.976
38.7653	-7.70497	150.877	-39.9544	-1.35414	-4.35142	5.45375	-12.3481	-1.32667	31.3596	1374.08	1116.36	-87.7316	4976.04	0.000616981	468.604
38.7660	-6.79082	180.513	-23.171	5.95821	2.66066	13.9901	-8.69805	-4.03769	31.3536	1374.35	1115.72	-87.8943	4975.59	0.000464373	467.976
38.7667	-2.82407	39.807	-3.33266	11.7359	15.1776	6.05972	-5.02209	-7.44089	31.3418	1373.43	1114.2	-88.3499	4974.98	0.000159203	466.767
38.7673	3.28114	-221.073	3.3777	6.27417	17.9169	-8.27284	-5.02209	-9.5751	31.3418	1373	1112.52	-88.8055	4974.21	-0.000298575	465.396
38.7680	8.16205	-311.738	10.3958	-7.4929	12.1237	-10.4069	-7.17071	-10.1519	31.3477	1373.59	1112.2	-88.4964	4974.21	-0.000603745	464.163
38.7687	4.79928	-161.928	15.5899	-21.2148	8.45382	-3.71487	-9.00869	-6.51799	31.3418	1373.27	1111.32	-88.2035	4974.98	-0.000145967	462.652
38.7693	-2.82407	21.536	16.1979	5.05545	8.45382	-2.47658	-10.8208	-0.115363	31.3359	1372.35	1108.85	-89.1146	4974.67	0.000311811	461.117
38.7700	10.3005	68.1868	15.2822	104.223	11.5077	13.3841	-7.17071	3.86465	31.3359	1373.27	1108.53	-88.6591	4974.98	0.000159203	460.048
38.7707	47.2256	18.4594	14.9745	242.165	15.1776	45.7377	1.9933	1.73044	31.3359	1374.83	1109.32	-87.1296	4976.04	6.59448e-006	458.676
38.7713	43.2588	-24.2358	11.0113	360.562	13.6441	63.4427	3.20999	-3.46088	31.3359	1375.86	1109.64	-86.0557	4977.11	-0.000298575	456.839
38.7720	-6.49699	-64.2312	0.938249	424.342	9.37129	69.8449	-4.42668	-10.1519	31.3359	1376.35	1109.32	-85.7466	4978.03	-0.000451137	455.467
38.7727	-36.6966	-209.834	-6.07985	369.725	5.41307	53.0621	-9.00869	-19.9001	31.33	1375.43	1107.49	-86.5113	4976.96	-0.000451137	454.398
38.7733	-37.6107	-256.171	-8.21906	145.705	-0.393201	3.92565	-12.0375	-26.6488	31.33	1373.92	1104.13	-88.0408	4974.82	-0.000603745	453.491
38.7740	-25.7104	60.5895	-11.5742	-153.965	-5.58345	-25.9778	-17.2408	-23.8801	31.33	1372.08	1101.25	-89.5702	4972.99	-0.000603745	452.421
38.7747	-12.896	363.914	-6.3876	-334.021	-5.26889	-22.6317	-17.5514	-20.5345	31.3231	1371.16	1099.26	-90.7905	4972.38	-0.000451137	451.212
38.7753	-15.6385	348.029	13.7585	-283.06	-2.83105	-23.5539	-10.2254	-17.7658	31.3172	1371.33	1098.14	-90.937	4972.84	6.59448e-006	449.678
38.7760	-27.5551	174.109	31.1499	-84.9947	-6.48781	-28.428	-2.5887	-5.88349	31.3172	1371.76	1097.58	-90.3349	4973.45	6.59448e-006	448.143
38.7767	-34.8683	-26.6845	29.9264	84.6788	-8.32275	-25.688	0.776611	13.036	31.3172	1372.24	1097.42	-89.4238	4973.91	6.59448e-006	447.074
38.7773	-34.2643	-143.908	19.8609	135.955	-4.04997	-25.9778	1.37201	23.4186	31.3112	1372.35	1096.78	-89.1146	4974.21	-0.000145967	445.562
38.7780	-21.1397	-173.795	13.143	99.9354	-1.61212	-6.45492	0.776611	16.6699	31.3112	1372.08	1094.94	-89.7167	4973.91	-0.000145967	443.26
38.7787	2.36699	-139.325	14.0587	34.6208	-1.31067	14.9122	-0.155322	2.36493	31.3112	1372.08	1093.42	-90.0258	4973.3	6.59448e-006	441.889
38.7793	27.3918	-20.2802	17.4214	-61.4779	-1.91358	4.53162	0.155322	-6.80639	31.3053	1372.35	1092.86	-89.5702	4973.6	6.59448e-006	440.819
38.7800	39.5859	14.5038	23.5238	-141.733	-2.83105	-6.74473	2.89935	-7.0948	31.2994	1372.08	1091.43	-89.8794	4973.75	6.59448e-006	439.75
38.7807	30.4281	-128.965	20.1611	-127.695	-2.83105	-8.589	6.26466	-7.7293	31.2994	1371.16	1089.03	-91.0997	4972.08	0.000159203	439.005
38.7813	14.8712	-247.067	-17.0686	-62.6966	-2.21503	-16.2295	7.792	-13.4974	31.2925	1370.25	1086.87	-91.8644	4970.86	-0.000145967	437.773
38.7820	-9.23944	-218.687	-51.2434	-20.5829	-1.61212	-30.2459	5.33273	-15.0548	31.2866	1369.92	1085.19	-92.0108	4970.86	-0.000145967	435.936
38.7827	-49.8211	-170.153	-33.244	-11.1491	-1.61212	-36.0422	-1.37201	-10.1519	31.2866	1370.25	1084.31	-91.8644	4971.77	0.000464373	434.123
38.7833	-77.8986	-95.6875	3.07746	-3.83672	-1.31067	-33.3021	-6.54942	-5.59509	31.2807	1372.35	1084.87	-89.8794	4973.75	0.000464373	433.355
38.7840	-85.8321	-16.9525	25.3552	16.6108	-1.61212	-30.5621	-4.73733	0.807538	31.2807	1374.19	1085.67	-87.7316	4975.43	0.000159203	432.425
38.7847	-92.2475	1.69525	39.3915	28.5272	-1.91358	-28.7178	-1.37201	10.9018	31.2807	1374.19	1084.15	-87.7316	4975.59	0.000311811	429.682
38.7853	-79.7269	140.831	26.879	26.4057	-1.31067	-36.9643	0.465967	15.1702	31.2748	1373.92	1082.32	-88.0408	4975.43	0.000311811	427.403
38.7860	-52.8737	300.75	-24.0867	35.5687	-0.0786402	-51.613	1.06137	12.7476	31.2688	1373.92	1080.96	-87.8943	4975.28	0.000159203	427.101
38.7867	-71.1894	223.208	-73.221	24.555	0.524268	-51.9292	-1.06137	12.1131	31.2619	1373.59	1079.12	-88.0408	4974.67	0.000311811	426.334
38.7873	-71.7934	40.1209	-87.2572	-44.0998	0.524268	-45.8168	-3.49475	10.6134	31.2619	1373.27	1077.6	-88.3499	4974.67	0.000159203	424.66
38.7880	52.4167	-37.1072	-64.9794	-73.7102	0.524268	-41.2325	-1.96742	4.21074	31.2619	1373.59	1076.48	-88.4964	4974.82	0.000159203	423.892
38.7887	132.372	41.0627	-27.1342	-8.07969	-0.0786402	-20.4977	3.20999	2.01885	31.256	1374.08	1074.65	-88.4964	4974.67	0.000159203	422.823
38.7893	63.6966	83.7579	4.29343	45.9504	-0.0786402	-18.0474	9.31934	5.99886	31.2501	1373.16	1072.97	-88.3499	4974.52	-0.000298575	420.219
38.7900	25.2534	12.683	30.8421	50.1934	1.14028	-54.9854	10.8467	8.47915	31.2501	1373.16	1071.93	-88.2035	4975.13	-0.000451137	418.544
38.7907	53.9348	14.5038	43.9701	32.4993	1.44174	-16.2295	7.17071	4.49914	31.2501	1374.67	1071.29	-87.276	4976.35	-0.000298575	417.638
38.7913	62.7825	164	36.6443	-21.8016	1.44174	144.3	5.64338	-0.692176	31.2442	1375.75	1071.05	-85.9093	4977.57	-0.000298575	415.964
38.7920	51.1924	299.808	24.4395	-47.1691	2.96211	252.348	8.10264	-0.403769	31.2383	1376.18	1070.57	-85.4537	4978.18	6.59448e-006	414.592
38.7927	41.7244	155.461	15.5899	-22.7495	3.57813	210.22	9.00869	2.36493	31.2314	1375.1	1067.93	-86.8205	4976.5	-0.000145967	413.359
38.7933	34.705	-100.836	8.87208	-20.8989	3.87958	138.82	5.64338	2.01885	31.2314	1373.43	1064.42	-88.4964	4974.21	-0.000145967	412.592
38.7940	27.9958	-125.26	-0.585468	-47.44	3.27667	102.199	1.68266	0.230725	31.2314	1372.35	1061.86	-89.4238	4973.14	-0.000145967	411.825
38.7947	22.2008	-50.4808	-17.0686	-79.1719	2.66066	78.6973	0.155322	-1.32667	31.2255	1371.33	1059.3	-90.7905	4972.38	-0.000451137	410.151
38.7953	18.838	-21.8499	-25.9182	-86.8002	3.27667	85.4157	0.465967	-0.692176	31.2255	1371	1057.47	-91.2461	4972.38	-0.000298575	408.779
38.7960	17.6137	19.9663	-20.1161	-38.9089	3.27667	86.6277	-0.155322	1.15363	31.2255	1371.43	1057.15	-90.4814	4973.14	-0.000145967	407.57
38.7967	15.7854	56.32	-11.2665	39.8117	1.74319	40.2313	-2.27806	0.230725	31.2195	1372.24	1056.67	-89.5702	4973.6	-0.000451137	405.733
38.7973	14.2673	50.7947	-3.94815	88.3349	0.524268	-4.92682	-1.68266	-0.692176	31.2136	1372.51	1055.47	-89.1146	4974.21	-0.000145967	404.198
38.7980	14.2673	15.3828	1.24599	84.3628	-0.0786402	-21.7096	0.776611	0.519132	31.2018	1372.51	1053.47	-89.4238	4974.06	0.000311811	402.989
38.7987	13.6469	-9.60642	3.07746	41.0304	-0.0786402	-56.8033	0.776611	3.28783	31.2018	1372.51	1051.79	-89.5702	4973.45	0.000159203	401.455
38.7993	13.3531	-25.4916	3.3777	-28.5272	0.222814	-106.546	-0.750724	3.57624	31.2018	1372.68	1050.43	-89.4238	4973.91	6.59448e-006	400.083
38.8000	11.8186	-50.4808	5.20916	-83.776	0.222814	-113.87	-2.27806	1.44203	31.2018	1372.08	1048.12	-90.3349	4973.6	-0.000145967	398.874
38.8007	8.45588	-33.7167	10.0956	-85.5815	-0.0786402	-84.2828	-3.49475	-5.249	31.1949	1370.68	1045.4	-91.3925	4971.92	6.59448e-006	397.804
38.8013	7.2479	8.97855	11.3115	-23.9682	-0.694655	-59.2535	-1.06137	-15.6316	31.1949	1369.92	1043.24	-92.1573	4970.86	6.59448e-006	397.037
38.8020	7.2479	17.5176	10.3958	81.6545	-0.393201	-48.873	5.33273	-19.0348	31.189	1369.65	1041.09	-92.6128	4970.55	6.59448e-006	395.2
38.8027	4.48913	19.4012	6.12489	161.594	0.825722	-43.9988	9.62998	-13.209	31.189	1370.57	1040.21	-91.3925	4971.77	0.000311811	393.526
38.8033	1.74668	14.8177	-7.30333	172.562	1.44174	-43.3665	8.3874	-5.88349	31.189	1372.51	1040.53	-89.2611	4974.21	0.000464373	391.992
38.8040	1.74668	-1.38132	-10.0505	170.757	-1.91358	-46.7389	5.64338	4.21074	31.189	1373.92	1040.53	-88.0408	4975.59	0.000311811	390.48
38.8047	2.05684	-2.57427	-2.72468	178.701	-9.54168	-51.9292	4.11604	16.3815	31.183	1374.67	1040.05	-87.4388	4975.74	0.000311811	388.946
38.8053	-0.391778	-3.51608	-2.72468	149.091	-13.2116	-57.4093	3.83128	21.8612	31.1771	1374.51	1038.69	-87.4388	4975.74	0.000159203	387.272
38.8060	-7.41114	-19.4012	-3.94815	55.0683	-11.6781	-53.7471	2.30395	14.5357	31.1771	1373.59	1035.89	-88.2035	4974.98	-0.000145967	386.202
38.8067	-14.4305	-37.1072	-2.72468	-86.5294	-8.62421	-46.4227	-1.06137	1.15363	31.1771	1373	1033.17	-88.9519	4974.21	-0.000145967	384.83
38.8073	-20.2256	-53.2434	-3.33266	-166.153	-3.44706	-40.6265	-1.68266	-6.1719	31.1712	1372.84	1031.98	-89.4238	4973.75	0.000311811	382.993
38.8080	-28.4692	-60.5895	-5.47187	-124.039	3.57813	-22.9216	-0.750724	-7.0948	31.1712	1373.27	1031.5	-89.1146	4973.91	6.59448e-006	382.087
38.8087	-12.896	-74.591	-6.68784	-50.8253	11.2062	-2.18677	-2.5887	-11.7093	31.1643	1372.84	1029.82	-89.1146	4974.21	-0.000451137	381.017
38.8093	23.4251	-117.035	-5.16412	-1.6701	13.9586	3.60949	-2.89935	-18.1119	31.1584	1372.68	1027.82	-88.9519	4974.52	6.59448e-006	380.087
38.8100	32.2727	-138.069	-1.20096	10.2012	9.06983	-6.45492	1.68266	-21.4574	31.1584	1373.92	1027.34	-87.8943	4975.13	0.000311811	378.878
38.8107	19.1482	-87.4624	1.24599	-36.4714	2.96211	-24.1598	1.06137	-26.3604	31.1584	1375.1	1027.1	-86.9832	4976.04	6.59448e-006	376.902
38.8113	8.76604	11.4272	0.938249	-87.7481	1.74319	-38.4924	-4.42668	-24.2261	31.1584	1376.02	1026.3	-86.0557	4977.42	-0.000145967	375.367
38.8120	1.74668	67.6217	-0.585468	-59.6723	5.71452	-44.6048	-5.02209	-1.90348	31.1584	1376.18	1024.94	-85.7466	4977.57	-0.000298575	373.832
38.8127	-0.99577	38.3001	-0.585468	43.7838	13.6441	-35.4362	-2.89935	22.4957	31.1466	1375	1022.07	-86.9832	4975.74	6.59448e-006	373.088
38.8133	-0.391778	-8.41347	0.330264	157.306	19.7518	-9.51113	-3.49475	27.687	31.1406	1373.27	1018.71	-88.8055	4973.91	-0.000451137	372.321
38.8140	-0.0816205	-39.807	1.54623	257.422	19.4503	19.7863	-2.27806	21.8612	31.1466	1371.76	1015.6	-90.3349	4972.69	-0.000756307	370.949
38.8147	-1.30593	-71.5773	3.07746	316.643	14.5615	47.5556	0.776611	17.3044	31.1406	1370.68	1013.04	-91.3925	4971.47	-0.000145967	369.717
38.8153	-2.82407	-77.3537	3.68544	288.251	9.37129	82.3595	1.9933	9.34437	31.1337	1370.68	1011.36	-91.3925	4971.47	-0.000145967	368.206
38.8160	-2.82407	-53.2434	1.24599	157.622	0.222814	109.813	-2.5887	-1.61508	31.1278	1371.33	1010.16	-90.7905	4972.84	6.59448e-006	366.671
38.8167	-2.53023	-43.5114	-3.03242	-15.708	-8.62421	107.389	-12.9694	-4.03769	31.1278	1372.08	1009.2	-90.0258	4973.3	0.000159203	365.602
38.8173	-1.30593	-68.8146	-6.68784	-83.776	-9.85624	78.6973	-21.2015	-3.11479	31.1219	1372.51	1008.16	-89.5702	4973.3	6.59448e-006	363.927
38.8180	1.43652	-114.586	-5.47187	-26.9925	-6.48781	54.274	-21.8228	-9.8635	31.116	1372.35	1006.65	-89.4238	4973.6	-0.000145967	362.858
38.8187	2.05684	-137.818	0.630503	7.76372	-4.66598	48.188	-14.1861	-15.9777	31.116	1372.24	1004.97	-89.5702	4974.06	6.59448e-006	362.091
38.8193	0.228537	-74.3399	3.07746	-26.0897	-3.44706	32.301	-5.95402	-14.7664	31.1101	1373.16	1003.85	-89.1146	4974.37	6.59448e-006	361.323
38.8200	-4.04838	95.3736	1.85398	-101.47	-1.31067	3.92565	-3.20999	-11.0748	31.1101	1373.16	1002.17	-89.1146	4973.75	-0.000145967	360.254
38.8207	-9.23944	220.508	0.938249	-186.916	-0.694655	-14.7014	-4.42668	-11.0748	31.1032	1370.84	998.416	-91.5552	4971.47	6.59448e-006	358.44
38.8213	-13.2062	195.142	1.54623	-180.823	-2.52959	-29.6399	-4.11604	-15.6316	31.0973	1369.49	994.9	-93.2311	4969.94	0.000159203	357.208
38.8220	-13.8102	116.093	4.90892	-46.5372	-3.1325	-34.2243	-1.37201	-19.0348	31.0973	1369.49	993.063	-93.2311	4969.94	-0.000298575	355.534
38.8227	-12.5859	59.0198	5.82465	122.234	-2.52959	-27.5059	-0.155322	-13.209	31.0913	1369.92	992.104	-92.0108	4971.31	-0.000145967	353.232
38.8233	-11.3779	53.5574	-0.585468	253.449	-1.61212	-21.3935	1.68266	-1.61508	31.0913	1372.08	992.903	-89.7167	4974.06	0.000159203	352.023
38.8240	-13.8102	85.0137	-7.60357	313.257	-0.996109	-8.589	5.95402	6.63335	31.0854	1373.92	992.743	-87.8943	4975.89	0.000616981	350.953
38.8247	-16.569	61.2174	-7.91132	260.762	-0.694655	11.25	6.57531	7.21016	31.0736	1374.67	991.065	-87.276	4976.5	0.000616981	349.721
38.8253	-2.53023	-3.20214	-4.85638	106.345	-0.694655	34.1452	2.5887	3.57624	31.0736	1374.51	988.907	-87.4388	4975.74	0.000311811	348.512
38.8260	22.4946	-3.83001	-2.41693	-94.1577	0.222814	48.7939	-1.37201	1.15363	31.0736	1373.75	986.51	-88.0408	4975.13	0.000311811	347.605
38.8267	27.9958	26.3706	-0.285228	-231.467	0.825722	46.0275	-1.68266	3.28783	31.0667	1373.27	983.394	-88.6591	4974.98	0.000311811	346.675
38.8273	9.38635	29.7611	3.07746	-229.03	0.825722	11.5662	3.52064	7.21016	31.0608	1373.16	980.997	-88.8055	4974.98	0.000159203	345.466
38.8280	-6.18683	28.5053	5.51691	-173.51	-0.0786402	-18.3636	9.00869	10.9018	31.0549	1373.43	980.198	-88.3499	4975.59	0.000159203	344.234
38.8287	-8.32529	21.222	4.90892	-160.691	-0.996109	12.4619	9.91474	14.5357	31.043	1373.92	977.96	-88.8055	4974.82	-0.000298575	342.862
38.8293	-7.10098	11.1133	1.85398	-180.507	-3.44706	48.188	8.10264	15.1702	31.0361	1373.43	974.764	-89.4238	4973.6	-0.000603745	340.886
38.8300	-5.27268	9.29249	-0.285228	-218.332	-6.18636	40.5474	7.17071	11.4786	31.043	1373.27	973.166	-88.6591	4974.67	-0.000145967	339.049
38.8307	-1.30593	15.3828	-0.585468	-259.543	-7.40528	20.3923	6.26466	8.13306	31.0361	1374.35	972.447	-87.5852	4976.2	0.000159203	337.677
38.8313	3.28114	33.4027	-0.285228	-245.189	-6.80238	-9.51113	4.11604	10.9018	31.0302	1375.75	971.408	-86.2185	4976.96	-0.000298575	336.607
38.8320	7.2479	56.0061	-1.5012	-171.66	-4.66598	-42.4707	1.68266	14.5357	31.0243	1375.86	969.97	-85.9093	4977.42	-0.000603745	335.073
38.8327	9.0762	59.6477	-3.64041	-87.1162	-3.1325	-44.8946	-1.96742	11.8247	31.0184	1374.35	966.374	-87.8943	4975.89	-0.000298575	334.166
38.8333	7.54173	36.1654	-2.41693	-17.5587	-5.26889	-28.7178	-3.49475	6.92176	31.0184	1372.68	962.699	-89.8794	4973.3	-0.000145967	333.561
38.8340	7.54173	5.3369	3.07746	34.35	-9.24022	-24.4497	1.68266	2.36493	31.0124	1371.76	960.062	-90.6441	4972.69	-0.000298575	332.492
38.8347	7.54173	-64.5451	8.2641	68.8353	-10.4591	-30.8782	6.86007	-4.96059	31.0055	1371.16	957.345	-91.0997	4972.69	-0.000145967	331.26
38.8353	3.57498	-178.692	9.17983	43.7838	-7.71984	-40.3367	6.86007	-9.8635	30.9937	1371	955.187	-90.937	4972.38	-0.000298575	330.05
38.8360	-0.0816205	-217.432	7.34837	-59.3564	-3.44706	-49.1891	5.33273	-4.96059	30.9937	1371.6	954.149	-90.3349	4973.14	-0.000145967	328.818
38.8367	-2.53023	-131.099	6.43264	-153.334	-0.996109	-50.0849	4.11604	5.42204	30.9937	1372.51	952.79	-89.7167	4974.06	0.000311811	327.609
38.8373	-6.79082	-0.125574	6.43264	-149.091	1.44174	-40.6265	1.06137	10.6134	30.9878	1372.51	950.633	-89.5702	4974.21	0.000159203	326.075
38.8380	-10.1536	78.8606	0.938249	-83.46	6.63199	-25.3718	-1.96742	8.13306	30.976	1372.35	948.635	-89.5702	4974.37	-0.000145967	324.865
38.8387	-8.92928	67.8728	-8.82705	-10.8331	8.45382	-15.9134	-3.20999	4.78755	30.9691	1372.51	946.797	-89.4238	4974.37	0.000159203	323.633
38.8393	-6.18683	28.8193	-12.1822	71.8596	4.79705	-19.5755	-4.11604	-2.82638	30.9631	1372.51	944.48	-89.8794	4973.75	6.59448e-006	322.122
38.8400	-7.10098	20.9081	-10.0505	164.934	1.74319	-25.688	-4.11604	-11.9977	30.9572	1371.6	941.444	-90.7905	4972.69	-0.000298575	320.889
38.8407	-10.7576	24.5497	-7.60357	251.012	0.825722	-26.5837	-3.49475	-11.7093	30.9572	1370.25	938.247	-91.8644	4971.62	0.000159203	320.285
38.8413	-11.6717	15.3828	-3.94815	257.106	0.222814	-24.7658	-3.49475	-13.209	30.9513	1369.17	935.85	-92.7755	4970.86	6.59448e-006	319.053
38.8420	-10.1536	9.29249	-2.11669	147.556	0.524268	-16.5193	-3.49475	-22.9572	30.9385	1369.65	934.332	-92.4664	4971.16	6.59448e-006	317.983
38.8427	-0.0816205	15.6968	-0.585468	14.4893	1.44174	-5.84895	-1.06137	-26.6488	30.9326	1371.16	933.373	-90.7905	4972.53	0.000311811	316.611
38.8433	19.1482	15.3828	3.3777	-56.287	5.09851	9.40574	1.9933	-25.4375	30.9326	1372.68	932.894	-89.2611	4974.21	0.000311811	314.798
38.8440	23.4251	17.2664	4.90892	-59.9883	10.9048	38.0972	2.30395	-23.8801	30.9267	1374.08	932.734	-88.2035	4975.59	6.59448e-006	312.961
38.8447	7.54173	26.9984	3.07746	-36.7874	14.2601	63.7325	-0.465967	-19.6116	30.9207	1374.35	931.535	-87.8943	4975.89	0.000159203	311.287
38.8453	-5.58284	18.1455	1.85398	-43.197	12.7266	70.4509	-3.49475	-17.189	30.9148	1374.19	929.298	-88.2035	4975.59	0.000464373	310.357
38.8460	-7.41114	38.3001	1.54623	-43.4678	9.9873	72.5849	-3.20999	-8.6522	30.9079	1373.75	926.821	-88.3499	4975.28	0.000159203	309.589
38.8467	-3.44438	97.5083	4.60117	33.4021	7.85091	70.4509	-0.155322	11.1902	30.8961	1373.16	924.504	-88.8055	4974.52	6.59448e-006	308.543
38.8473	0.832529	114.9	11.927	110.633	5.41307	42.6815	1.06137	27.9754	30.8961	1373.27	922.586	-89.2611	4974.06	-0.000298575	307.148
38.8480	3.28114	131.978	9.78782	64.5472	1.44174	1.1856	0.465967	27.3986	30.8902	1373.43	920.588	-88.8055	4974.37	-0.000145967	305.776
38.8487	3.88513	208.893	-7.30333	-70.3249	-3.74852	-23.8437	0.155322	18.8041	30.8843	1373.16	917.632	-88.9519	4974.06	6.59448e-006	304.707
38.8493	1.14269	139.638	-16.4531	-160.059	-9.24022	-40.0205	0.776611	23.4186	30.8774	1373.16	915.395	-89.1146	4973.75	0.000159203	303.8
38.8500	-3.13423	-279.089	-7.60357	-139.612	-12.5955	-54.0633	1.06137	32.8783	30.8714	1375	915.075	-87.4388	4975.28	0.000159203	303.033
38.8507	-7.41114	-619.96	3.68544	-33.718	-9.85624	-50.0849	0.465967	31.9554	30.8655	1376.18	914.116	-86.3649	4976.65	0.000159203	301.521
38.8513	-11.9819	-514.352	7.64861	87.1162	-5.26889	-22.6317	-1.37201	22.7841	30.8596	1375.86	911.559	-86.5113	4976.96	0.000311811	299.219
38.8520	-13.5163	-354.433	7.95635	175.948	-3.44706	10.3279	-4.11604	9.69046	30.8537	1375.75	909.881	-86.5113	4976.65	-0.000145967	297.708
38.8527	-11.9819	-302.885	9.17983	206.461	-1.61212	32.6171	-5.64338	0.230725	30.8537	1374.67	907.324	-87.276	4975.59	-0.000298575	297.708
38.8533	-9.54959	-266.594	9.78782	152.747	0.524268	45.7377	-5.02209	0.230725	30.8537	1373.27	903.329	-89.4238	4973.6	0.000159203	297.708
38.8540	-6.49699	-223.836	8.2641	49.6066	2.96211	44.2096	-3.8054	-2.24957	30.8349	1371.33	899.813	-90.4814	4972.69	0.000159203	294.941
38.8547	-4.35853	91.418	5.20916	-46.5372	3.87958	21.0246	-2.27806	-15.3432	30.829	1370.08	896.617	-91.5552	4972.23	0.000159203	292.825
38.8553	-4.35853	361.779	4.29343	-153.65	4.19414	-16.2295	-1.06137	-23.3032	30.8349	1370.57	894.779	-92.0108	4971.77	0.000311811	292.5
38.8560	-5.58284	156.717	4.60117	-269.609	4.4956	-31.774	-0.465967	-20.823	30.8231	1371.6	893.74	-91.0997	4972.69	0.000159203	291.756
38.8567	-7.41114	-23.9847	6.74038	-240.314	3.57813	-20.7875	2.30395	-16.2661	30.8103	1372.35	892.622	-90.4814	4973.91	6.59448e-006	290.686
38.8573	-7.41114	129.53	8.2641	-42.881	1.14028	-18.0474	4.42668	-10.1519	30.8103	1372.84	891.103	-90.1722	4974.06	0.000159203	289.617
38.8580	-5.58284	253.471	2.16173	109.414	-0.393201	2.39754	5.04797	-1.32667	30.8103	1372.84	888.706	-90.1722	4973.75	6.59448e-006	288.245
38.8587	-3.73822	233.631	-6.68784	106.977	-1.91358	32.0111	7.792	5.07595	30.7985	1372.51	886.229	-90.4814	4973.91	-0.000298575	286.873
38.8593	-2.22008	225.092	-7.30333	-13.2706	-2.52959	10.644	9.91474	6.34494	30.7985	1372.51	884.232	-90.7905	4974.06	-0.000298575	285.641
38.8600	-0.99577	117.349	-2.72468	-142.997	-1.61212	-29.9561	9.00869	5.42204	30.7925	1371.43	881.035	-91.7017	4972.53	-0.000298575	284.432
38.8607	0.228537	-58.1408	-1.5012	-179.92	-1.31067	-42.7606	9.31934	3.28783	30.7925	1370.08	877.36	-92.7755	4971.01	-0.000145967	283.664
38.8613	1.14269	-41.0627	0.630503	-162.813	-0.996109	-36.6745	10.8467	1.73044	30.7866	1369.65	875.122	-93.2311	4970.7	0.000159203	282.897
38.8620	1.43652	68.5007	6.74038	-113.973	-0.393201	-22.6317	11.7527	3.86465	30.7866	1369.76	873.125	-92.7755	4970.86	0.000159203	281.688
38.8627	0.228537	87.4624	8.87208	-4.10755	0.825722	-7.37705	14.1861	7.21016	30.7738	1371.16	872.485	-91.3925	4972.38	0.000311811	280.153
38.8633	0.522371	68.5007	7.34837	85.5815	1.74319	-1.5808	16.9301	6.63335	30.7679	1372.68	873.444	-89.5702	4974.67	0.000159203	278.317
38.8640	2.05684	67.6217	5.82465	76.4637	1.14028	-4.32085	16.9301	4.21074	30.7679	1373.43	872.326	-88.6591	4975.43	6.59448e-006	276.643
38.8647	2.05684	62.4103	5.20916	-8.07969	0.825722	-6.45492	13.5907	3.57624	30.762	1374.08	870.648	-88.4964	4975.43	6.59448e-006	275.573
38.8653	1.74668	35.8514	8.56434	-77.9532	2.35921	-4.61066	7.792	3.86465	30.762	1374.83	870.328	-87.7316	4976.04	-0.000298575	274.666
38.8660	0.522371	-16.3246	12.8428	-62.6966	4.4956	-6.45492	0.776611	4.78755	30.7561	1374.35	868.41	-88.2035	4975.13	-0.000145967	274.201
38.8667	-0.391778	-64.859	11.3115	8.71162	6.63199	-13.1733	-7.48136	7.21016	30.7501	1373.16	865.294	-89.7167	4973.75	0.000311811	273.294
38.8673	1.14269	-73.3981	4.60117	62.1098	7.54946	-18.3636	-15.7134	9.34437	30.7561	1372.84	863.936	-89.7167	4973.6	0.000159203	271.923
38.8680	1.74668	-98.4501	-2.41693	63.6445	6.31743	-34.5404	-16.6195	8.76756	30.7561	1373.16	863.057	-89.2611	4973.91	-0.000145967	270.992
38.8687	-0.391778	-164.314	-6.3876	39.2249	6.01597	-51.007	-11.4421	8.47915	30.7432	1373	861.538	-89.4238	4974.06	6.59448e-006	270.086
38.8693	-2.53023	-179.571	-1.5012	24.2842	6.93344	-23.2377	-6.86007	14.5357	30.7432	1373.27	860.899	-88.9519	4974.52	0.000159203	268.412
38.8700	-3.13423	-78.2955	10.0956	15.1212	5.09851	26.2149	-3.8054	22.4957	30.7432	1374.67	861.219	-87.1296	4976.04	-0.000145967	267.482
38.8707	-3.44438	82.565	19.8609	-7.17693	2.05775	38.7032	-3.8054	22.2073	30.7373	1375.59	860.899	-85.7466	4977.42	-0.000145967	266.412
38.8713	-3.13423	135.62	25.6555	-23.0203	1.74319	32.0111	-5.95402	17.016	30.7373	1375.43	859.701	-86.2185	4977.26	0.000311811	264.436
38.8720	-0.99577	72.4563	30.8421	19.3642	0.524268	42.0755	-4.42668	13.6705	30.7373	1375.59	858.582	-86.674	4976.65	0.000159203	263.064
38.8727	0.522371	92.6109	25.6555	107.248	-5.26889	52.14	0.155322	9.69046	30.7373	1374.67	856.904	-87.5852	4975.74	-0.000145967	262.762
38.8733	2.66083	91.9831	-8.21906	183.847	-12.5955	42.9977	3.52064	0.519132	30.7314	1373	854.187	-89.4238	4974.06	-0.000145967	262.297
38.8740	4.19529	-119.798	-45.4488	251.599	-16.8683	9.7219	4.73733	-9.22901	30.7196	1371.92	851.87	-90.3349	4972.99	6.59448e-006	261.529
38.8747	3.88513	-238.214	-51.2434	326.392	-15.0334	-29.6399	3.83128	-18.6887	30.7255	1371.16	850.032	-90.7905	4972.08	-0.000145967	260.157
38.8753	2.66083	-179.32	-35.6835	431.654	-10.7606	-27.5059	1.37201	-27.2256	30.7255	1371.16	848.993	-90.937	4972.23	-0.000451137	258.786
38.8760	0.832529	-158.851	-20.7316	556.19	-6.80238	11.5662	-1.68266	-31.2056	30.7255	1371.92	849.153	-89.7167	4973.45	6.59448e-006	258.018
38.8767	1.43652	-5.02297	-14.6292	581.512	-4.96744	46.3437	-3.20999	-30.6288	30.7127	1372.24	848.674	-89.2611	4973.91	-0.000298575	256.647
38.8773	3.88513	254.35	-15.2372	502.791	-3.44706	58.8583	-3.49475	-31.494	30.7068	1372.35	847.156	-89.5702	4973.6	-0.000451137	254.833
38.8780	3.57498	351.419	-15.5449	365.753	-1.91358	46.9497	-3.20999	-35.474	30.7068	1372.24	845.637	-89.5702	4973.75	-0.000145967	253.601
38.8787	1.14269	326.681	-12.7977	188.451	-1.31067	28.349	-0.155322	-36.1085	30.7068	1372.24	844.758	-89.4238	4973.91	-0.000145967	252.694
38.8793	0.522371	293.09	-10.3508	93.2098	-0.996109	15.8343	1.9933	-31.494	30.7008	1372.51	843.64	-89.7167	4973.91	6.59448e-006	251.624
38.8800	2.36699	290.076	-8.82705	-43.197	-0.393201	7.27167	2.5887	-26.9372	30.7008	1371.92	841.562	-90.6441	4972.84	0.000159203	251.159
38.8807	4.48913	247.632	-4.85638	-262.297	0.524268	-9.80094	1.9933	-17.7658	30.7068	1370.25	838.925	-92.0108	4970.7	6.59448e-006	250.392
38.8813	5.10944	120.363	-0.285228	-316.913	0.524268	-36.3583	-1.37201	2.65334	30.7008	1369.65	836.928	-92.6128	4970.25	-0.000145967	249.485
38.8820	3.88513	-37.3583	2.76971	-292.81	0.825722	-41.5486	-1.06137	20.996	30.6949	1369.92	836.049	-92.1573	4971.47	6.59448e-006	248.253
38.8827	-1.30593	-164.314	5.82465	-277.869	2.96211	-17.4415	5.64338	26.7641	30.6949	1370.68	836.049	-90.7905	4972.84	0.000159203	246.579
38.8833	-10.1536	-162.493	4.29343	-197.885	5.09851	11.5662	8.69805	28.2638	30.689	1372.84	836.448	-88.9519	4974.67	0.000311811	245.672
38.8840	-12.896	-105.419	0.330264	-155.184	6.63199	46.6599	6.26466	31.0325	30.6821	1375	836.768	-87.5852	4976.04	0.000464373	245.207
38.8847	-6.79082	-119.798	-0.893213	-117.629	8.45382	84.4936	7.17071	32.2439	30.6821	1375	836.608	-87.1296	4975.74	-0.000298575	242.928
38.8853	-1.30593	-147.236	-1.5012	-75.2449	7.54946	98.2202	9.31934	27.0525	30.6762	1374.08	835.09	-87.5852	4975.13	6.59448e-006	241.231
38.8860	2.05684	-159.165	-3.64041	-198.517	3.87958	92.1078	2.30395	13.3244	30.6703	1373.59	832.852	-88.3499	4974.98	0.000616981	240.789
38.8867	2.97098	-178.692	-6.07985	-358.124	0.825722	82.0434	-8.3874	-0.692176	30.6703	1373.16	831.574	-88.6591	4974.82	6.59448e-006	240.185
38.8873	2.36699	-197.277	-6.3876	-392.294	-1.61212	62.8103	-10.8208	-4.96059	30.6703	1373.16	830.855	-88.6591	4974.82	6.59448e-006	239.417
38.8880	1.74668	-128.337	-3.64041	-375.232	-4.35142	20.7084	-7.17071	-2.24957	30.6703	1373.27	829.656	-88.6591	4974.37	0.000159203	238.348
38.8887	-0.0816205	39.2419	-1.80894	-298.903	-7.71984	-37.2805	-5.33273	2.01885	30.6644	1372.68	827.818	-89.1146	4974.06	-0.000145967	237.116
38.8893	-2.22008	138.069	-1.20096	-160.375	-8.93877	-66.8677	-4.73733	3.28783	30.6515	1372.84	826.38	-88.9519	4974.67	6.59448e-006	236.046
38.8900	-2.22008	166.762	-0.585468	-63.6445	-7.40528	-53.7471	-2.27806	0.519132	30.6456	1374.35	827.019	-87.5852	4976.35	6.59448e-006	235.139
38.8907	-1.59976	146.043	-1.5012	-22.4336	-6.18636	-34.5404	-0.750724	-1.90348	30.6456	1375.43	827.179	-86.674	4977.26	-0.000298575	233.605
38.8913	0.228537	43.1975	-3.94815	32.8153	-4.04997	-33.0123	1.06137	-1.61508	30.6456	1375.86	826.54	-86.0557	4977.42	-0.000451137	232.396
38.8920	2.66083	-2.88821	-3.94815	88.3349	-1.91358	-32.38	4.73733	0.807538	30.6338	1375.86	825.981	-86.2185	4977.42	-0.000298575	231.465
38.8927	2.66083	29.1332	-0.585468	131.081	-0.0786402	-20.1815	9.31934	4.49914	30.6338	1374.35	823.663	-87.7316	4975.74	-0.000298575	231.024
38.8933	1.43652	43.1975	1.85398	170.441	2.05775	-24.7658	11.4421	5.71045	30.6338	1372.51	820.627	-89.7167	4973.45	-0.000756307	230.256
38.8940	1.14269	38.928	0.330264	186.013	3.87958	-49.1891	5.95402	7.21016	30.6279	1371.33	818.789	-90.6441	4972.38	-0.000451137	229.489
38.8947	1.74668	43.1975	-1.5012	186.329	3.57813	-54.3531	-6.23878	8.76756	30.6279	1371	817.99	-90.6441	4972.38	0.000159203	228.885
38.8953	1.14269	56.6339	3.3777	85.5815	-0.0786402	-40.6265	-14.8074	3.28783	30.6219	1371.33	817.591	-90.3349	4972.84	6.59448e-006	227.513
38.8960	-0.0816205	61.2174	11.6193	-120.383	-3.74852	-28.428	-14.8074	-4.67219	30.6091	1371.76	817.111	-89.8794	4973.6	-0.000145967	226.28
38.8967	0.228537	49.9157	16.1979	-250.38	-4.35142	-25.9778	-6.86007	-10.1519	30.6091	1372.51	816.632	-89.4238	4973.91	6.59448e-006	225.676
38.8973	-0.391778	30.3889	17.7217	-235.439	-1.61212	-32.38	4.42668	-15.0548	30.6091	1372.51	815.753	-89.4238	4973.75	6.59448e-006	224.141
38.8980	-1.90992	7.7856	17.7217	-167.371	2.66066	-29.6399	10.536	-16.9006	30.6091	1371.43	814.235	-89.8794	4973.6	0.000616981	222.467
38.8987	-1.30593	-15.1317	14.0587	-128.011	5.71452	-28.428	9.00869	-14.1319	30.6032	1371.76	812.716	-90.4814	4973.14	0.000464373	221.863
38.8993	0.228537	-33.0888	8.2641	-95.3764	7.2349	-35.4362	7.17071	-10.4403	30.5973	1372.35	811.598	-90.4814	4972.99	-0.000298575	220.956
38.9000	0.832529	-44.3905	7.04062	-59.9883	8.76838	-25.688	9.31934	-5.249	30.5973	1371.6	810.559	-90.7905	4972.99	0.000159203	220.026
38.9007	0.228537	-46.5252	0.330264	-48.9747	9.06983	-4.32085	9.91474	0.230725	30.5973	1370.25	808.721	-91.7017	4971.77	0.000311811	219.724
38.9013	0.228537	-40.4349	-10.9663	-37.0582	7.2349	5.74356	5.64338	2.01885	30.5914	1369.65	806.564	-92.6128	4970.7	-0.000145967	219.119
38.9020	-0.0816205	-35.5375	-7.60357	-22.4336	6.31743	3.60949	-0.155322	6.34494	30.5914	1369.17	805.685	-92.7755	4971.16	-0.000298575	217.143
38.9027	-0.685612	-29.7611	2.76971	-24.871	3.57813	-0.342506	-2.5887	14.2473	30.5845	1369.76	805.365	-91.7017	4972.69	0.000311811	215.306
38.9033	-0.685612	-19.0873	6.74038	-41.0304	-3.44706	6.37588	-0.465967	13.3244	30.5786	1372.35	806.084	-89.4238	4974.67	0.000769543	215.306
38.9040	2.05684	-16.0107	8.87208	-76.7345	-8.32275	22.8425	3.52064	6.34494	30.5786	1374.35	807.363	-87.5852	4975.89	0.000464373	214.841
38.9047	5.4196	-17.8315	11.0113	-92.939	-8.32275	29.8771	5.33273	7.55625	30.5786	1374.83	806.244	-87.4388	4975.28	0.000159203	213.771
38.9053	9.38635	-12.683	13.7585	-70.6409	-7.71984	14.9122	2.30395	10.9018	30.5786	1374.35	804.406	-88.0408	4974.82	6.59448e-006	212.562
38.9060	15.7854	-6.59264	18.6374	-28.8431	-7.71984	-11.935	-5.33273	5.99886	30.5726	1373.59	803.208	-88.4964	4974.98	6.59448e-006	211.795
38.9067	20.6663	-8.41347	20.1611	36.1555	-3.74852	-25.688	-10.536	-3.11479	30.5726	1373.27	802.169	-88.6591	4974.82	0.000159203	211.33
38.9073	20.0623	-13.562	8.2641	58.7244	3.27667	-17.4415	-8.07676	-10.4403	30.5667	1373.59	801.53	-88.8055	4974.67	6.59448e-006	210.563
38.9080	18.838	-11.4272	-13.7135	46.5372	6.01597	0.263466	-4.42668	-13.209	30.5608	1373.75	800.97	-88.4964	4974.82	-0.000298575	209.819
38.9087	11.8186	-7.15773	-19.5081	82.2413	6.31743	17.6522	-5.02209	-14.1319	30.5667	1373	798.653	-89.1146	4974.52	-0.000145967	208.424
38.9093	-19.6052	-6.59264	-2.11669	101.786	5.71452	35.6733	-9.91474	-14.4203	30.5667	1372.24	796.336	-89.7167	4974.06	0.000159203	207.214
38.9100	-47.3888	-6.27871	13.7585	83.46	3.27667	51.2178	-11.4421	-11.9977	30.5539	1373.59	796.336	-88.4964	4974.98	6.59448e-006	206.308
38.9107	-39.7492	-8.41347	21.9926	112.439	1.74319	56.4081	-8.69805	-11.0748	30.548	1375	796.655	-87.1296	4976.65	-0.000298575	204.61
38.9113	-22.364	-14.1899	31.4576	138.077	1.74319	47.5556	-5.64338	-12.9206	30.5608	1375.59	796.815	-86.5113	4977.11	-0.000298575	203.866
38.9120	-19.0012	-19.9663	20.4688	127.695	2.05775	19.4965	-2.89935	-12.5745	30.5539	1375.43	795.776	-86.5113	4976.65	-0.000145967	203.541
38.9127	-22.968	-26.1194	-9.13479	135.053	2.96211	-4.92682	0.776611	-6.51799	30.548	1374.19	792.98	-87.7316	4975.43	6.59448e-006	203.099
38.9133	-24.7963	-28.8193	-14.3214	196.666	6.31743	0.263466	2.89935	2.01885	30.548	1372.68	790.263	-89.7167	4973.75	6.59448e-006	202.797
38.9140	-15.6385	-23.6707	2.76971	293.713	17.3139	14.3062	1.37201	7.55625	30.548	1371.43	788.265	-90.7905	4972.53	6.59448e-006	202.169
38.9147	0.228537	-13.562	12.8428	258.324	31.3512	14.596	1.37201	7.55625	30.5421	1371.16	787.067	-90.937	4972.38	6.59448e-006	201.425
38.9153	13.3531	-4.70903	16.1979	118.848	36.8429	9.11593	4.73733	4.78755	30.5302	1371.76	786.587	-90.4814	4972.99	-0.000298575	200.355
38.9160	22.2008	2.88821	9.17983	16.3399	33.4876	5.13759	7.17071	2.36493	30.5362	1372.51	786.108	-89.5702	4974.06	6.59448e-006	199.588
38.9167	17.6137	6.27871	-11.5742	-127.695	26.777	-3.71487	7.792	1.73044	30.5362	1372.68	785.069	-89.4238	4974.06	0.000159203	198.821
38.9173	5.71343	4.14395	-37.8227	-296.195	16.095	-14.0691	9.31934	7.55625	30.5302	1372.51	784.11	-89.8794	4973.6	-0.000145967	197.286
38.9180	3.88513	2.00919	-55.2141	-325.49	6.31743	-16.2295	10.2254	13.3244	30.5302	1371.76	782.193	-90.3349	4973.3	6.59448e-006	195.775
38.9187	12.1288	-1.69525	-48.804	-202.805	2.35921	-9.51113	5.64338	13.9589	30.5233	1371.6	780.355	-90.6441	4972.69	0.000616981	195.473
38.9193	21.5805	-12.683	-26.2259	-68.2034	-7.40528	-4.92682	-1.68266	13.3244	30.5115	1372.35	779.875	-90.6441	4972.23	0.000311811	195.008
38.9200	21.8906	-27.6263	-11.2665	-15.1212	-30.3027	-8.90516	-3.8054	13.9589	30.5115	1370.84	778.037	-91.5552	4971.62	-0.000145967	193.938
38.9207	10.3005	-36.4793	-8.21906	-34.9368	-40.9846	-10.7231	-2.89935	15.1702	30.5174	1369.49	775.481	-92.6128	4971.01	0.000159203	193.334
38.9213	-1.59976	-35.2235	-6.3876	-60.2591	-27.5503	-8.90516	-2.27806	17.3044	30.5115	1369.65	774.042	-93.0847	4970.25	0.000159203	193.031
38.9220	14.8712	-27.9402	-4.85638	-55.0683	-14.4305	-2.47658	-2.89935	16.0931	30.5056	1369.92	773.802	-92.4664	4970.4	-0.000145967	192.101
38.9227	40.5001	-19.4012	-5.77211	-17.2427	-10.7606	15.5182	-2.27806	9.05597	30.4997	1371.16	774.202	-90.6441	4972.69	0.000159203	191.497
38.9233	14.5611	-12.683	-5.16412	50.8253	-8.0213	25.8987	-0.465967	2.36493	30.4997	1373.75	774.841	-88.3499	4975.59	0.000616981	191.194
38.9240	-29.3834	-5.02297	-3.33266	95.3764	-5.58345	9.11593	0.155322	-0.692176	30.4938	1374.67	774.202	-87.7316	4976.04	0.000616981	189.66
38.9247	-34.5744	3.51608	-1.80894	123.136	-5.58345	-20.7875	1.68266	-1.32667	30.4868	1373.75	772.524	-88.2035	4975.28	0.000922151	187.846
38.9253	-24.1923	5.02297	1.85398	178.385	-5.88491	-40.9426	4.73733	-1.61508	30.4868	1373.59	770.686	-88.4964	4974.37	0.000616981	187.218
38.9260	-15.9486	7.15773	5.82465	190.572	-5.58345	-47.661	4.11604	-4.03769	30.4938	1373.92	769.168	-88.6591	4974.37	-0.000145967	187.381
38.9267	-3.13423	10.5482	6.12489	131.667	-5.58345	-50.4011	2.30395	-7.0948	30.4868	1373	767.33	-88.9519	4974.37	-0.000145967	186.614
38.9273	6.02359	5.96477	3.07746	91.9911	-4.35142	-46.1329	2.5887	-6.51799	30.4809	1372.68	766.291	-88.9519	4974.21	0.000159203	185.847
38.9280	9.0762	-0.125574	-0.585468	39.8117	-2.52959	-27.822	4.42668	-4.96059	30.4809	1373.75	765.972	-88.6591	4974.21	-0.000145967	186.149
38.9287	6.33375	-0.125574	-3.64041	-86.2134	-2.21503	-9.80094	5.64338	-7.7293	30.475	1373.43	763.974	-89.4238	4973.6	-0.000603745	185.544
38.9293	-1.59976	10.8622	-6.07985	-172.878	-2.52959	-2.18677	2.89935	-13.209	30.4691	1373	762.216	-88.9519	4973.91	-0.000145967	183.87
38.9300	-2.82407	23.9847	-9.13479	-147.24	-2.52959	0.869438	-1.96742	-14.7664	30.4691	1373.92	761.897	-87.8943	4975.13	-0.000145967	182.498
38.9307	3.88513	17.5176	-13.7135	-57.8217	-3.1325	1.47541	-7.76611	-11.3632	30.4632	1375.27	761.577	-87.1296	4976.5	-0.000145967	182.033
38.9313	7.85189	-2.88821	-18.9001	48.9747	-2.83105	-3.08255	-12.3481	-4.96059	30.4563	1376.18	760.618	-86.0557	4977.88	6.59448e-006	181.731
38.9320	5.71343	-10.2343	-16.4531	87.1162	-0.393201	-9.19497	-11.7527	-0.115363	30.4563	1375.59	758.541	-86.674	4977.11	-0.000298575	180.964
38.9327	0.228537	-9.92036	-7.91132	46.8532	4.79705	-14.7014	-7.48136	1.44203	30.4563	1373.92	755.344	-88.0408	4974.67	-0.000298575	180.662
38.9333	-4.35853	-15.6968	-0.893213	83.46	9.37129	-20.4977	-3.8054	1.44203	30.4504	1372.68	752.068	-89.5702	4973.14	-0.000145967	180.197
38.9340	-4.35853	5.3369	1.54623	210.433	11.2062	-25.0556	-1.96742	3.28783	30.4504	1371.33	749.352	-90.7905	4972.38	-0.000298575	179.127
38.9347	-0.99577	38.614	-1.5012	256.79	10.5902	-18.9696	-1.06137	4.78755	30.4504	1370.41	746.954	-91.5552	4971.62	-0.000451137	178.383
38.9353	1.74668	29.1332	-6.3876	202.173	8.15237	-0.342506	-1.06137	-0.115363	30.4444	1370.68	745.676	-91.5552	4971.92	-0.000451137	177.453
38.9360	1.74668	12.683	-9.13479	163.128	4.79705	12.1721	-1.37201	-14.1319	30.4385	1371.33	744.637	-90.7905	4972.99	-0.000145967	176.244
38.9367	-0.0816205	18.7733	-0.893213	113.973	-1.31067	10.3279	-1.37201	-19.9001	30.4385	1372.08	743.838	-90.1722	4973.14	6.59448e-006	175.942
38.9373	2.05684	4.14395	12.8428	-29.1591	-10.7606	5.13759	-1.96742	-11.0748	30.4326	1372.51	743.119	-89.5702	4973.45	6.59448e-006	176.081
38.9380	8.16205	-42.2557	16.1979	-184.479	-19.9222	-0.658665	-3.20999	-4.67219	30.4257	1372.68	741.281	-89.2611	4974.06	-0.000145967	175.639
38.9387	12.7328	-103.913	16.1979	-232.686	-23.2775	-7.37705	-2.5887	-3.46088	30.4198	1372.84	739.763	-89.4238	4974.06	6.59448e-006	174.709
38.9393	17.0097	-166.762	18.0294	-134.105	-22.976	-12.5673	-0.750724	-5.59509	30.4257	1372.35	738.085	-89.7167	4973.6	0.000159203	174.105
38.9400	17.0097	-206.758	26.5712	52.6308	-20.8396	-15.5972	0.155322	-10.4403	30.4257	1370.84	735.208	-90.937	4972.38	0.000159203	173.64
38.9407	12.7328	-231.81	51.9039	183.576	-15.3479	-15.5972	1.68266	-12.9206	30.4139	1369.92	731.932	-92.1573	4970.86	6.59448e-006	173.198
38.9413	4.48913	-193.635	83.0313	221.718	-7.10383	-16.2295	3.83128	-11.7093	30.408	1369.76	729.695	-92.7755	4970.25	6.59448e-006	172.57
38.9420	-8.01513	-70.3215	80.5919	161.278	0.524268	-13.1733	2.89935	-8.9406	30.408	1369.92	728.576	-92.6128	4970.7	6.59448e-006	171.663
38.9427	-19.3114	62.7243	20.7766	-34.6208	6.01597	6.05972	1.37201	-4.38378	30.402	1371	728.336	-91.2461	4972.53	0.000311811	170.594
38.9433	-26.0206	196.712	-47.2803	-205.558	7.85091	26.8209	0.155322	1.15363	30.402	1372.84	728.336	-89.5702	4974.67	6.59448e-006	169.222
38.9440	-27.2449	244.618	-64.3714	-233.318	6.63199	20.3923	-2.89935	7.55625	30.402	1373.59	727.378	-88.6591	4975.43	0.000159203	168.618
38.9447	-29.6772	172.602	-37.515	-236.071	5.41307	-4.00469	-3.8054	13.9589	30.3961	1374.19	725.859	-88.3499	4975.13	0.000311811	168.757
38.9453	-40.0593	78.2955	-11.882	-217.113	4.19414	-7.37705	-1.96742	20.0731	30.3892	1373.92	723.862	-88.6591	4975.43	6.59448e-006	167.385
38.9460	-49.2171	-19.7151	-5.77211	-72.4915	2.05775	12.1721	-0.750724	26.1296	30.3892	1372.68	721.624	-89.1146	4975.13	0.000464373	166.781
38.9467	-51.6494	-110.945	-9.43503	83.46	1.14028	18.8905	-2.27806	28.2638	30.3892	1373.16	719.787	-89.1146	4974.67	0.000616981	167.548
38.9473	-49.8211	-236.331	-16.1529	69.7381	0.222814	0.869438	-4.73733	26.1296	30.3892	1373.43	717.949	-89.4238	4974.82	6.59448e-006	166.92
38.9480	-33.3501	-314.814	-19.5081	-69.7381	-0.996109	-14.9912	-5.33273	23.4186	30.3774	1373.16	715.791	-89.4238	4974.67	0.000159203	166.176
38.9487	9.0762	-146.357	-18.5923	-200.954	-0.393201	-7.98302	-3.49475	18.2273	30.3715	1373.43	714.273	-88.8055	4974.82	0.000616981	166.013
38.9493	36.2395	117.349	-17.9844	-271.775	0.825722	12.7781	-2.27806	12.7476	30.3774	1373.92	712.755	-88.9519	4974.82	-0.000298575	165.107
38.9500	25.5472	151.819	-23.4787	-237.29	2.35921	32.6171	-3.20999	14.5357	30.3715	1374.67	711.956	-88.2035	4975.59	-0.000756307	164.177
38.9507	14.2673	32.2098	-32.3283	-130.449	4.4956	47.5556	-4.11604	19.1502	30.3656	1375.43	711.956	-86.674	4977.11	0.000159203	163.433
38.9513	13.3531	12.0551	-29.2734	-50.5093	6.01597	47.2658	-3.8054	18.5157	30.3656	1375.75	710.917	-86.2185	4977.26	6.59448e-006	162.363
38.9520	12.7328	55.6921	-6.3876	-1.35414	5.71452	30.7728	-3.49475	15.8047	30.3587	1375.1	709.079	-86.5113	4976.81	-0.000451137	162.363
38.9527	13.043	97.5083	20.4688	25.5029	4.19414	31.695	-2.89935	15.1702	30.3468	1373.59	706.043	-88.2035	4975.13	-0.000145967	162.363
38.9533	9.68019	124.067	30.2341	2.88883	3.87958	52.14	-0.750724	13.036	30.3468	1372.08	702.847	-90.1722	4973.3	-0.000298575	161.735
38.9540	4.79928	70.6355	24.7398	-66.0819	4.19414	52.4561	1.68266	7.21016	30.3468	1371.43	701.328	-90.937	4972.84	-0.000603745	161.596
38.9547	3.28114	21.222	16.8059	-165.25	6.93344	19.7863	3.20999	-0.980582	30.3409	1371.43	700.37	-90.7905	4972.84	-0.000451137	161.293
38.9553	4.19529	37.9862	10.0956	-219.596	12.1237	-19.5755	3.20999	-9.22901	30.3409	1371.6	699.65	-90.3349	4973.3	-0.000298575	160.666
38.9560	5.10944	52.6156	5.51691	-149.677	15.7805	-36.9643	1.68266	-11.7093	30.3468	1372.35	698.851	-89.8794	4973.91	-0.000298575	160.363
38.9567	5.4196	56.32	2.46197	-28.8431	15.7805	-35.1464	0.465967	-8.9406	30.3409	1372.51	698.212	-89.5702	4974.06	6.59448e-006	159.457
38.9573	5.4196	68.1868	0.330264	36.7874	14.2601	-26.5837	1.37201	-4.96059	30.335	1372.24	697.173	-89.5702	4973.75	-0.000145967	158.55
38.9580	3.88513	54.7503	0.630503	77.0504	11.8222	-17.4415	1.06137	-0.692176	30.3409	1371.76	695.815	-90.0258	4973.6	-0.000298575	157.922
38.9587	0.832529	50.2297	1.24599	129.23	8.45382	-11.329	-1.68266	4.49914	30.335	1371.92	695.336	-90.1722	4973.45	-0.000145967	157.317
38.9593	-1.59976	102.092	0.938249	143.9	4.79705	-6.74473	-1.68266	7.84466	30.335	1371.43	694.616	-90.3349	4972.99	-0.000145967	156.852
38.9600	-1.59976	134.113	1.24599	100.567	-1.61212	-9.19497	1.06137	9.05597	30.335	1370.25	692.139	-91.5552	4971.62	-0.000145967	156.713
38.9607	0.522371	87.7135	1.24599	52.9468	-8.93877	-18.3636	2.5887	11.4786	30.3281	1369.65	689.982	-92.4664	4970.7	6.59448e-006	156.55
38.9613	2.36699	6.27871	-0.285228	77.3664	-13.513	-24.1598	3.20999	14.8818	30.3222	1369.33	689.263	-92.7755	4970.7	0.000464373	155.783
38.9620	2.36699	-15.1317	-0.585468	202.173	-12.2941	-24.1598	4.73733	15.4586	30.3222	1369.65	688.943	-92.7755	4970.86	0.000311811	155.039
38.9627	1.74668	13.8759	0.330264	330.951	-8.0213	-14.9912	5.04797	14.2473	30.3281	1371.16	689.582	-91.0997	4972.84	0.000311811	154.411
38.9633	2.97098	23.3568	0.630503	403.307	-5.88491	3.60949	2.5887	14.8818	30.3281	1373.16	690.621	-88.8055	4974.98	0.000769543	154.411
38.9640	3.28114	30.075	0.330264	436.574	-4.66598	18.5744	0.155322	7.84466	30.3222	1374.83	691.34	-87.5852	4976.04	0.000769543	154.713
38.9647	1.43652	59.3338	-0.285228	340.43	-3.44706	13.0679	0.776611	-13.8435	30.3222	1374.83	691.26	-87.4388	4976.35	6.59448e-006	153.342
38.9653	0.522371	146.608	-0.893213	97.8139	-2.52959	-6.45492	1.37201	-28.4946	30.3222	1373.92	689.982	-88.0408	4975.74	6.59448e-006	152.272
38.9660	0.228537	153.954	-1.80894	-146.924	-1.91358	-25.9778	-1.37201	-20.823	30.3222	1373.27	688.304	-88.4964	4974.67	0.000311811	152.272
38.9667	-0.0816205	48.0949	-3.03242	-279.088	-1.91358	-39.7043	-2.5887	-9.22901	30.3222	1373	687.425	-88.4964	4974.52	6.59448e-006	151.97
38.9673	0.832529	24.8637	-2.41693	-271.775	-0.996109	-30.8782	0.155322	-10.4403	30.3162	1373.27	686.945	-88.6591	4974.52	0.000159203	151.97
38.9680	1.43652	-46.5252	-2.41693	-190.888	-0.0786402	-3.39871	2.30395	-17.4774	30.3222	1373.27	686.626	-88.9519	4974.52	-0.000145967	151.667
38.9687	2.66083	-149.684	-0.893213	-126.476	-0.0786402	4.24181	2.89935	-12.9206	30.3222	1372.51	685.587	-88.8055	4974.37	-0.000908915	150.598
38.9693	3.57498	-61.7825	8.2641	-110.949	-0.0786402	-11.935	1.9933	0.230725	30.3162	1373	684.788	-88.4964	4974.37	-0.000451137	149.831
38.9700	3.28114	41.0627	15.8902	-123.452	1.14028	-21.7096	1.37201	6.92176	30.3162	1374.35	685.747	-87.7316	4975.59	0.000159203	149.389
38.9707	3.57498	22.7289	14.3665	-132.886	1.44174	-16.2295	1.68266	12.1131	30.3103	1375.43	686.466	-86.5113	4977.26	6.59448e-006	148.924
38.9713	2.97098	-57.8269	11.0113	-96.5952	0.825722	-11.6452	1.68266	20.0731	30.3103	1375.43	685.747	-86.5113	4977.11	-0.000145967	148.459
38.9720	2.97098	-192.442	11.6193	-37.6902	1.44174	-21.3935	-1.06137	18.5157	30.3103	1375.1	684.948	-86.9832	4976.04	-0.000298575	148.622
38.9727	2.66083	-254.036	16.1979	-22.4336	1.74319	-27.5059	-6.23878	7.55625	30.3103	1374.08	683.749	-88.3499	4975.13	-0.000145967	148.622
38.9733	2.36699	-160.358	24.1318	-47.1691	1.14028	-12.8571	-7.17071	2.65334	30.3103	1372.24	681.432	-90.1722	4973.6	-0.000145967	148.459
38.9740	2.97098	-42.5696	35.7285	-77.3664	0.825722	10.9338	-3.20999	9.97887	30.3103	1371.16	679.754	-90.7905	4972.23	-0.000298575	148.459
38.9747	3.28114	32.5237	32.0656	-91.4043	0.524268	35.041	-1.37201	15.8047	30.3044	1371.43	679.594	-90.4814	4972.23	0.000159203	148.319
38.9753	-0.391778	61.7825	3.3777	-74.929	0.222814	59.4643	-2.27806	10.9018	30.3044	1371.92	679.594	-90.1722	4972.69	-0.000145967	147.715
38.9760	-5.58284	59.6477	-20.7316	-38.277	-0.694655	77.4591	-2.27806	3.57624	30.3103	1372.08	679.354	-89.8794	4973.14	-0.000298575	147.087
38.9767	-9.23944	43.1975	-29.8814	6.545	-3.1325	81.1212	-0.750724	-0.692176	30.3044	1372.35	679.195	-89.5702	4973.75	-0.000145967	147.087
38.9773	-12.292	-26.6845	-24.6947	48.0719	-4.66598	66.1827	0.155322	-3.46088	30.2975	1372.68	678.555	-89.7167	4973.75	-0.000298575	146.645
38.9780	-15.0345	-126.516	-3.03242	19.6801	-3.1325	39.0193	-0.750724	-5.249	30.3044	1372.35	678.076	-90.3349	4973.45	-0.000145967	145.878
38.9787	-15.9486	-150.626	13.143	-66.3979	-1.61212	19.4965	-1.68266	-7.7293	30.2975	1372.35	677.756	-89.8794	4973.14	-0.000298575	145.273
38.9793	-17.1729	-82.2511	15.2822	-55.7002	0.222814	15.5182	0.776611	-12.2861	30.2916	1372.24	677.037	-89.8794	4973.14	-0.000145967	145.111
38.9800	-11.9819	16.9525	14.9745	45.9504	3.27667	17.0463	4.73733	-17.4774	30.2916	1371.16	675.679	-91.2461	4971.92	0.000159203	145.576
38.9807	10.5943	84.0719	15.8902	92.3071	4.79705	-3.39871	5.64338	-16.9006	30.2857	1370.08	674.72	-92.0108	4971.01	0.000159203	146.017
38.9813	31.3586	77.3537	23.5238	94.4737	4.4956	-47.9508	5.95402	-9.5751	30.2857	1369.65	674.161	-92.32	4970.86	0.000311811	145.576
38.9820	26.4614	54.1852	31.7579	98.1299	3.87958	-65.9719	9.62998	-1.61508	30.2798	1369.92	674.001	-92.0108	4971.31	0.000616981	144.646
38.9827	7.85189	65.173	27.4869	57.5057	3.57813	-43.9988	13.5907	3.28783	30.2738	1371.6	675.359	-89.8794	4973.75	0.000464373	144.041
38.9833	0.832529	48.0949	16.5057	-29.1591	1.74319	-24.4497	13.5907	1.73044	30.2738	1373.75	677.357	-87.5852	4976.2	0.000159203	143.437
38.9840	6.33375	-30.3889	-6.3876	-117.359	-1.91358	-21.7096	10.2254	-3.11479	30.2738	1374.35	677.756	-87.4388	4976.2	0.000464373	143.134
38.9847	10.9045	-85.0137	-42.0936	-158.254	-5.26889	-19.5755	4.42668	-5.59509	30.2738	1374.08	677.197	-87.8943	4975.28	0.000616981	142.669
38.9853	9.0762	-63.3522	-45.4488	-117.043	-7.71984	-1.5808	-0.155322	-5.59509	30.2738	1373.75	676.877	-88.2035	4974.98	0.000311811	142.669
38.9860	6.33375	-56.0061	-14.6292	-52.9468	-8.32275	20.3923	-0.465967	-3.11479	30.2679	1373.43	676.718	-88.4964	4974.82	0.000464373	142.832
38.9867	6.33375	-85.8927	6.12489	16.024	-6.80238	28.349	0.465967	-0.980582	30.2679	1373.27	675.998	-88.6591	4974.37	0.000464373	142.367
38.9873	4.79928	-50.4808	17.7217	121.015	-4.04997	39.6253	-1.96742	-0.692176	30.2679	1373.59	675.199	-88.9519	4973.75	0.000311811	142.669
38.9880	2.36699	10.5482	28.1024	217.429	-1.31067	59.7805	-6.23878	-0.115363	30.2679	1373.92	675.199	-88.8055	4974.21	0.000311811	143.134
38.9887	2.05684	-13.8759	29.9264	308.382	0.524268	51.8501	-8.07676	-1.61508	30.261	1373.27	675.359	-88.3499	4974.98	-0.000145967	141.762
38.9893	2.36699	-59.0826	27.7947	376.134	1.74319	-14.7014	-7.17071	-5.88349	30.2551	1372.84	674.72	-88.4964	4975.13	-0.000603745	140.391
38.9900	1.14269	-4.14395	29.0182	299.219	2.35921	-81.5164	-4.42668	-7.0948	30.261	1374.08	675.359	-87.8943	4975.74	-0.000298575	140.53
38.9907	0.832529	91.9831	34.5051	63.6445	2.05775	-76.0363	-0.155322	-6.51799	30.261	1375.43	676.238	-86.5113	4976.81	0.000159203	140.53
38.9913	2.66083	117.977	40.9152	-180.507	0.524268	-28.428	3.20999	-8.30611	30.2551	1376.02	676.078	-85.6002	4977.42	6.59448e-006	140.391
38.9920	4.19529	91.7319	33.2891	-262.612	-2.52959	0.579626	5.04797	-8.9406	30.2433	1375.27	674.72	-86.8205	4976.35	-0.000603745	140.53
38.9927	4.79928	57.199	-7.91132	-191.204	-3.1325	-16.5193	5.04797	-5.59509	30.2433	1373.27	672.483	-88.8055	4974.21	-0.000756307	140.53
38.9933	5.4196	28.5053	-61.0087	-107.88	-3.44706	-35.4362	2.5887	-0.403769	30.2492	1372.24	670.805	-90.0258	4972.84	-0.000145967	140.53
38.9940	0.832529	-0.753445	-90.6124	-35.2527	-7.40528	-18.0474	1.68266	5.07595	30.2492	1371.76	669.526	-90.6441	4972.38	6.59448e-006	140.391
38.9947	-7.41114	-41.3767	-86.3414	40.1276	-12.2941	3.92565	4.11604	8.47915	30.2433	1371.16	669.127	-90.7905	4972.38	-0.000145967	140.391
38.9953	-10.7576	-70.6355	-55.5218	94.1577	-13.2116	20.3923	5.64338	8.76756	30.2433	1371.6	669.526	-90.1722	4973.14	-0.000298575	140.391
38.9960	-9.54959	-75.8468	-28.3576	94.4737	-12.2941	32.9069	5.04797	6.92176	30.2433	1372.24	669.846	-89.5702	4973.75	-0.000298575	139.763
38.9967	-8.61912	-75.5328	-17.6766	35.5687	-9.85624	21.9204	3.83128	5.71045	30.2433	1372.51	670.006	-89.5702	4973.75	-0.000145967	139.321
38.9973	-8.61912	-72.2051	-10.9663	-11.1491	-4.66598	-7.06089	2.30395	5.71045	30.2374	1372.68	669.526	-89.7167	4973.75	6.59448e-006	139.158
38.9980	-12.292	-64.2312	-8.82705	-52.044	4.79705	-31.168	0.155322	5.71045	30.2374	1372.24	668.807	-89.4238	4974.06	0.000311811	138.391
38.9987	-18.0871	-4.70903	-10.3508	-120.699	15.1776	-34.5404	-1.96742	4.78755	30.2433	1372.24	668.008	-89.5702	4973.6	0.000311811	138.251
38.9993	-15.3446	108.81	-10.0505	-145.434	17.6154	-25.0556	-3.8054	1.73044	30.2433	1372.08	667.289	-90.3349	4972.69	-0.000145967	138.251
39.0000	-4.04838	147.864	-7.91132	-100.567	11.5077	-23.2377	-5.02209	-0.980582	30.2433	1370.68	666.17	-91.3925	4971.77	6.59448e-006	138.391
39.0007	-1.90992	95.0596	-7.60357	-58.7244	5.41307	-31.168	-3.20999	-1.61508	30.2374	1369.76	664.812	-92.32	4970.7	0.000616981	138.693
39.0013	-0.685612	32.2098	-7.60357	-57.2349	1.44174	-25.9778	-1.37201	-0.980582	30.2374	1369.49	664.332	-92.1573	4970.7	0.000464373	138.554
39.0020	6.93774	-12.9969	-6.68784	-54.1655	-0.996109	-5.24298	-3.8054	-0.980582	30.2374	1370.25	664.812	-91.3925	4971.77	0.000464373	138.089
39.0027	6.02359	-21.222	-6.07985	-24.555	-1.61212	7.58783	-7.48136	-0.980582	30.2374	1371.43	665.611	-90.6441	4972.53	6.59448e-006	136.717
39.0033	4.19529	-8.41347	-6.68784	-0.767345	-0.996109	9.7219	-9.29345	-0.403769	30.2433	1372.51	666.33	-89.4238	4974.06	6.59448e-006	135.81
39.0040	7.85189	1.38132	-5.47187	-1.98607	0.222814	7.58783	-9.00869	0.519132	30.2374	1373.92	667.608	-87.7316	4976.04	0.000922151	136.415
39.0047	7.2479	7.15773	-0.585468	-9.61438	1.44174	5.74356	-5.64338	0.807538	30.2305	1375.1	668.328	-87.276	4976.5	0.000311811	137.019
39.0053	3.88513	8.7274	4.60117	-2.88883	1.74319	2.39754	-1.37201	1.15363	30.2305	1374.19	667.449	-88.3499	4974.82	-0.000298575	137.019
39.0060	2.66083	6.52986	7.04062	17.5587	1.74319	-0.0526932	1.68266	2.01885	30.2305	1373.16	665.93	-88.9519	4973.6	6.59448e-006	136.717
39.0067	2.66083	2.00919	5.51691	26.4057	1.14028	0.869438	1.68266	1.15363	30.2305	1373.43	665.131	-88.8055	4974.21	0.000311811	136.252
39.0073	3.28114	-4.39509	1.24599	0.767345	1.14028	0.869438	0.776611	-0.692176	30.2305	1373.59	664.652	-88.6591	4974.67	0.000311811	136.252
39.0080	4.79928	-10.8622	-3.64041	-45.9504	2.05775	-0.948478	1.37201	1.44203	30.2305	1373	664.093	-88.9519	4974.06	0.000159203	136.415
39.0087	5.4196	-10.8622	-6.68784	-62.4258	-0.0786402	-6.13876	2.5887	4.49914	30.2245	1373	663.613	-88.8055	4974.21	0.000159203	136.577
39.0093	5.4196	-3.83001	-2.41693	-31.9125	-2.52959	-14.7014	1.68266	5.71045	30.2245	1373.59	664.093	-87.7316	4975.74	6.59448e-006	135.647
39.0100	7.54173	-2.00919	5.82465	-4.42352	-2.83105	-18.0474	-0.155322	6.34494	30.2245	1374.51	664.492	-86.9832	4976.5	-0.000298575	135.043
39.0107	7.85189	-2.00919	8.56434	-1.08331	-2.83105	-12.5673	-1.06137	5.07595	30.2245	1375.43	665.131	-86.2185	4977.11	0.000159203	135.043
39.0113	4.79928	5.3369	8.2641	-2.88883	-1.91358	-3.39871	-1.37201	3.86465	30.2245	1376.02	665.451	-85.9093	4977.42	0.000159203	134.741
39.0120	2.36699	-0.43951	7.04062	-3.83672	1.44174	1.1856	-0.465967	3.86465	30.2186	1375.1	663.933	-86.9832	4976.2	-0.000298575	135.043
39.0127	2.36699	-19.7151	5.82465	-1.08331	3.27667	6.37588	-0.155322	3.86465	30.2127	1373.43	661.775	-88.6591	4974.06	-0.000298575	136.252
39.0133	2.66083	-25.4916	2.46197	5.32628	2.66066	10.3279	-2.5887	3.28783	30.2127	1372.35	659.618	-90.0258	4972.84	-0.000451137	136.252
39.0140	1.74668	-21.536	-6.99559	8.71162	1.44174	3.31967	-5.95402	2.36493	30.2186	1371	657.381	-91.2461	4972.23	6.59448e-006	135.81
39.0147	2.05684	-18.4594	-14.0137	11.1491	1.14028	5.45375	-6.23878	2.65334	30.2127	1370.68	657.221	-91.7017	4971.77	6.59448e-006	136.252
39.0153	0.228537	-19.4012	-10.0505	14.1733	1.74319	28.6388	-3.49475	4.78755	30.2068	1371.43	658.26	-90.4814	4972.69	-0.000603745	136.252
39.0160	-1.30593	-17.5804	-3.33266	13.2706	3.27667	41.7594	-0.750724	6.34494	30.2127	1371.43	657.62	-89.8794	4973.45	6.59448e-006	135.81
39.0167	13.043	-0.753445	0.630503	10.2012	3.27667	32.301	1.37201	4.78755	30.2127	1371.92	657.221	-89.7167	4973.6	0.000311811	136.252
39.0173	29.8241	12.683	2.76971	8.39565	2.35921	19.4965	4.42668	2.65334	30.2068	1372.68	657.381	-89.2611	4973.91	-0.000145967	136.717
39.0180	17.6137	9.29249	3.3777	8.07969	2.05775	12.7781	7.48136	0.807538	30.2068	1372.35	657.221	-89.5702	4973.6	-0.000145967	136.88
39.0187	-7.70497	2.00919	4.29343	26.7217	1.14028	8.79977	9.31934	-0.692176	30.2127	1372.35	656.422	-89.5702	4973.6	0.000311811	136.88
39.0193	-18.3973	-2.26033	3.99319	61.4779	-3.74852	7.90399	8.10264	-0.115363	30.2068	1372.35	654.744	-90.0258	4973.45	0.000311811	137.321
39.0200	-17.7769	-7.47166	1.54623	82.2413	-8.93877	4.53162	4.73733	0.519132	30.1999	1370.41	652.586	-91.5552	4971.77	6.59448e-006	137.321
39.0207	-17.4831	-16.3246	0.022518	84.9947	-9.54168	-0.0526932	2.89935	-0.980582	30.2068	1368.84	650.748	-93.0847	4969.94	6.59448e-006	137.786
39.0213	-22.364	-21.222	0.938249	86.8002	-5.88491	-0.948478	4.73733	-3.74928	30.2068	1369.33	650.029	-93.0847	4969.94	-0.000145967	138.391
39.0220	-26.3308	-21.536	1.24599	66.9847	-0.393201	-3.71487	5.04797	-7.7293	30.1999	1370.41	650.908	-91.3925	4971.62	-0.000145967	138.089
39.0227	-29.6772	-22.101	-0.585468	3.20479	3.57813	-3.71487	-2.27806	-10.4403	30.1999	1371.76	651.867	-90.0258	4973.45	0.000159203	137.786
39.0233	-29.6772	-11.4272	-1.5012	-49.8774	7.2349	1.47541	-9.00869	-9.5751	30.1999	1373.27	652.426	-88.9519	4974.67	0.000159203	137.624
39.0240	-15.3446	16.0107	0.022518	-49.6066	12.7266	2.7137	-11.1314	-7.0948	30.194	1374.83	653.865	-87.7316	4975.59	-0.000145967	138.251
39.0247	7.2479	42.2557	1.85398	-16.024	13.0412	-0.342506	-11.4421	-5.88349	30.1881	1375.27	654.025	-87.276	4975.89	0.000311811	138.554
39.0253	26.1675	42.2557	3.68544	20.8989	7.85091	-7.37705	-9.91474	-4.38378	30.1821	1373.59	651.547	-88.3499	4974.98	6.59448e-006	137.624
39.0260	31.0484	17.5176	3.99319	38.0061	4.4956	-14.7014	-7.17071	-1.90348	30.1821	1372.51	649.869	-89.1146	4974.21	-0.000451137	137.786
39.0267	22.8048	-5.3369	2.16173	38.5929	3.27667	-18.6534	-4.11604	-0.692176	30.1881	1372.84	649.23	-89.1146	4974.21	-0.000145967	138.693
39.0273	16.0956	-12.9969	0.330264	40.1276	1.74319	-18.3636	-0.465967	0.230725	30.1821	1373	648.351	-89.4238	4974.06	6.59448e-006	138.693
39.0280	11.2147	-8.09953	0.630503	57.5057	0.222814	-16.5193	1.37201	0.519132	30.1821	1372.68	647.392	-89.1146	4973.75	6.59448e-006	138.693
39.0287	8.16205	-0.43951	2.16173	90.7724	-0.694655	-14.7014	2.5887	-0.115363	30.1881	1373.27	647.153	-88.8055	4974.06	6.59448e-006	139.763
39.0293	7.85189	1.38132	1.54623	115.192	-0.996109	-14.0691	4.42668	0.230725	30.1821	1374.67	647.313	-88.2035	4975.13	0.000159203	140.53
39.0300	6.93774	-0.125574	-0.285228	122.82	-0.996109	-14.3853	4.42668	-2.24957	30.1762	1374.83	647.153	-86.674	4976.5	0.000159203	139.623
39.0307	6.62758	-2.88821	-1.80894	124.987	-1.31067	-10.4069	3.20999	-9.5751	30.1703	1375.1	647.153	-86.0557	4977.26	6.59448e-006	139.321
39.0313	7.54173	-6.27871	-2.41693	97.182	-2.21503	-3.39871	2.5887	-12.9206	30.1762	1375.86	646.993	-86.0557	4977.57	-0.000145967	139.926
39.0320	5.4196	-7.15773	-1.5012	6.27417	-2.52959	-2.18677	2.30395	-8.9406	30.1821	1375.1	645.315	-87.1296	4976.04	6.59448e-006	140.391
39.0327	1.74668	-4.14395	0.022518	-86.5294	-2.52959	4.24181	1.06137	-5.59509	30.1762	1373.59	642.998	-88.8055	4974.06	-0.000451137	141.297
39.0333	-0.391778	-3.51608	0.630503	-105.126	-1.91358	24.3706	0.155322	-3.74928	30.1703	1371.92	640.68	-90.1722	4972.99	-0.000603745	141.6
39.0340	-1.30593	-7.7856	0.938249	-100.838	-0.393201	39.9415	0.155322	1.44203	30.1703	1370.84	639.002	-90.937	4972.08	-0.000451137	141.6
39.0347	-3.44438	-10.5482	2.16173	-84.092	-0.0786402	30.1669	-1.68266	8.47915	30.1634	1371.16	637.964	-90.6441	4972.23	6.59448e-006	142.204
39.0353	-4.04838	-10.8622	2.16173	-20.3121	-1.31067	7.27167	-4.73733	14.2473	30.1634	1371.92	637.244	-90.1722	4973.3	0.000311811	142.506
39.0360	-2.82407	-13.562	0.938249	43.4678	-3.1325	10.3279	-5.02209	15.8047	30.1634	1372.35	636.605	-89.8794	4973.91	6.59448e-006	142.367
39.0367	-1.90992	-16.6386	-1.5012	101.786	-4.04997	28.349	-2.89935	12.4015	30.1634	1372.68	635.806	-89.5702	4974.06	6.59448e-006	142.669
39.0373	-0.391778	-14.5038	-3.03242	181.139	-3.74852	21.9204	-0.155322	5.99886	30.1703	1372.84	635.087	-89.4238	4974.21	0.000311811	143.134
39.0380	-0.0816205	-10.2343	-3.33266	236.974	-2.83105	7.90399	1.37201	-2.24957	30.1634	1372.51	634.288	-89.5702	4974.37	0.000311811	143.134
39.0387	-1.30593	-9.29249	-3.33266	229.346	-2.21503	12.7781	1.37201	-10.1519	30.1575	1372.24	632.93	-89.8794	4973.75	0.000159203	142.971
39.0393	-1.30593	-9.92036	-2.72468	171.976	-1.61212	27.4268	1.37201	-14.4203	30.1634	1371.6	631.092	-90.4814	4972.38	0.000159203	143.134
39.0400	-0.0816205	-6.27871	-2.72468	71.2728	-0.694655	37.8074	0.776611	-14.7664	30.1634	1369.92	628.695	-92.1573	4971.16	0.000159203	143.739
39.0407	1.14269	-1.06738	-3.33266	-20.3121	-0.694655	41.7594	0.465967	-12.5745	30.1575	1368.84	627.017	-93.2311	4970.55	0.000159203	144.343
39.0413	2.36699	-0.753445	-3.03242	-5.32628	-2.21503	41.4696	2.30395	-8.9406	30.1516	1369	625.898	-92.922	4970.55	0.000159203	144.808
39.0420	3.57498	-5.65084	-1.20096	56.0162	-1.91358	35.3572	3.83128	-6.1719	30.1516	1370.57	625.738	-91.7017	4971.92	0.000311811	145.111
39.0427	4.19529	1.38132	0.022518	41.9783	3.87958	23.7646	2.30395	-2.82638	30.1516	1372.51	626.857	-90.0258	4973.91	0.000159203	144.808
39.0433	2.97098	17.5176	3.07746	-22.7495	7.2349	11.25	0.465967	-2.53798	30.1516	1373.16	627.256	-88.8055	4975.13	6.59448e-006	144.646
39.0440	-0.391778	8.7274	8.2641	-70.3249	4.79705	-7.37705	0.776611	-4.96059	30.1516	1373.92	626.697	-88.0408	4976.04	0.000311811	145.111
39.0447	-1.90992	-10.2343	10.7035	-110.317	3.27667	-25.688	1.37201	-0.692176	30.1516	1374.51	625.578	-87.7316	4976.04	0.000159203	145.576
39.0453	-1.30593	-14.1899	9.48007	-168.003	3.57813	-41.2325	2.5887	8.13306	30.1516	1374.19	624.22	-88.2035	4975.28	0.000159203	146.18
39.0460	-2.22008	-11.7412	6.43264	-163.715	5.09851	-60.1493	3.52064	16.6699	30.1457	1373.75	622.222	-88.8055	4974.67	0.000464373	146.645
39.0467	-3.73822	20.5942	3.68544	-90.7724	6.93344	-65.6558	4.11604	21.2844	30.1516	1373.27	620.544	-89.1146	4974.67	6.59448e-006	146.645
39.0473	-2.53023	78.6094	0.022518	-46.8532	6.93344	-53.1411	5.64338	17.5928	30.1516	1373.16	619.186	-89.2611	4974.67	6.59448e-006	146.947
39.0480	0.522371	109.375	-3.33266	-30.0619	5.71452	-44.2887	4.42668	9.97887	30.1457	1373.75	617.987	-89.1146	4974.21	0.000311811	147.715
39.0487	2.05684	102.971	-3.03242	-16.024	4.79705	-41.8648	3.20999	3.86465	30.1457	1373.75	616.948	-88.9519	4974.37	-0.000298575	147.854
39.0493	2.97098	110.317	-2.72468	-19.0933	2.96211	-36.6745	1.06137	0.519132	30.1457	1373.27	615.99	-88.8055	4974.82	-0.000298575	147.25
39.0500	5.10944	144.473	-4.55614	-20.8989	-0.996109	-25.0556	-4.42668	-1.90348	30.1397	1373.75	615.51	-88.2035	4975.59	0.000311811	147.087
39.0507	6.02359	33.7167	-3.94815	-18.7774	-3.1325	-12.2512	-5.95402	-7.44089	30.1457	1375.1	615.67	-86.9832	4976.96	0.000311811	147.715
39.0513	2.66083	-256.799	-0.585468	-49.8774	-2.52959	-8.589	-0.750724	-16.2661	30.1457	1375.75	615.27	-86.3649	4977.42	-0.000145967	148.459
39.0520	-1.30593	-361.151	0.938249	-97.4979	-1.31067	-8.90516	2.30395	-23.5917	30.1397	1375	612.793	-87.4388	4976.04	-0.000298575	149.226
39.0527	-3.44438	-166.197	4.90892	-116.727	-1.91358	-4.61066	0.155322	-22.6688	30.1397	1373.16	609.597	-89.2611	4974.06	-0.000145967	149.831
39.0533	-0.685612	24.8637	11.3115	-87.1162	-3.1325	1.1856	-1.68266	-16.2661	30.1397	1371.43	607.12	-90.6441	4972.84	-0.000298575	150.296
39.0540	4.48913	87.7135	14.0587	-23.9682	-3.44706	5.13759	0.155322	-8.30611	30.1397	1370.84	605.762	-91.2461	4972.53	-0.000298575	151.063
39.0547	5.71343	71.5773	15.2822	-46.5372	-2.83105	7.27167	3.83128	1.15363	30.1457	1371.43	605.043	-90.937	4972.99	-0.000298575	151.83
39.0553	3.88513	24.8637	18.6374	-146.021	-1.91358	10.9338	8.10264	6.92176	30.1397	1371.76	604.403	-90.3349	4973.6	-0.000145967	152.132
39.0560	1.14269	27.6263	21.3846	-137.806	-1.61212	12.7781	9.62998	3.57624	30.1328	1372.24	603.604	-89.8794	4973.75	6.59448e-006	152.272
39.0567	-0.391778	29.7611	21.6923	-46.8532	-1.61212	5.13759	7.48136	1.15363	30.1328	1372.68	603.045	-89.5702	4973.6	-0.000298575	152.597
39.0573	-0.99577	-52.3644	20.4688	1.6701	-1.91358	-2.79274	4.73733	6.34494	30.1328	1372.51	602.086	-89.7167	4973.6	-0.000451137	152.737
39.0580	-1.30593	-84.3858	10.0956	24.555	-1.91358	-3.39871	3.52064	9.97887	30.1328	1372.24	600.728	-89.5702	4973.75	0.000159203	153.202
39.0587	1.14269	-72.7702	-15.5449	41.0304	-2.21503	-12.8571	4.42668	8.76756	30.1269	1372.24	599.849	-89.4238	4973.75	0.000464373	153.504
39.0593	2.97098	-125.888	-30.1891	48.0719	-2.52959	-26.2939	5.04797	8.13306	30.1269	1371.76	598.57	-90.6441	4973.14	-0.000145967	153.969
39.0600	-0.391778	-89.2832	-16.4531	45.9504	-1.91358	-14.3853	4.11604	10.9018	30.1269	1370.25	596.333	-92.0108	4971.62	0.000159203	155.039
39.0607	-1.90992	14.5038	-1.80894	43.4678	-3.1325	-0.658665	2.5887	13.9589	30.1269	1369.33	594.655	-92.1573	4970.4	0.000616981	155.643
39.0613	0.228537	-0.125574	-0.285228	33.718	-4.96744	-12.5673	-0.155322	13.6705	30.1328	1369.65	593.536	-92.1573	4970.55	6.59448e-006	155.946
39.0620	0.832529	-77.9815	-0.893213	-10.2012	-2.52959	-17.7313	-1.37201	9.97887	30.1269	1370.41	593.376	-91.3925	4971.92	-0.000145967	155.946
39.0627	0.522371	-106.047	-1.20096	-24.2391	2.05775	0.579626	-0.750724	7.84466	30.121	1372.08	594.016	-89.5702	4973.75	0.000769543	155.946
39.0633	1.14269	-74.3399	-2.11669	54.7974	4.79705	18.8905	0.155322	8.13306	30.1269	1373.92	594.815	-88.3499	4975.13	0.000616981	157.155
39.0640	1.43652	-69.7564	-3.03242	157.622	5.09851	26.2149	0.776611	10.9018	30.1328	1374.67	594.975	-87.5852	4975.74	0.000159203	157.317
39.0647	1.43652	-103.285	-4.55614	167.687	3.27667	28.0328	0.465967	12.4015	30.1269	1374.08	593.536	-88.0408	4975.13	-0.000298575	156.55
39.0653	-2.53023	-110.631	-5.16412	77.6824	1.44174	29.5609	0.465967	11.8247	30.121	1373.43	592.338	-88.9519	4973.91	-0.000451137	157.62
39.0660	-9.84343	-75.2189	-3.94815	70.3249	0.524268	33.8291	-0.155322	13.6705	30.1269	1373.27	591.459	-89.4238	4973.3	6.59448e-006	158.852
39.0667	-10.4637	-34.9724	-3.33266	237.877	-0.694655	33.5392	-2.27806	17.9389	30.1269	1373.43	590.819	-89.1146	4973.45	-0.000298575	159.154
39.0673	-6.79082	-112.452	-3.94815	409.988	-0.393201	26.2149	-3.20999	20.996	30.1269	1373	590.66	-88.9519	4974.21	-0.000756307	159.457
39.0680	-5.58284	-229.361	-4.85638	452.102	-0.694655	19.7863	-2.89935	13.036	30.1269	1373.16	590.02	-88.8055	4974.98	-0.000451137	160.363
39.0687	-4.65237	-179.571	-4.55614	350.812	-3.1325	9.7219	-2.27806	-7.44089	30.1269	1373.43	588.822	-88.2035	4974.82	-0.000298575	161.293
39.0693	-4.35853	6.27871	3.99319	105.126	-5.58345	-4.61066	-1.68266	-24.2261	30.1328	1373.43	588.502	-87.7316	4975.28	-0.000298575	160.666
39.0700	-4.96252	244.932	18.9451	-184.479	-5.88491	-14.9912	-2.27806	-24.5146	30.1328	1374.08	588.662	-86.9832	4977.11	6.59448e-006	160.224
39.0707	-3.73822	399.64	29.3184	-311.452	-6.18636	-13.1733	-1.96742	-11.9977	30.1269	1375.43	588.342	-86.5113	4977.57	0.000159203	161.293
39.0713	-2.82407	281.537	33.5893	-299.851	-5.58345	-6.13876	-1.37201	-1.32667	30.1269	1375.86	587.783	-86.3649	4977.11	0.000159203	162.502
39.0720	-1.90992	41.6278	34.2048	-281.841	-4.35142	-11.329	-1.96742	0.230725	30.1269	1375.27	586.105	-87.4388	4975.59	-0.000451137	163.572
39.0727	1.43652	-9.29249	33.2891	-201.586	-1.91358	-13.4631	-3.20999	-0.403769	30.1269	1373.27	583.788	-88.9519	4974.06	-0.000756307	163.874
39.0733	2.97098	87.4624	30.5419	-108.782	2.35921	-4.61066	-3.8054	-0.115363	30.1328	1371.16	581.63	-90.6441	4972.53	6.59448e-006	164.037
39.0740	1.14269	154.896	20.4688	-107.564	4.79705	-0.948478	-4.11604	-0.403769	30.1328	1371.16	580.112	-91.3925	4971.47	-0.000145967	165.246
39.0747	-1.59976	187.545	-3.94815	-162.181	4.19414	-4.00469	-3.49475	-1.90348	30.1269	1371.43	579.713	-90.937	4972.08	-0.000298575	165.711
39.0753	-2.82407	143.594	-42.0936	-208.266	3.27667	-10.7231	-3.20999	-4.03769	30.1269	1371.43	579.713	-90.1722	4972.84	0.000159203	166.013
39.0760	-2.22008	39.807	-68.9501	-207.996	1.14028	-9.51113	-2.27806	-1.61508	30.1269	1372.24	579.952	-89.7167	4973.45	6.59448e-006	166.92
39.0767	-1.59976	27.6263	-63.4557	-173.781	-2.83105	2.08138	1.9933	5.42204	30.1269	1372.84	579.713	-89.4238	4974.37	-0.000298575	167.688
39.0773	-2.22008	51.7365	-39.0387	-134.105	-4.66598	11.856	6.57531	8.47915	30.121	1372.08	578.274	-89.7167	4974.21	-0.000145967	167.99
39.0780	-3.44438	57.199	-17.9844	-100.251	-3.1325	19.1803	9.00869	4.21074	30.1269	1371.6	577.555	-90.0258	4973.3	6.59448e-006	168.315
39.0787	-6.18683	87.1485	-5.47187	-76.7345	0.524268	18.5744	10.536	-0.403769	30.1269	1372.24	577.555	-89.5702	4973.14	6.59448e-006	168.92
39.0793	-9.84343	77.9815	-1.20096	-58.7244	5.71452	2.08138	12.374	0.230725	30.1269	1371.6	576.357	-90.3349	4972.53	-0.000145967	169.827
39.0800	-5.87667	40.1209	-4.85638	-45.9504	12.1237	-16.2295	13.9013	4.78755	30.1269	1370.08	574.359	-91.8644	4971.31	0.000159203	171.059
39.0807	8.16205	41.9418	-6.68784	-39.5408	17.9169	-23.5539	12.374	6.63335	30.1269	1369.17	573.081	-92.7755	4970.4	0.000159203	171.803
39.0813	17.3199	65.4869	0.330264	-34.034	20.0532	-32.6962	9.62998	4.49914	30.121	1369.76	573.24	-92.6128	4970.55	6.59448e-006	171.966
39.0820	12.7328	67.8728	6.12489	-26.9925	18.5329	-54.3531	7.792	2.65334	30.1269	1371.16	574.199	-91.0997	4972.53	0.000464373	172.268
39.0827	2.05684	27.6263	4.90892	-18.7774	12.7266	-71.7682	6.26466	2.01885	30.121	1372.51	575.717	-88.8055	4975.13	0.000769543	172.873
39.0833	-0.391778	-13.8759	2.46197	-10.2012	3.87958	-68.3958	5.04797	2.01885	30.1151	1374.19	577.395	-87.5852	4976.2	0.000311811	173.338
39.0840	2.36699	-12.0551	0.022518	-1.35414	-4.96744	-53.4573	4.11604	3.28783	30.1151	1374.67	577.395	-87.8943	4975.89	-0.000298575	173.338
39.0847	2.05684	8.7274	-9.13479	7.4929	-10.1577	-39.4145	2.30395	5.42204	30.1151	1373.59	576.197	-88.3499	4975.28	-0.000298575	173.338
39.0853	1.14269	34.0306	-22.8633	14.1733	-11.3766	-21.7096	-1.06137	6.63335	30.1151	1373.16	575.238	-88.4964	4974.98	0.000159203	174.709
39.0860	1.43652	44.7044	-26.8339	17.2427	-10.1577	0.263466	-5.95402	5.99886	30.1151	1373.27	575.078	-88.6591	4974.67	0.000311811	175.779
39.0867	-0.0816205	22.415	-14.6292	19.9961	-7.10383	9.40574	-11.1314	5.42204	30.1151	1372.68	574.519	-88.9519	4974.21	0.000311811	176.244
39.0873	-3.73822	5.3369	6.74038	25.5029	-3.74852	7.58783	-14.8074	6.92176	30.1092	1372.08	573.56	-89.5702	4974.06	0.000769543	177.011
39.0880	-7.41114	17.8315	23.5238	30.3778	-1.31067	11.25	-15.7134	10.2673	30.1023	1372.51	574.039	-89.2611	4974.37	0.000311811	177.453
39.0887	-11.9819	38.3001	28.1024	22.4336	-0.694655	14.9122	-12.6588	9.97887	30.1023	1373	574.679	-88.9519	4974.21	-0.000451137	178.383
39.0893	-15.6385	10.8622	27.1867	18.7774	-0.393201	13.3841	-7.17071	3.28783	30.1023	1373.92	575.078	-88.3499	4974.52	-0.000451137	179.29
39.0900	-13.8102	-55.6921	26.5712	53.5787	2.35921	13.7002	-3.20999	-3.11479	30.1023	1375.1	576.197	-86.9832	4976.5	-0.000145967	179.453
39.0907	-12.5859	-67.6217	27.7947	104.81	6.31743	20.3923	-1.37201	-5.88349	30.1023	1376.02	576.596	-86.2185	4977.57	-0.000145967	180.057
39.0913	-20.8295	-45.0183	29.0182	135.955	7.2349	25.8987	-1.37201	-7.0948	30.0963	1375.86	576.516	-85.9093	4977.42	-0.000298575	180.964
39.0920	-24.5025	-49.9157	25.3552	141.146	5.09851	19.7863	-2.89935	-7.44089	30.1023	1374.35	574.918	-87.276	4975.59	6.59448e-006	181.894
39.0927	2.05684	-33.4027	5.51691	120.067	4.19414	8.1938	-5.02209	-8.0177	30.1023	1372.35	573.081	-89.4238	4973.3	-0.000298575	183.103
39.0933	17.0097	4.39509	-25.6105	85.5815	3.87958	3.60949	-6.54942	-9.5751	30.0963	1371.76	571.562	-90.3349	4972.38	-0.000603745	184.01
39.0940	-19.6052	15.1317	-41.1779	59.6723	1.74319	2.7137	-7.48136	-10.1519	30.0904	1371.43	570.524	-90.7905	4972.23	-0.000451137	184.638
39.0947	-51.0454	14.1899	-32.6286	57.2349	-0.996109	2.39754	-6.23878	-9.8635	30.0904	1371	571.003	-90.7905	4972.38	-0.000145967	185.405
39.0953	-47.6827	12.9969	-14.0137	82.2413	-5.58345	10.0381	-2.5887	-6.80639	30.0904	1371.76	571.562	-90.0258	4973.3	6.59448e-006	186.009
39.0960	-34.5744	5.96477	-5.16412	119.164	-11.0752	18.2582	0.776611	-1.32667	30.0904	1372.68	571.402	-89.4238	4973.91	0.000159203	186.614
39.0967	-14.1203	3.51608	-6.68784	115.824	-13.2116	14.596	3.83128	-1.32667	30.0845	1372.51	571.163	-89.4238	4974.37	6.59448e-006	187.218
39.0973	13.6469	3.20214	-3.33266	49.8774	-10.4591	-1.26464	7.17071	-6.51799	30.0845	1372.24	570.524	-90.1722	4973.45	6.59448e-006	187.846
39.0980	18.234	-4.39509	1.54623	-41.6623	-6.48781	-23.2377	7.792	-7.0948	30.0786	1372.51	570.524	-90.3349	4972.84	-0.000298575	188.59
39.0987	2.66083	-14.5038	6.74038	-94.7445	-4.66598	-32.0902	5.64338	-1.90348	30.0786	1372.35	570.204	-89.7167	4973.3	-0.000298575	189.218
39.0993	-10.1536	-23.6707	14.6742	-48.6587	-3.74852	-22.6317	3.20999	2.36493	30.0786	1371.43	568.046	-90.6441	4972.53	6.59448e-006	189.962
39.1000	-19.0012	-26.9984	14.0587	43.197	-2.21503	-14.7014	1.06137	1.73044	30.0717	1370.08	566.368	-92.32	4971.31	-0.000298575	191.194
39.1007	-17.1729	-19.0873	7.95635	98.7167	-1.31067	-9.19497	1.06137	-1.90348	30.0658	1369.49	566.129	-92.32	4971.16	-0.000145967	192.264
39.1013	-7.10098	-19.7151	8.56434	137.49	-1.31067	2.7137	1.68266	-4.03769	30.0658	1369.49	565.809	-91.8644	4971.16	0.000922151	193.031
39.1020	-3.13423	-27.6263	12.8428	154.281	-1.31067	9.7219	1.37201	-5.59509	30.0658	1370.68	566.289	-91.0997	4972.38	0.000616981	193.334
39.1027	17.9239	-28.2542	13.7585	108.512	-0.0786402	-0.342506	0.776611	-4.67219	30.0717	1373	568.206	-89.2611	4974.52	-0.000145967	193.473
39.1033	64.6108	-33.4027	13.143	31.2806	0.524268	-13.4631	-1.96742	-2.82638	30.0599	1375	569.724	-87.7316	4975.89	0.000464373	195.008
39.1040	67.9735	-34.0306	8.56434	-20.5829	0.222814	-12.2512	-5.64338	-4.38378	30.0539	1375.1	569.645	-87.1296	4976.2	0.000769543	195.775
39.1047	28.306	-23.0429	-16.1529	-29.7459	0.524268	-5.53279	-4.11604	-7.0948	30.0539	1373.92	568.526	-87.5852	4975.74	0.000159203	195.008
39.1053	12.1288	-19.4012	-46.3645	-33.1312	2.05775	-9.51113	-0.465967	-5.249	30.0539	1373.27	567.327	-88.2035	4975.43	0.000311811	196.077
39.1060	16.0956	-15.6968	-41.7859	-36.4714	3.87958	-15.5972	1.06137	-3.11479	30.0539	1373.16	566.528	-88.6591	4974.67	0.000616981	198.054
39.1067	17.0097	-4.39509	-18.9001	-5.64224	3.87958	-6.45492	1.68266	-3.46088	30.0539	1372.84	566.368	-88.9519	4974.37	6.59448e-006	198.356
39.1073	15.4752	0.125574	-5.16412	-12.3678	2.66066	10.9338	0.465967	-1.32667	30.048	1373.43	565.969	-88.9519	4974.52	-0.000145967	199.286
39.1080	12.7328	-0.43951	6.74038	-117.945	1.44174	20.7084	-1.96742	3.57624	30.048	1373.92	565.49	-88.9519	4974.06	-0.000298575	200.797
39.1087	11.5085	-8.7274	13.4507	-216.211	1.14028	25.2928	-2.89935	7.84466	30.0421	1373.59	565.49	-88.4964	4974.52	-0.000603745	201.425
39.1093	7.54173	-32.5237	11.6193	-204.294	0.524268	33.5392	-2.5887	10.9018	30.048	1373.59	565.649	-88.0408	4976.04	6.59448e-006	201.262
39.1100	-2.22008	-41.0627	13.4507	-110.633	2.35921	43.2875	-2.5887	12.1131	30.0539	1374.67	566.289	-86.9832	4976.96	0.000464373	202.029
39.1107	-12.292	-24.2358	27.4869	-17.2427	9.37129	50.0059	-2.89935	10.2673	30.048	1375.86	566.848	-86.3649	4977.11	-0.000145967	202.936
39.1113	-17.4831	-9.29249	42.4389	18.1454	18.5329	44.8156	-2.27806	9.05597	30.048	1375.59	566.289	-86.3649	4977.11	-0.000145967	204.006
39.1120	-18.0871	-2.88821	43.6624	3.20479	25.545	30.1669	-2.89935	11.1902	30.0421	1374.51	564.451	-87.5852	4975.28	6.59448e-006	205.68
39.1127	-19.0012	-1.38132	37.2522	-6.545	28.5988	21.6306	-5.64338	12.1131	30.0352	1373.16	562.293	-89.1146	4973.45	-0.000145967	206.61
39.1133	-20.2256	-2.26033	35.7285	0.767345	25.545	21.9204	-6.54942	7.84466	30.0421	1370.84	560.296	-90.4814	4972.84	6.59448e-006	206.912
39.1140	-18.3973	-5.96477	38.4757	4.73948	20.0532	20.7084	-2.89935	-0.115363	30.0421	1370.41	559.257	-91.7017	4971.62	-0.000298575	208.121
39.1147	-15.6385	-12.3691	42.4389	18.4614	12.1237	15.8343	1.37201	-5.249	30.0352	1371.33	559.656	-90.937	4971.77	-0.000603745	209.191
39.1153	-15.9486	-15.3828	42.7466	63.6445	1.14028	14.596	1.68266	-6.1719	30.0352	1372.08	559.656	-89.8794	4973.14	0.000311811	209.958
39.1160	-17.4831	-12.0551	21.3846	147.556	-9.85624	20.7084	-0.465967	-8.30611	30.0352	1372.51	559.417	-89.8794	4974.06	6.59448e-006	210.865
39.1167	-9.54959	-7.47166	-26.5262	203.707	-18.4018	26.8209	-1.37201	-12.5745	30.0352	1372.84	559.257	-89.5702	4974.52	-0.000451137	211.934
39.1173	16.6995	-3.51608	-57.3533	164.663	-26.3314	29.2447	-1.37201	-14.4203	30.0352	1373	558.298	-89.4238	4974.21	6.59448e-006	213.167
39.1180	45.3973	1.38132	-39.6467	118.577	-31.207	28.349	-1.37201	-11.0748	30.0352	1372.84	557.898	-89.2611	4973.91	-0.000298575	213.632
39.1187	49.0539	4.70903	-8.21906	91.7203	-26.0299	26.8209	-1.37201	-4.38378	30.0352	1372.08	557.579	-89.2611	4974.06	-0.000603745	213.632
39.1193	26.4614	8.97855	9.78782	0.767345	-15.3479	29.5609	-1.96742	-0.692176	30.0352	1371	555.741	-90.6441	4972.53	-0.000603745	214.539
39.1200	4.79928	13.562	18.6374	-104.223	-9.54168	32.6171	-2.27806	0.807538	30.0421	1369.49	553.264	-92.32	4970.4	-0.000603745	215.748
39.1207	-3.44438	8.09953	24.1318	-132.299	-7.71984	18.8905	-2.5887	2.94175	30.0352	1368.57	552.065	-93.2311	4970.09	-0.000145967	216.817
39.1213	-5.87667	2.57427	14.3665	-99.9354	-5.58345	-17.4415	-3.49475	-1.32667	30.0352	1369.49	552.225	-92.4664	4971.01	0.000616981	218.352
39.1220	-6.79082	5.96477	-24.0867	-47.1691	-4.04997	-45.527	-4.42668	-8.6522	30.0352	1371.92	553.584	-90.4814	4972.69	0.000159203	219.421
39.1227	-7.41114	4.70903	-56.4376	7.4929	-3.74852	-43.6827	-3.49475	-8.6522	30.0293	1373	554.542	-88.9519	4974.37	-0.000145967	219.421
39.1233	-10.7576	-0.753445	-53.6904	1.08331	-3.74852	-31.4842	-1.68266	-5.88349	30.0293	1373.75	554.942	-87.7316	4975.89	0.000464373	220.491
39.1240	-11.3779	-3.83001	-34.46	-66.0819	-3.44706	-26.8999	0.465967	-6.1719	30.0293	1375.27	555.741	-86.9832	4976.35	0.000311811	222.328
39.1247	2.66083	-8.09953	-20.7316	-116.727	-2.83105	-24.1598	1.9933	-7.44089	30.0293	1375	554.223	-87.4388	4975.28	0.000159203	223.095
39.1253	22.2008	-12.9969	-16.4531	-129.546	-1.61212	-26.5837	2.89935	-7.44089	30.0293	1373.43	551.746	-88.8055	4974.37	0.000464373	223.235
39.1260	22.2008	-14.1899	-15.2372	-118.577	-0.393201	-32.38	1.9933	-5.88349	30.0293	1372.24	550.707	-89.2611	4974.82	0.000464373	223.397
39.1267	5.10944	-10.8622	-14.6292	-103.005	0.222814	-29.6399	-0.750724	-4.38378	30.0293	1372.08	549.908	-89.2611	4974.67	0.000769543	225.071
39.1273	-3.13423	-8.41347	-13.4057	-89.5537	1.14028	-19.5755	-1.06137	-2.53798	30.0293	1373.27	549.908	-89.1146	4973.75	0.000464373	227.048
39.1280	1.14269	-8.41347	-10.0505	-70.6409	2.35921	-7.98302	1.9933	-2.53798	30.0293	1373.27	549.748	-88.8055	4974.37	-0.000603745	227.35
39.1287	4.19529	-7.15773	-4.55614	-53.5787	2.35921	2.39754	4.42668	-4.03769	30.0234	1372.84	549.508	-88.3499	4975.13	-0.000603745	227.815
39.1293	4.79928	-5.02297	3.99319	-42.5651	1.44174	4.53162	2.89935	-3.74928	30.0234	1374.35	549.588	-87.4388	4975.59	6.59448e-006	229.024
39.1300	5.10944	-3.83001	9.48007	-33.1312	0.825722	0.579626	-0.750724	-2.82638	30.0293	1375.43	549.748	-86.9832	4976.04	6.59448e-006	229.652
39.1307	4.79928	-3.20214	8.2641	-27.9404	0.524268	-4.61066	-2.27806	-3.11479	30.0293	1375.27	549.908	-86.3649	4977.42	-0.000298575	229.652
39.1313	4.19529	-2.57427	6.43264	-27.9404	0.825722	-4.61066	-0.155322	-3.11479	30.0293	1374.51	548.709	-86.5113	4976.96	6.59448e-006	230.861
39.1320	3.88513	-2.57427	6.43264	-25.5029	0.222814	-0.0526932	1.37201	-2.53798	30.0293	1373.75	546.872	-88.4964	4974.37	-0.000145967	233.163
39.1327	3.57498	-3.20214	8.56434	-18.7774	-0.0786402	1.47541	1.9933	-1.90348	30.0352	1372.68	545.353	-89.8794	4972.84	-0.000145967	234.837
39.1333	2.97098	-2.26033	11.3115	-13.9025	1.74319	1.79157	1.9933	-0.692176	30.0293	1371.43	543.835	-90.3349	4972.53	-0.000145967	235.744
39.1340	3.88513	-1.06738	6.43264	-11.1491	2.35921	5.74356	1.06137	-0.403769	30.0293	1370.84	542.716	-90.7905	4972.38	-0.000145967	236.674
39.1347	5.4196	-0.43951	-5.77211	-10.2012	0.825722	7.27167	0.465967	-0.980582	30.0293	1371.43	542.477	-90.3349	4972.69	0.000159203	238.046
39.1353	4.19529	-0.125574	-17.9844	-8.98245	1.14028	3.00351	0.155322	-1.32667	30.0293	1372.24	542.876	-89.5702	4973.3	6.59448e-006	239.115
39.1360	2.97098	-0.43951	-25.9182	-7.17693	1.74319	-5.53279	-1.68266	-1.61508	30.0293	1372.35	542.716	-89.4238	4973.6	-0.000145967	239.72
39.1367	3.28114	-0.43951	-22.563	-4.10755	-0.694655	-13.4631	-2.89935	-1.32667	30.0293	1372.08	541.838	-89.8794	4973.45	6.59448e-006	240.789
39.1373	2.97098	-2.00919	-11.2665	5.64224	-3.74852	-17.1253	-1.68266	-0.403769	30.0234	1372.24	541.039	-89.7167	4973.3	-0.000756307	241.556
39.1380	-0.0816205	-11.1133	-6.3876	19.0933	-1.61212	-15.9134	0.465967	0.807538	30.0234	1372.24	540.479	-89.4238	4973.91	-0.000603745	241.696
39.1387	-4.04838	-20.5942	-5.77211	23.9682	2.96211	-12.5673	1.68266	2.01885	30.0293	1371.6	539.121	-90.1722	4973.75	0.000464373	243.068
39.1393	-5.87667	-22.101	2.16173	17.2427	4.19414	-9.51113	3.83128	2.65334	30.0293	1371.16	537.603	-91.5552	4972.23	0.000311811	245.207
39.1400	-6.49699	-27.3124	9.78782	17.2427	2.35921	-8.90516	4.73733	1.73044	30.0234	1370.25	535.925	-92.1573	4971.16	-0.000145967	246.742
39.1407	-7.70497	-32.8376	6.12489	32.1833	2.05775	-9.19497	4.42668	0.519132	30.0234	1369.33	534.326	-92.6128	4970.55	0.000159203	247.509
39.1413	-8.32529	-44.3905	1.24599	47.1691	2.35921	-7.98302	1.9933	0.519132	30.0234	1369.92	533.927	-92.1573	4971.01	0.000159203	248.555
39.1420	-7.10098	-46.5252	0.630503	67.6166	2.05775	-5.53279	-0.465967	-0.115363	30.0234	1371.76	534.486	-90.937	4972.84	6.59448e-006	249.183
39.1427	-5.27268	7.47166	3.99319	102.689	1.14028	-4.00469	1.06137	-2.53798	30.0234	1373.43	536.004	-89.2611	4974.52	6.59448e-006	249.787
39.1433	-4.65237	43.7626	13.4507	126.792	0.524268	-3.08255	0.776611	-4.03769	30.0234	1374.67	536.963	-87.5852	4975.59	0.000159203	250.996
39.1440	-3.13423	23.9847	26.879	156.719	1.14028	0.869438	-3.8054	-5.88349	30.0234	1374.67	536.004	-88.0408	4975.43	6.59448e-006	251.927
39.1447	-1.59976	12.0551	28.4027	192.423	2.66066	5.45375	-4.73733	-8.6522	30.0234	1373.92	534.326	-89.1146	4974.52	6.59448e-006	252.694
39.1453	-3.13423	0.125574	8.87208	181.139	3.87958	12.7781	0.155322	-11.3632	30.0234	1373.27	532.409	-89.7167	4973.6	0.000616981	253.903
39.1460	-2.53023	-12.683	-13.4057	115.824	4.19414	22.8425	5.33273	-14.4203	30.0234	1373	531.61	-89.8794	4973.45	0.000311811	255.275
39.1467	0.228537	-2.00919	-26.8339	-4.10755	4.4956	25.8987	7.17071	-15.3432	30.0234	1373.16	531.45	-89.2611	4974.37	-0.000145967	256.647
39.1473	2.05684	18.7733	-28.6654	-106.977	6.63199	20.7084	8.69805	-11.9977	30.0175	1373.16	530.571	-88.9519	4975.13	0.000616981	258.181
39.1480	1.74668	29.7611	-18.5923	-110.633	7.2349	11.5662	9.31934	-8.0177	30.0234	1373.27	529.452	-89.2611	4974.67	0.000769543	259.855
39.1487	1.74668	33.0888	-9.74278	-105.442	5.41307	2.7137	8.3874	-1.90348	30.0234	1373	528.413	-89.4238	4974.67	6.59448e-006	260.157
39.1493	2.66083	32.5237	-2.72468	-135.955	3.57813	0.579626	8.3874	3.57624	30.0234	1373.27	527.774	-88.3499	4975.74	0.000159203	260.157
39.1500	1.74668	26.9984	7.34837	-125.574	2.05775	1.47541	8.10264	2.65334	30.0175	1375.43	528.094	-87.1296	4976.5	0.000311811	261.832
39.1507	0.832529	19.4012	8.87208	-56.0162	1.14028	4.84778	5.64338	2.65334	30.0175	1376.51	528.094	-86.674	4977.26	6.59448e-006	263.203
39.1513	0.228537	12.683	2.76971	45.0025	0.222814	5.45375	4.42668	5.71045	30.0234	1375.59	526.096	-86.8205	4976.81	-0.000145967	264.133
39.1520	-1.59976	7.47166	1.85398	116.14	-1.61212	0.869438	4.11604	3.28783	30.0234	1373.75	522.74	-88.6591	4974.67	-0.000298575	265.505
39.1527	-2.22008	2.57427	6.43264	116.411	-2.83105	12.7781	4.42668	-0.980582	30.0175	1372.08	520.023	-90.6441	4972.53	-0.000756307	266.877
39.1533	-0.99577	-8.97855	8.56434	49.6066	-3.44706	30.7728	5.64338	-0.403769	30.0175	1371.33	518.665	-91.0997	4971.92	-0.000908915	267.644
39.1540	-0.391778	-20.2802	5.82465	-45.6344	-3.44706	27.4268	6.26466	3.86465	30.0175	1370.68	516.987	-91.0997	4972.23	-0.000756307	268.551
39.1547	-0.99577	-14.5038	2.46197	-95.3764	-3.74852	19.1803	2.89935	7.55625	30.0175	1370.84	515.629	-91.0997	4973.14	-0.000145967	270.225
39.1553	-2.53023	-1.38132	1.54623	-65.45	-4.35142	23.4485	-0.750724	11.1902	30.0175	1372.08	515.629	-90.3349	4973.75	0.000464373	272.225
39.1560	-3.73822	2.00919	-0.285228	4.10755	-4.04997	22.5527	-1.06137	14.5357	30.0115	1372.84	514.83	-89.8794	4974.06	0.000159203	273.132
39.1567	-4.35853	-0.125574	-3.94815	31.5966	-4.35142	3.31967	-0.465967	14.5357	30.0175	1372.84	512.832	-90.0258	4973.6	-0.000145967	273.736
39.1573	-3.44438	1.69525	-6.07985	7.17693	-4.96744	-24.1598	-1.06137	11.1902	30.0175	1373	511.793	-90.3349	4973.14	-0.000145967	274.968
39.1580	-3.13423	-4.14395	-5.47187	-6.86097	-5.26889	-41.5486	-1.37201	9.05597	30.0175	1373.27	511.154	-90.0258	4973.91	6.59448e-006	276.34
39.1587	-2.82407	-20.2802	-3.94815	-2.57286	-4.96744	-40.9426	-2.27806	9.69046	30.0234	1372.84	509.796	-90.3349	4973.75	6.59448e-006	277.247
39.1593	-0.99577	-31.268	-3.64041	-7.17693	-4.96744	-35.4362	-4.73733	9.69046	30.0175	1371.16	507.239	-92.0108	4971.92	6.59448e-006	278.619
39.1600	0.832529	-39.2419	-4.85638	-18.1454	-4.35142	-30.5621	-5.95402	8.47915	30.0175	1370.25	504.762	-92.922	4971.01	6.59448e-006	280.456
39.1607	0.832529	-50.7947	-5.77211	-18.7774	-3.44706	-14.9912	-6.23878	7.21016	30.0115	1369.17	502.764	-93.0847	4971.01	-0.000145967	280.921
39.1613	0.522371	-61.7825	-4.55614	-6.86097	-2.21503	4.24181	-5.95402	5.71045	30.0046	1369	501.565	-92.922	4971.31	0.000464373	281.525
39.1620	1.43652	-77.9815	-2.11669	-0.135414	-1.61212	17.6522	-2.5887	3.86465	30.0046	1371.16	502.284	-91.3925	4972.69	0.000769543	282.734
39.1627	3.88513	-68.8146	0.630503	5.64224	-1.31067	21.6306	1.68266	2.01885	30.0046	1373.27	503.403	-89.5702	4974.37	0.000616981	283.502
39.1633	5.71343	-8.41347	2.46197	49.8774	-0.393201	8.1938	3.52064	-0.115363	30.0046	1374.83	503.723	-88.0408	4975.74	0.000464373	284.734
39.1640	6.93774	57.513	3.99319	101.154	-0.694655	-1.26464	2.5887	-2.24957	29.9987	1375	503.083	-87.4388	4976.81	0.000311811	286.106
39.1647	6.02359	90.4762	4.90892	86.8002	-0.694655	15.2283	1.37201	-4.38378	29.9987	1374.08	501.725	-88.0408	4975.74	6.59448e-006	287.175
39.1653	2.97098	81.6232	6.74038	74.297	-0.0786402	23.7646	1.06137	-6.1719	29.9987	1373.59	500.207	-88.9519	4974.21	6.59448e-006	288.384
39.1660	0.228537	60.2756	8.56434	139.612	0.825722	5.45375	2.30395	-6.51799	29.9928	1373.27	498.928	-89.2611	4974.21	6.59448e-006	289.919
39.1667	-1.90992	46.8392	9.78782	234.537	1.14028	-10.4069	3.83128	-5.88349	29.9987	1373.59	498.849	-88.4964	4975.13	-0.000145967	291.454
39.1673	-1.59976	31.268	9.48007	284.595	1.14028	-13.1733	4.11604	-4.03769	29.9987	1373.59	497.89	-88.3499	4975.13	-0.000145967	292.36
39.1680	-0.0816205	22.101	7.95635	232.37	1.44174	-15.3074	2.30395	-3.46088	29.9987	1372.68	495.892	-89.5702	4973.75	-0.000145967	292.825
39.1687	0.228537	20.9081	6.12489	105.758	1.44174	-18.6534	0.155322	-4.67219	29.9928	1372.35	495.732	-89.2611	4974.37	0.000159203	293.569
39.1693	0.832529	23.3568	4.29343	-1.98607	0.222814	-12.8571	-0.155322	-5.88349	29.9928	1373.75	496.851	-87.7316	4976.2	0.000616981	294.941
39.1700	1.74668	26.9984	2.76971	-71.5436	-0.393201	-0.658665	-0.155322	-7.0948	29.9928	1374.83	497.011	-87.276	4976.81	0.000616981	296.476
39.1707	1.14269	29.1332	1.54623	-115.192	-0.393201	-0.0526932	-2.5887	-8.30611	29.9869	1375.1	497.41	-86.674	4977.42	0.000159203	297.08
39.1713	0.522371	23.0429	1.24599	-171.976	-0.0786402	-12.8571	-4.11604	-7.44089	29.9928	1375.1	497.25	-86.8205	4976.81	-0.000451137	298.615
39.1720	1.14269	5.3369	0.938249	-248.891	0.524268	-22.9216	-5.33273	-3.46088	29.9928	1374.08	495.173	-88.3499	4974.67	6.59448e-006	300.893
39.1727	1.74668	-7.15773	0.938249	-208.266	0.524268	-18.3636	-7.76611	3.28783	29.9869	1372.08	491.977	-89.8794	4972.99	6.59448e-006	302.265
39.1733	1.14269	-9.92036	1.85398	-72.1756	-0.393201	-9.19497	-7.48136	9.34437	29.981	1371	489.979	-91.2461	4971.77	-0.000451137	303.498
39.1740	0.832529	-9.92036	1.85398	-22.7495	-0.694655	-5.84895	-4.42668	9.97887	29.9869	1371	489.5	-91.0997	4971.92	-0.000298575	304.869
39.1747	1.43652	-5.65084	0.938249	-56.0162	-0.393201	-6.74473	-1.37201	9.05597	29.9869	1371.43	489.34	-90.1722	4972.99	0.000159203	306.102
39.1753	2.36699	-2.26033	0.938249	-91.7203	-0.0786402	-9.80094	1.37201	15.1702	29.9869	1372.51	489.18	-89.7167	4973.75	6.59448e-006	307.474
39.1760	2.36699	-5.96477	0.938249	-119.164	0.825722	-13.7793	2.5887	20.3615	29.981	1373.16	488.86	-89.2611	4974.37	0.000159203	308.683
39.1767	1.43652	-7.7856	0.630503	-135.053	0.825722	-22.0258	2.30395	13.6705	29.981	1372.51	488.141	-89.2611	4974.37	6.59448e-006	309.45
39.1773	1.43652	0.125574	0.630503	-129.546	-0.694655	-26.5837	1.68266	1.73044	29.9869	1371.6	486.783	-90.3349	4973.6	-0.000298575	310.217
39.1780	1.14269	9.60642	0.630503	-106.345	-1.31067	-14.0691	1.9933	-4.03769	29.9869	1371.76	485.504	-90.6441	4972.99	0.000311811	311.891
39.1787	0.522371	11.7412	0.938249	-74.929	0.222814	3.31967	1.9933	-3.46088	29.9869	1371.16	484.466	-90.3349	4972.84	0.000311811	312.798
39.1793	-0.391778	11.7412	2.16173	-48.9747	1.14028	4.53162	2.30395	-0.403769	29.9869	1369.76	482.788	-91.3925	4971.92	0.000159203	313.565
39.1800	-1.30593	13.8759	2.76971	-38.5929	1.74319	0.869438	2.89935	1.73044	29.981	1369.33	481.269	-92.4664	4971.01	0.000464373	315.867
39.1807	-0.391778	13.8759	1.85398	-35.2527	2.35921	5.74356	2.30395	4.78755	29.981	1369.49	480.79	-92.6128	4970.7	0.000311811	317.844
39.1813	0.832529	12.9969	1.85398	-29.1591	1.74319	7.58783	0.465967	8.13306	29.9869	1370.41	480.79	-91.7017	4971.47	0.000159203	318.611
39.1820	0.522371	9.29249	3.68544	-23.3363	0.524268	7.27167	-0.465967	9.97887	29.981	1372.24	481.589	-90.0258	4973.91	0.000159203	319.518
39.1827	-0.0816205	-11.1133	4.29343	-19.3642	0.524268	14.3062	-1.68266	11.4786	29.981	1373.59	482.308	-88.3499	4975.59	0.000616981	320.587
39.1833	0.522371	-39.2419	4.29343	-12.9546	1.14028	20.7084	-3.49475	13.036	29.981	1374.51	483.427	-87.276	4976.2	0.000311811	321.796
39.1840	0.522371	-43.1975	3.99319	-7.17693	0.825722	18.2582	-4.42668	11.4786	29.981	1375	482.788	-86.9832	4975.89	-0.000451137	322.564
39.1847	0.522371	-25.4916	4.90892	-6.27417	0.825722	13.0679	-4.11604	7.21016	29.9869	1374.67	480.95	-87.1296	4975.28	-0.000451137	323.935
39.1853	1.43652	-8.97855	5.82465	-5.64224	1.14028	13.7002	-3.8054	2.94175	29.9869	1373.59	479.591	-88.2035	4974.82	6.59448e-006	325.47
39.1860	1.74668	1.38132	7.34837	-3.52076	1.14028	17.6522	-4.73733	-2.53798	29.981	1373.16	478.952	-89.1146	4974.52	-0.000145967	327.005
39.1867	2.05684	19.0873	5.51691	-1.35414	1.14028	19.4965	-4.42668	-6.1719	29.981	1373.43	478.952	-88.6591	4974.67	-0.000298575	328.516
39.1873	0.832529	33.0888	-4.24839	0.767345	0.524268	16.7301	-1.96742	-3.74928	29.981	1373.27	478.233	-87.8943	4974.98	-0.000298575	329.144
39.1880	-0.391778	31.5819	-13.098	5.32628	0.524268	13.0679	1.06137	-0.115363	29.981	1372.84	476.954	-88.3499	4974.67	-0.000145967	330.818
39.1887	-0.0816205	19.9663	-9.43503	12.0518	0.825722	13.7002	2.89935	-2.24957	29.981	1373.27	476.715	-88.4964	4975.13	-0.000145967	332.329
39.1893	0.522371	-13.8759	1.24599	14.8052	0.524268	14.9122	3.20999	-7.0948	29.981	1374.08	476.954	-87.1296	4977.11	6.59448e-006	332.329
39.1900	0.832529	-37.3583	8.56434	12.9546	1.14028	13.0679	4.42668	-8.6522	29.981	1375.27	477.114	-86.2185	4977.57	0.000159203	333.864
39.1907	0.228537	-27.9402	10.0956	13.9025	1.14028	9.40574	4.73733	-6.51799	29.9869	1376.02	476.875	-86.0557	4977.11	-0.000298575	335.398
39.1913	-0.391778	-17.2664	9.48007	22.4336	1.44174	5.74356	4.42668	-4.67219	29.9869	1375	475.436	-86.9832	4976.65	6.59448e-006	336.142
39.1920	-1.30593	-5.65084	7.64861	33.1312	1.74319	2.08138	5.04797	-5.249	29.981	1372.68	472.56	-89.2611	4974.21	0.000616981	337.979
39.1927	-1.90992	1.69525	5.51691	37.0582	1.44174	-2.18677	5.33273	-5.88349	29.981	1371	470.242	-91.2461	4971.47	0.000159203	339.955
39.1933	-2.22008	-8.41347	-2.41693	36.4714	0.825722	-6.45492	4.42668	-6.80639	29.981	1371.43	470.242	-91.7017	4971.31	-0.000603745	341.49
39.1940	-2.22008	-19.4012	-15.2372	33.1312	1.14028	-9.80094	2.30395	-6.1719	29.981	1371.43	470.562	-90.937	4972.08	-0.000603745	342.257
39.1947	-1.59976	-23.3568	-18.5923	40.7596	1.14028	-17.1253	0.776611	-6.51799	29.981	1371	469.683	-90.4814	4972.53	0.000159203	343.327
39.1953	-1.59976	-32.8376	-13.098	50.5093	1.14028	-25.688	1.37201	-6.80639	29.981	1371.92	469.044	-90.6441	4972.69	0.000616981	345.164
39.1960	-1.59976	-55.3782	-10.3508	38.5929	1.44174	-22.6317	1.68266	-3.46088	29.981	1372.68	469.843	-89.8794	4973.75	-0.000298575	346.071
39.1967	-1.30593	-81.3093	-8.5193	32.4993	1.14028	-15.3074	-0.465967	1.15363	29.9869	1371.92	469.523	-89.2611	4974.37	0.000159203	347.14
39.1973	-1.59976	-87.7135	-6.07985	28.2112	1.44174	-11.329	-3.20999	5.07595	29.981	1372.24	468.485	-90.0258	4973.45	0.000464373	348.977
39.1980	-1.90992	-54.4992	-6.3876	8.39565	1.44174	-4.00469	-5.64338	9.34437	29.981	1373.43	468.165	-90.1722	4972.99	-0.000451137	349.884
39.1987	-1.30593	-12.3691	-7.30333	18.4614	1.44174	10.644	-7.48136	10.6134	29.981	1372.24	467.046	-90.1722	4972.99	-0.000908915	350.349
39.1993	-0.99577	-11.4272	-2.11669	71.8596	1.44174	20.1025	-5.95402	4.78755	29.981	1370.08	464.809	-91.3925	4972.08	-0.000603745	351.418
39.2000	0.522371	-24.8637	5.20916	116.411	1.14028	20.7084	-1.37201	-1.61508	29.981	1369.17	462.971	-92.6128	4971.16	6.59448e-006	352.79
39.2007	2.97098	12.9969	8.56434	130.765	0.524268	23.4485	1.9933	1.15363	29.9741	1368.57	461.453	-93.5403	4970.55	0.000464373	354.604
39.2013	4.48913	73.712	12.535	117.043	0.222814	20.7084	3.20999	9.05597	29.9741	1369.49	461.613	-92.7755	4971.31	0.000311811	356.441
39.2020	5.10944	78.8606	16.5057	62.6966	0.222814	9.11593	3.20999	9.97887	29.9741	1371.6	463.131	-90.3349	4973.6	0.000464373	357.812
39.2027	4.48913	64.5451	16.5057	8.71162	0.222814	3.92565	2.89935	4.21074	29.9741	1373.75	463.85	-88.9519	4974.82	0.000464373	359.347
39.2033	2.36699	70.9494	16.1979	-15.708	0.825722	9.7219	3.20999	0.519132	29.9741	1375.43	464.809	-87.5852	4976.2	-0.000145967	360.556
39.2040	0.832529	66.3659	12.535	-31.2806	1.14028	13.9901	2.30395	1.15363	29.9741	1375.59	464.969	-86.9832	4976.81	-0.000298575	361.626
39.2047	1.43652	53.2434	-3.33266	-66.0819	1.44174	16.7301	0.465967	1.15363	29.9741	1374.08	462.492	-88.6591	4974.98	-0.000145967	362.695
39.2053	2.97098	46.5252	-19.2003	-110.949	1.74319	21.9204	-0.465967	-0.980582	29.9741	1373	460.654	-89.2611	4974.67	6.59448e-006	363.765
39.2060	3.28114	23.3568	-7.91132	-110.001	2.05775	24.0545	-1.06137	-0.403769	29.9741	1372.84	459.935	-88.9519	4974.98	6.59448e-006	364.834
39.2067	0.228537	-13.8759	22.9083	-65.766	1.14028	21.0246	-2.27806	3.86465	29.9741	1373	459.136	-89.1146	4974.52	0.000159203	366.369
39.2073	-2.82407	-28.5053	36.3365	-26.4057	0.222814	6.98185	-0.465967	7.21016	29.9682	1373	458.656	-89.1146	4974.37	-0.000145967	367.88
39.2080	-3.73822	-18.4594	31.7579	-8.98245	-0.393201	-15.3074	1.9933	8.76756	29.9622	1372.68	457.458	-89.5702	4973.91	-0.000603745	368.81
39.2087	-4.04838	-11.4272	28.7104	-5.05545	-0.694655	-29.034	2.5887	9.97887	29.9622	1373	457.138	-89.1146	4974.67	6.59448e-006	369.88
39.2093	-4.04838	-16.6386	25.6555	-3.52076	0.524268	-29.3501	3.52064	9.69046	29.9622	1374.67	458.337	-87.276	4976.81	0.000464373	371.693
39.2100	-3.73822	-15.6968	12.8428	-2.57286	0.825722	-23.2377	4.42668	8.76756	29.9563	1375.75	458.976	-86.0557	4978.03	0.000159203	372.461
39.2107	-2.82407	9.60642	-7.91132	-2.88883	-0.393201	-18.9696	3.83128	8.76756	29.9563	1375.43	458.496	-86.2185	4977.88	6.59448e-006	372.926
39.2113	-0.0816205	42.8836	-31.7128	-5.32628	-2.83105	-22.3156	1.68266	8.76756	29.9563	1374.67	457.458	-87.5852	4975.89	6.59448e-006	375.065
39.2120	0.228537	47.781	-46.0568	-7.76372	-4.35142	-25.688	-0.465967	7.84466	29.9563	1373.27	455.14	-89.1146	4973.75	-0.000298575	377.204
39.2127	-5.27268	26.1194	-37.8227	-7.17693	-4.66598	-11.0392	-1.37201	5.99886	29.9563	1371.92	453.303	-90.0258	4972.69	-0.000451137	378.576
39.2133	-10.4637	12.3691	-19.2003	-3.83672	-4.04997	10.3279	-2.27806	5.99886	29.9563	1371.16	451.625	-90.6441	4972.38	-0.000451137	379.948
39.2140	-10.4637	8.97855	-10.9663	-1.35414	-3.74852	13.3841	-3.20999	5.07595	29.9563	1370.68	450.266	-90.937	4972.23	-0.000298575	381.017
39.2147	-10.4637	3.51608	-11.5742	1.08331	-4.35142	4.53162	-4.42668	2.36493	29.9504	1371.16	450.106	-90.7905	4972.53	0.000159203	382.389
39.2153	-11.0677	-1.69525	-9.43503	0.451379	-3.44706	2.39754	-6.23878	1.44203	29.9504	1372.08	450.905	-90.1722	4973.45	0.000311811	383.598
39.2160	-9.23944	-4.14395	-7.60357	-4.42352	-1.61212	6.98185	-6.86007	1.15363	29.9435	1372.51	451.225	-89.7167	4973.91	0.000159203	385.133
39.2167	-8.32529	-6.84379	-8.5193	-5.05545	0.222814	12.1721	-5.33273	-0.692176	29.9435	1372.68	450.586	-89.7167	4973.75	6.59448e-006	386.807
39.2173	-6.18683	-8.7274	-8.21906	-0.451379	1.74319	19.7863	-4.11604	-0.403769	29.9435	1372.35	450.426	-89.7167	4973.75	-0.000298575	387.876
39.2180	1.43652	-9.92036	-7.60357	1.98607	2.35921	28.6388	-4.11604	2.65334	29.9435	1372.35	450.266	-89.7167	4973.45	-0.000451137	388.946
39.2187	7.85189	-15.6968	-3.94815	2.88883	1.44174	37.2014	-3.8054	5.71045	29.9435	1371.76	449.227	-90.6441	4972.69	-0.000298575	390.178
39.2193	10.5943	-16.0107	-3.33266	3.52076	0.825722	47.2658	-3.8054	5.99886	29.9435	1370.08	447.39	-92.1573	4971.31	-0.000145967	391.689
39.2200	9.99035	11.1133	-14.9294	2.30203	0.524268	49.0837	-3.49475	2.36493	29.9376	1369.17	446.031	-92.7755	4970.09	0.000159203	393.666
39.2207	3.28114	34.3445	-27.4419	1.6701	1.74319	37.8074	-1.96742	-0.403769	29.9376	1369.49	445.392	-92.32	4970.7	0.000464373	395.503
39.2213	2.97098	20.9081	-27.1342	2.88883	6.01597	17.3624	-1.37201	-0.692176	29.9317	1370.25	445.712	-91.3925	4971.92	0.000464373	396.27
39.2220	17.9239	4.70903	-18.9001	4.10755	10.2888	-9.51113	-1.37201	-1.32667	29.9317	1371.92	446.59	-89.8794	4973.3	0.000464373	397.339
39.2227	24.0291	1.69525	-12.49	5.32628	11.5077	-29.034	-0.155322	-0.980582	29.9257	1373.43	447.709	-88.6591	4974.82	0.000159203	398.711
39.2233	7.2479	0.753445	-9.13479	5.32628	9.9873	-33.0123	1.06137	-0.115363	29.9257	1374.19	448.189	-87.5852	4976.35	0.000311811	399.618
39.2240	-10.1536	0.125574	-8.82705	4.73948	7.2349	-29.034	1.06137	0.519132	29.9257	1374.83	448.189	-87.276	4976.5	0.000311811	401.153
39.2247	-19.3114	-2.26033	-9.13479	4.73948	4.19414	-24.7658	0.465967	0.230725	29.9257	1374.08	446.59	-88.3499	4975.13	0.000311811	402.385
39.2253	-20.2256	-3.51608	-5.47187	3.83672	1.14028	-20.7875	0.465967	-0.115363	29.9198	1372.84	444.912	-88.4964	4974.52	0.000159203	403.431
39.2260	-11.3779	-1.69525	0.938249	-0.451379	-0.996109	-16.5193	1.68266	-0.692176	29.9198	1373	444.193	-88.6591	4974.67	-0.000145967	404.966
39.2267	-0.99577	-0.753445	3.99319	-5.64224	-4.04997	-13.4631	2.89935	-0.115363	29.9139	1373.27	443.874	-88.9519	4974.98	-0.000145967	406.5
39.2273	4.19529	-1.69525	2.46197	13.2706	-9.85624	-11.0392	2.30395	0.519132	29.907	1373.27	443.394	-88.9519	4974.98	6.59448e-006	408.174
39.2280	2.05684	-5.02297	3.3777	56.603	-12.897	-8.27284	1.9933	0.230725	29.907	1373.16	442.835	-88.9519	4974.52	-0.000145967	409.849
39.2287	-2.82407	-8.41347	14.3665	81.0226	-9.85624	-4.61066	2.89935	0.519132	29.9011	1373.75	442.995	-87.7316	4975.74	-0.000298575	410.755
39.2293	-5.87667	-9.29249	30.8421	85.5815	-5.88491	-1.87061	3.83128	1.44203	29.9011	1375.1	442.835	-86.8205	4976.96	-0.000145967	412.15
39.2300	-1.59976	-8.09953	37.56	94.4737	-4.96744	-1.87061	2.30395	2.01885	29.907	1375.86	442.196	-86.8205	4976.81	0.000159203	413.522
39.2307	12.7328	-6.59264	28.7104	75.8317	-4.35142	-2.18677	-0.155322	1.15363	29.907	1376.02	442.036	-86.0557	4977.26	-0.000145967	414.592
39.2313	21.8906	-4.70903	24.1318	27.3084	-3.44706	-1.5808	-0.465967	-1.32667	29.9011	1374.83	440.518	-87.1296	4976.5	-0.000298575	415.499
39.2320	15.7854	-2.00919	36.3365	-1.08331	-1.31067	-0.948478	-1.06137	-2.82638	29.9011	1373	437.481	-89.4238	4974.21	6.59448e-006	417.033
39.2327	7.54173	0.43951	47.0175	-17.8746	-0.393201	-1.26464	-2.27806	-4.03769	29.8952	1371.76	435.484	-90.1722	4972.84	-0.000145967	418.707
39.2333	6.02359	4.39509	51.296	-25.5029	-0.694655	0.869438	-1.96742	-4.96059	29.9011	1370.68	433.806	-90.7905	4972.08	-0.000451137	420.219
39.2340	5.4196	6.27871	49.4645	-16.6108	-0.393201	4.53162	-1.06137	-3.74928	29.8952	1370.57	432.287	-91.3925	4972.08	-0.000451137	421.59
39.2347	1.74668	1.38132	20.1611	-25.5029	-0.0786402	6.98185	-0.750724	-1.90348	29.8833	1371.16	431.968	-90.6441	4972.84	-0.000298575	423.125
39.2353	-2.22008	-6.27871	-17.6766	-55.3842	-0.0786402	7.27167	-0.465967	-1.61508	29.8893	1371.92	431.808	-90.0258	4973.14	-0.000145967	424.497
39.2360	-7.10098	-13.8759	-23.779	-75.5158	-0.393201	5.45375	0.155322	-1.90348	29.8893	1372.24	431.249	-90.1722	4972.99	-0.000145967	425.869
39.2367	-13.2062	-19.0873	-12.7977	-62.4258	-0.393201	0.869438	0.776611	-0.980582	29.8833	1372.24	430.609	-90.0258	4973.3	-0.000145967	427.24
39.2373	-13.2062	-21.8499	-22.2553	-11.465	-0.0786402	-4.32085	3.20999	-0.403769	29.8833	1372.08	429.651	-89.8794	4973.45	-0.000145967	428.31
39.2380	-7.41114	-23.3568	-46.0568	50.1934	0.524268	-6.13876	5.95402	-0.403769	29.8833	1372.35	428.931	-89.8794	4973.3	6.59448e-006	429.682
39.2387	-4.04838	-21.222	-52.4669	84.3628	0.524268	-4.32085	5.33273	-0.403769	29.8764	1371.76	427.733	-90.6441	4972.99	6.59448e-006	431.356
39.2393	-4.04838	-15.6968	-38.1229	91.0883	-0.996109	0.579626	1.68266	-0.692176	29.8764	1370.57	425.416	-91.8644	4971.92	0.000159203	432.89
39.2400	-5.87667	-16.9525	-16.7609	78.9011	-2.21503	6.98185	1.06137	0.230725	29.8646	1369.65	423.258	-92.6128	4970.55	0.000311811	434.262
39.2407	-7.41114	-22.101	-3.03242	31.5966	-2.83105	13.7002	3.20999	1.15363	29.8646	1369.49	422.379	-92.6128	4970.55	6.59448e-006	435.634
39.2413	-6.18683	0.125574	-0.285228	-47.1691	-2.83105	19.1803	3.20999	0.519132	29.8646	1370.84	422.859	-91.5552	4971.92	0.000311811	436.866
39.2420	-4.96252	29.1332	3.68544	-101.47	-2.83105	24.6868	2.30395	-0.980582	29.8646	1372.24	423.738	-89.8794	4973.75	0.000311811	437.634
39.2427	-3.13423	29.1332	7.95635	-93.8418	-3.1325	26.8209	3.20999	-2.24957	29.8646	1373.16	424.617	-88.6591	4975.28	0.000159203	438.68
39.2433	0.832529	15.3828	3.99319	-59.6723	-2.21503	19.7863	4.73733	-3.46088	29.8646	1374.35	424.617	-87.8943	4975.89	0.000311811	440.215
39.2440	2.66083	6.84379	-3.64041	-31.2806	-1.31067	4.84778	4.42668	-3.11479	29.8587	1374.35	423.258	-87.8943	4976.04	0.000311811	441.749
39.2447	2.36699	4.70903	-7.30333	-12.0518	-0.0786402	-11.935	1.68266	-1.61508	29.8587	1373.59	421.74	-88.6591	4975.28	0.000159203	443.26
39.2453	1.74668	2.57427	-7.30333	-6.86097	0.524268	-19.5755	-1.06137	-2.53798	29.8528	1373.27	420.062	-89.2611	4974.21	6.59448e-006	444.493
39.2460	2.36699	1.06738	-7.30333	-12.6838	2.05775	-18.6534	-2.27806	-3.11479	29.8528	1373.27	418.704	-89.2611	4974.37	0.000311811	446.004
39.2467	2.97098	1.06738	-7.30333	-16.6108	6.63199	-14.9912	-1.06137	-2.24957	29.8459	1373.27	418.224	-89.2611	4974.67	0.000311811	448.004
39.2473	2.05684	0.125574	-3.64041	-8.39565	9.9873	-8.589	0.465967	-0.403769	29.8459	1373.27	417.026	-89.2611	4974.06	-0.000298575	449.213
39.2480	1.74668	-0.43951	0.630503	14.4893	7.85091	-2.79274	1.9933	2.01885	29.8459	1373.27	415.348	-89.2611	4974.06	-0.000603745	450.445
39.2487	2.05684	-0.125574	2.76971	31.2806	3.27667	0.263466	3.20999	3.57624	29.84	1373.59	414.149	-89.1146	4974.98	-0.000603745	450.887
39.2493	1.74668	-0.125574	4.60117	36.7874	1.44174	4.24181	2.5887	2.94175	29.834	1374.51	413.829	-88.2035	4975.74	-0.000451137	451.956
39.2500	2.66083	-0.125574	6.43264	46.5372	2.35921	9.11593	2.30395	1.15363	29.834	1375.43	414.309	-86.8205	4976.5	6.59448e-006	458.536
39.2507	3.28114	0.125574	6.74038	56.0162	2.05775	13.0679	2.30395	-0.115363	29.8281	1375.75	413.19	-86.5113	4977.26	0.000159203	445.097
39.2513	3.57498	-0.753445	4.29343	67.8875	2.05775	12.4619	1.68266	-1.61508	29.8281	1375	410.633	-87.5852	4976.35	6.59448e-006	463.094
39.2520	2.97098	-2.57427	1.85398	64.8632	5.41307	8.79977	0.465967	-3.46088	29.8281	1373.27	407.277	-89.2611	4974.21	-0.000298575	464.931
39.2527	1.14269	-3.83001	2.46197	35.5687	9.68585	6.37588	-0.155322	-4.03769	29.8222	1371.76	404.081	-90.937	4972.84	-0.000298575	208.424
